contador_id,pais,ciudad,nivel_partner,certificado,en_directorio,usa_siigo_contador,clientes_referidos,clientes_activos,arr_referido_usd,antiguedad_meses,meses_sin_referir,nps,activo_ultimos_6m
1,Colombia,Montería,Bronce,False,False,True,4,3,1800.0,16,4,8,True
2,Colombia,Bogotá D.C.,Bronce,False,False,False,0,0,0.0,72,1,4,True
3,Perú,—,Plata,True,True,True,21,19,10553.0,73,5,3,True
4,Colombia,Bogotá D.C.,Bronce,True,False,True,0,0,0.0,51,4,6,True
5,Colombia,Medellín,Bronce,True,False,True,1,0,0.0,72,4,6,True
6,Ecuador,—,Plata,True,False,True,10,7,3745.0,4,6,8,True
7,México,—,Bronce,False,False,True,0,0,0.0,10,3,5,True
8,Colombia,Otras ciudades,Bronce,False,False,True,0,0,0.0,12,5,5,True
9,Colombia,Bogotá D.C.,Bronce,False,False,False,0,0,0.0,14,0,7,True
10,Perú,—,Bronce,False,False,True,5,4,2461.0,24,2,8,True
11,Colombia,Bogotá D.C.,Bronce,False,False,True,0,0,0.0,5,0,6,True
12,México,—,Bronce,False,False,False,5,4,1156.0,7,8,6,False
13,Colombia,Bucaramanga,Platino,False,True,True,68,61,29123.0,29,4,6,True
14,Colombia,Bogotá D.C.,Bronce,True,False,True,0,0,0.0,12,13,6,False
15,Colombia,Medellín,Bronce,True,True,True,7,4,1420.0,22,0,7,True
16,Colombia,Barranquilla,Bronce,False,False,False,7,6,3355.0,71,5,4,True
17,Colombia,Medellín,Bronce,False,False,True,1,0,0.0,58,4,10,True
18,Colombia,Cúcuta,Bronce,False,False,True,3,2,1175.0,22,0,6,True
19,Colombia,Medellín,Bronce,False,False,True,2,1,435.0,1,7,5,False
20,Ecuador,—,Bronce,False,False,True,0,0,0.0,5,1,9,True
21,Colombia,Bogotá D.C.,Bronce,True,False,False,7,5,2599.0,65,4,9,True
22,Uruguay,—,Bronce,True,False,True,0,0,0.0,17,6,10,True
23,Colombia,Pereira,Bronce,False,False,True,4,3,874.0,10,10,7,False
24,México,—,Bronce,False,False,True,1,0,0.0,2,9,10,False
25,Colombia,Medellín,Bronce,False,False,True,6,4,2231.0,21,4,10,True
26,Perú,—,Bronce,True,False,True,0,0,0.0,33,2,7,True
27,Colombia,Medellín,Bronce,True,False,True,3,2,1348.0,3,2,7,True
28,Colombia,Bogotá D.C.,Plata,True,False,True,20,12,6713.0,33,3,6,True
29,México,—,Bronce,True,True,True,1,0,0.0,59,3,8,True
30,Colombia,Bogotá D.C.,Bronce,True,False,True,4,3,894.0,23,4,7,True
31,Colombia,Medellín,Bronce,True,False,True,0,0,0.0,10,0,7,True
32,Ecuador,—,Bronce,True,True,True,0,0,0.0,5,3,6,True
33,Colombia,Bogotá D.C.,Bronce,True,False,True,0,0,0.0,14,4,7,True
34,México,—,Bronce,True,True,True,0,0,0.0,47,6,5,True
35,Colombia,Otras ciudades,Bronce,False,False,True,2,1,395.0,6,12,10,False
36,Perú,—,Bronce,True,False,False,0,0,0.0,20,4,4,True
37,Perú,—,Bronce,False,True,True,0,0,0.0,2,4,8,True
38,Colombia,Bucaramanga,Bronce,True,True,False,1,0,0.0,37,7,8,False
39,Colombia,Bogotá D.C.,Bronce,True,True,True,0,0,0.0,43,14,3,False
40,Colombia,Montería,Bronce,True,False,True,3,2,1081.0,71,21,6,False
41,Ecuador,—,Bronce,False,False,True,6,4,2376.0,20,9,5,False
42,México,—,Oro,False,True,False,42,37,9065.0,19,4,9,True
43,Colombia,Neiva,Bronce,True,True,False,3,2,812.0,5,4,8,True
44,Colombia,Cali,Bronce,True,False,True,7,4,1779.0,32,13,9,False
45,México,—,Plata,False,False,True,9,6,3607.0,7,3,9,True
46,Ecuador,—,Bronce,False,False,True,6,3,1496.0,61,1,9,True
47,Colombia,Cartagena,Bronce,True,False,True,3,2,960.0,17,0,10,True
48,Ecuador,—,Bronce,True,False,True,6,4,2251.0,5,10,7,False
49,México,—,Plata,False,False,True,11,6,3373.0,63,3,9,True
50,Chile,—,Plata,True,False,True,15,12,6905.0,19,3,9,True
51,Chile,—,Bronce,False,False,True,3,2,1009.0,60,2,8,True
52,Colombia,Cali,Bronce,False,False,True,0,0,0.0,7,12,7,False
53,Colombia,Barranquilla,Bronce,True,True,True,2,1,464.0,11,3,8,True
54,México,—,Bronce,False,False,True,0,0,0.0,56,8,5,False
55,Colombia,Bucaramanga,Bronce,True,False,True,2,1,494.0,59,6,8,True
56,México,—,Bronce,True,False,True,0,0,0.0,52,3,10,True
57,Colombia,Otras ciudades,Platino,False,False,True,90,75,43384.0,36,3,5,True
58,Ecuador,—,Bronce,True,False,True,2,1,405.0,21,4,7,True
59,Perú,—,Bronce,False,False,False,2,1,430.0,2,2,10,True
60,Colombia,Medellín,Bronce,True,True,True,2,1,585.0,48,9,8,False
61,Colombia,Cali,Bronce,False,True,True,4,2,1097.0,19,5,6,True
62,Colombia,Villavicencio,Bronce,True,False,True,0,0,0.0,52,4,7,True
63,Colombia,Cali,Bronce,False,True,False,0,0,0.0,13,2,7,True
64,Colombia,Bogotá D.C.,Bronce,True,False,False,7,5,1513.0,46,2,9,True
65,Colombia,Bogotá D.C.,Bronce,False,True,False,6,5,3093.0,26,18,7,False
66,Colombia,Bogotá D.C.,Bronce,False,False,True,6,3,1586.0,16,3,10,True
67,Colombia,Cartagena,Bronce,True,True,True,0,0,0.0,10,2,10,True
68,Ecuador,—,Bronce,True,True,True,2,1,338.0,20,1,5,True
69,Uruguay,—,Plata,False,False,True,8,6,3361.0,19,1,6,True
70,Colombia,Bogotá D.C.,Bronce,False,False,True,0,0,0.0,46,5,10,True
71,México,—,Platino,False,False,True,80,51,25374.0,70,1,4,True
72,Colombia,Manizales,Bronce,True,True,False,1,0,0.0,17,2,7,True
73,Colombia,Popayán,Bronce,True,False,True,5,3,1444.0,29,1,6,True
74,México,—,Bronce,False,True,True,3,2,1021.0,64,21,2,False
75,Colombia,Medellín,Bronce,False,True,True,2,1,557.0,65,10,9,False
76,Colombia,Bogotá D.C.,Bronce,False,False,True,1,0,0.0,41,2,6,True
77,México,—,Bronce,True,False,False,6,4,2926.0,15,1,8,True
78,Uruguay,—,Bronce,False,True,True,2,1,370.0,11,6,10,True
79,Colombia,Bogotá D.C.,Bronce,True,True,True,6,5,2749.0,41,4,5,True
80,Colombia,Bogotá D.C.,Plata,True,True,True,14,11,7182.0,4,2,10,True
81,México,—,Bronce,False,False,True,0,0,0.0,16,19,6,False
82,México,—,Bronce,False,False,True,0,0,0.0,51,7,10,False
83,México,—,Bronce,False,True,True,0,0,0.0,14,2,10,True
84,Colombia,Bogotá D.C.,Bronce,True,True,False,0,0,0.0,124,7,5,False
85,Colombia,Sincelejo,Bronce,False,False,True,4,2,1119.0,32,2,7,True
86,Colombia,Santa Marta,Bronce,False,False,True,3,1,537.0,66,2,10,True
87,México,—,Bronce,True,False,True,0,0,0.0,24,2,10,True
88,México,—,Bronce,True,False,False,3,1,521.0,15,6,7,True
89,Colombia,Cúcuta,Bronce,True,False,False,0,0,0.0,14,5,8,True
90,Colombia,Bogotá D.C.,Bronce,False,True,True,0,0,0.0,20,1,10,True
91,Colombia,Bogotá D.C.,Oro,False,False,True,31,20,3360.0,13,4,10,True
92,Ecuador,—,Bronce,False,True,True,0,0,0.0,40,4,8,True
93,Colombia,Otras ciudades,Bronce,False,False,True,1,0,0.0,8,0,6,True
94,Colombia,Bogotá D.C.,Bronce,False,True,True,1,0,0.0,21,9,7,False
95,Colombia,Bucaramanga,Bronce,False,True,True,1,0,0.0,10,1,8,True
96,Colombia,Cartagena,Bronce,True,False,True,5,4,2633.0,62,5,9,True
97,Colombia,Bogotá D.C.,Bronce,False,False,True,3,2,914.0,35,2,4,True
98,Colombia,Bogotá D.C.,Bronce,True,False,True,2,1,548.0,16,4,8,True
99,Colombia,Cali,Bronce,True,False,True,1,0,0.0,11,3,7,True
100,Ecuador,—,Bronce,False,False,True,0,0,0.0,8,1,3,True
101,Colombia,Bogotá D.C.,Bronce,True,False,True,0,0,0.0,11,6,8,True
102,Perú,—,Bronce,False,False,True,6,4,2309.0,1,1,8,True
103,Ecuador,—,Bronce,False,False,True,0,0,0.0,18,4,6,True
104,Colombia,Medellín,Bronce,False,False,False,6,3,1144.0,11,10,3,False
105,Colombia,Bogotá D.C.,Bronce,True,False,True,0,0,0.0,21,12,5,False
106,México,—,Bronce,False,False,True,1,0,0.0,36,3,10,True
107,Colombia,Valledupar,Bronce,True,False,True,2,1,400.0,47,3,4,True
108,Ecuador,—,Bronce,True,False,False,1,0,0.0,10,7,5,False
109,Colombia,Bogotá D.C.,Bronce,False,False,False,1,0,0.0,64,2,7,True
110,Ecuador,—,Oro,False,False,True,29,23,13115.0,27,6,6,True
111,México,—,Bronce,True,False,False,3,2,981.0,36,0,7,True
112,Colombia,Medellín,Bronce,True,False,True,5,2,860.0,36,1,8,True
113,Colombia,Cali,Plata,False,True,True,13,9,4107.0,13,6,8,True
114,Colombia,Bogotá D.C.,Bronce,False,False,True,5,3,1151.0,5,3,9,True
115,Colombia,Otras ciudades,Bronce,False,False,True,2,1,633.0,39,3,4,True
116,México,—,Bronce,True,False,True,1,0,0.0,37,5,9,True
117,Colombia,Pereira,Bronce,True,False,True,0,0,0.0,8,2,7,True
118,Ecuador,—,Bronce,False,True,True,1,0,0.0,39,6,6,True
119,Colombia,Bogotá D.C.,Bronce,False,True,True,0,0,0.0,13,2,3,True
120,Colombia,Barranquilla,Bronce,True,False,False,1,0,0.0,39,3,6,True
121,Colombia,Barranquilla,Bronce,False,True,True,2,1,539.0,9,2,2,True
122,Colombia,Valledupar,Bronce,False,False,True,0,0,0.0,16,9,7,False
123,Colombia,Cartagena,Bronce,True,True,True,0,0,0.0,6,7,5,False
124,Colombia,Bogotá D.C.,Bronce,True,False,True,2,1,418.0,32,2,7,True
125,Colombia,Bogotá D.C.,Bronce,True,True,True,2,1,450.0,73,3,7,True
126,Colombia,Bogotá D.C.,Bronce,True,True,True,0,0,0.0,13,0,10,True
127,Colombia,Cartagena,Bronce,False,False,True,0,0,0.0,25,2,5,True
128,Colombia,Ibagué,Bronce,False,False,True,0,0,0.0,11,2,4,True
129,Colombia,Bogotá D.C.,Plata,False,False,True,21,13,4222.0,19,3,10,True
130,Colombia,Bogotá D.C.,Bronce,True,False,False,1,0,0.0,18,8,10,False
131,Colombia,Otras ciudades,Bronce,False,False,True,5,3,1447.0,46,5,10,True
132,Colombia,Cali,Bronce,True,False,False,3,2,886.0,20,14,8,False
133,México,—,Bronce,False,False,True,0,0,0.0,3,3,6,True
134,Colombia,Cali,Oro,False,False,True,42,24,12116.0,8,4,10,True
135,Colombia,Bogotá D.C.,Bronce,False,False,False,7,4,1927.0,31,7,5,False
136,México,—,Bronce,True,False,True,2,1,534.0,14,2,10,True
137,Colombia,Cúcuta,Bronce,False,False,True,4,2,1047.0,29,2,10,True
138,Ecuador,—,Bronce,False,False,True,2,1,627.0,32,3,10,True
139,Ecuador,—,Bronce,True,False,True,2,1,633.0,13,10,8,False
140,Colombia,Barranquilla,Bronce,False,False,False,3,2,1038.0,31,2,6,True
141,Colombia,Bogotá D.C.,Bronce,False,False,True,0,0,0.0,7,10,7,False
142,Colombia,Medellín,Bronce,False,False,True,3,1,542.0,51,5,6,True
143,México,—,Bronce,False,False,False,1,0,0.0,31,14,10,False
144,Colombia,Neiva,Bronce,False,False,True,2,1,356.0,13,1,4,True
145,Colombia,Bogotá D.C.,Bronce,False,False,True,6,4,1398.0,64,1,10,True
146,Colombia,Otras ciudades,Plata,True,False,True,8,6,1992.0,36,6,10,True
147,México,—,Bronce,True,False,True,1,0,0.0,25,5,8,True
148,Colombia,Barranquilla,Bronce,True,True,False,1,0,0.0,5,2,10,True
149,Colombia,Montería,Bronce,False,False,True,5,3,1519.0,25,2,7,True
150,Colombia,Manizales,Bronce,False,False,False,0,0,0.0,14,0,9,True
151,Perú,—,Bronce,False,False,True,6,4,1644.0,35,5,7,True
152,Colombia,Medellín,Plata,True,False,True,10,6,2571.0,14,12,8,False
153,Colombia,Bucaramanga,Bronce,True,True,True,2,1,579.0,7,2,5,True
154,Colombia,Cali,Bronce,False,False,True,2,1,632.0,49,1,6,True
155,Colombia,Barranquilla,Bronce,False,False,True,1,0,0.0,11,3,6,True
156,Colombia,Cali,Bronce,False,False,True,2,1,508.0,2,1,5,True
157,Ecuador,—,Platino,True,False,True,124,108,67212.0,4,3,7,True
158,México,—,Bronce,False,False,False,2,1,271.0,58,5,7,True
159,Colombia,Cúcuta,Bronce,True,False,True,0,0,0.0,51,2,10,True
160,Colombia,Manizales,Bronce,False,True,True,2,1,458.0,13,5,7,True
161,Colombia,Cartagena,Plata,True,False,True,8,7,2902.0,4,15,4,False
162,México,—,Bronce,False,False,True,2,1,675.0,23,2,6,True
163,México,—,Bronce,True,False,True,3,2,1105.0,22,4,8,True
164,México,—,Platino,True,True,True,78,71,33673.0,19,2,7,True
165,Colombia,Barranquilla,Bronce,True,True,True,1,0,0.0,33,7,4,False
166,Perú,—,Bronce,False,True,True,0,0,0.0,17,1,6,True
167,Perú,—,Bronce,True,False,True,3,2,1012.0,45,13,9,False
168,Colombia,Manizales,Plata,True,False,False,22,14,8055.0,22,14,5,False
169,México,—,Bronce,True,False,True,0,0,0.0,36,11,8,False
170,Colombia,Medellín,Bronce,False,False,False,0,0,0.0,62,1,8,True
171,Colombia,Santa Marta,Bronce,True,False,True,0,0,0.0,15,7,9,False
172,Colombia,Pasto,Bronce,True,False,True,0,0,0.0,13,9,6,False
173,México,—,Oro,False,False,True,48,39,10729.0,34,5,10,True
174,México,—,Plata,True,False,True,13,8,3609.0,23,4,6,True
175,Ecuador,—,Bronce,False,False,False,5,3,1317.0,31,18,8,False
176,México,—,Plata,True,False,True,11,9,4851.0,19,8,10,False
177,Colombia,Bogotá D.C.,Bronce,False,False,True,5,3,1608.0,16,12,9,False
178,Colombia,Medellín,Bronce,True,True,True,3,2,667.0,28,11,6,False
179,Colombia,Bogotá D.C.,Bronce,False,True,True,2,1,540.0,43,1,9,True
180,Colombia,Barranquilla,Bronce,True,True,True,0,0,0.0,31,3,8,True
181,Colombia,Cali,Bronce,True,False,True,4,3,2088.0,14,7,8,False
182,México,—,Bronce,True,False,True,0,0,0.0,46,9,10,False
183,Perú,—,Plata,False,True,True,15,11,6193.0,45,0,3,True
184,Colombia,Bogotá D.C.,Bronce,False,False,True,3,2,1095.0,18,2,8,True
185,Uruguay,—,Bronce,False,True,False,0,0,0.0,16,5,8,True
186,México,—,Bronce,True,False,True,1,0,0.0,17,5,10,True
187,Colombia,Cali,Bronce,True,False,True,0,0,0.0,17,3,7,True
188,México,—,Bronce,False,False,True,1,0,0.0,28,2,7,True
189,Colombia,Bogotá D.C.,Plata,False,False,True,13,8,4970.0,18,1,6,True
190,Colombia,Cali,Bronce,False,False,True,4,2,718.0,16,1,8,True
191,Colombia,Otras ciudades,Oro,True,False,True,35,27,15726.0,7,6,7,True
192,México,—,Bronce,False,True,False,1,0,0.0,6,13,5,False
193,Chile,—,Bronce,False,False,True,6,4,1471.0,55,1,5,True
194,Perú,—,Bronce,True,True,False,6,3,1880.0,10,2,7,True
195,Colombia,Otras ciudades,Bronce,True,False,True,0,0,0.0,33,13,6,False
196,Colombia,Bogotá D.C.,Bronce,False,True,True,3,2,1027.0,24,4,6,True
197,Colombia,Ibagué,Bronce,False,False,False,5,3,1080.0,18,0,8,True
198,Colombia,Bogotá D.C.,Plata,False,True,True,19,11,4926.0,29,0,6,True
199,Colombia,Medellín,Oro,True,False,True,45,40,19069.0,49,5,9,True
200,Uruguay,—,Bronce,True,False,True,0,0,0.0,73,15,5,False
201,Colombia,Villavicencio,Bronce,True,False,True,0,0,0.0,5,4,6,True
202,Colombia,Ibagué,Bronce,False,False,True,7,4,2395.0,7,9,9,False
203,Colombia,Cali,Bronce,False,False,True,1,0,0.0,16,0,6,True
204,México,—,Bronce,True,False,True,1,0,0.0,15,14,6,False
205,Colombia,Bogotá D.C.,Bronce,True,False,True,3,2,745.0,8,3,5,True
206,Ecuador,—,Plata,False,False,False,9,5,2110.0,26,9,10,False
207,México,—,Bronce,False,False,False,0,0,0.0,11,0,10,True
208,Colombia,Otras ciudades,Plata,False,False,True,13,10,4873.0,32,0,8,True
209,México,—,Bronce,False,False,False,7,5,2266.0,3,1,6,True
210,Colombia,Bogotá D.C.,Bronce,False,True,False,3,2,1387.0,47,25,8,False
211,Colombia,Bogotá D.C.,Bronce,True,False,True,0,0,0.0,16,6,6,True
212,Perú,—,Bronce,False,False,True,1,0,0.0,45,13,10,False
213,Ecuador,—,Bronce,True,True,False,2,1,386.0,28,0,8,True
214,Colombia,Bogotá D.C.,Bronce,True,True,True,1,0,0.0,7,15,9,False
215,Uruguay,—,Bronce,False,False,False,0,0,0.0,21,5,10,True
216,Perú,—,Bronce,False,True,True,1,0,0.0,7,6,9,True
217,México,—,Bronce,True,True,True,0,0,0.0,22,6,6,True
218,Colombia,Bogotá D.C.,Bronce,True,False,True,0,0,0.0,25,9,8,False
219,México,—,Bronce,False,False,True,0,0,0.0,20,9,10,False
220,Colombia,Bogotá D.C.,Bronce,True,False,False,1,0,0.0,1,0,10,True
221,México,—,Bronce,False,False,True,0,0,0.0,14,2,10,True
222,México,—,Bronce,False,True,True,0,0,0.0,38,12,8,False
223,Colombia,Barranquilla,Bronce,True,False,True,0,0,0.0,22,3,3,True
224,México,—,Oro,False,False,True,46,37,17877.0,48,12,9,False
225,Perú,—,Bronce,True,True,False,1,0,0.0,61,1,10,True
226,Perú,—,Plata,False,False,True,13,9,4580.0,12,6,4,True
227,Uruguay,—,Bronce,False,False,False,4,2,649.0,28,5,8,True
228,Colombia,Pereira,Plata,True,False,True,10,8,3162.0,138,4,6,True
229,Colombia,Cali,Plata,False,True,True,14,11,5551.0,5,0,7,True
230,Colombia,Medellín,Bronce,False,False,True,2,1,507.0,47,14,6,False
231,Colombia,Bogotá D.C.,Bronce,True,False,True,0,0,0.0,22,5,7,True
232,Ecuador,—,Bronce,True,False,True,4,2,723.0,1,1,9,True
233,México,—,Bronce,False,False,True,2,1,525.0,37,6,5,True
234,Colombia,Bogotá D.C.,Plata,False,False,True,8,7,5688.0,11,3,9,True
235,Colombia,Santa Marta,Bronce,True,False,True,2,1,433.0,17,8,8,False
236,Colombia,Medellín,Plata,True,False,True,9,7,3749.0,15,13,8,False
237,Colombia,Pereira,Bronce,False,False,True,2,1,670.0,1,4,8,True
238,Colombia,Medellín,Bronce,False,True,True,1,0,0.0,18,13,10,False
239,Ecuador,—,Bronce,False,False,True,0,0,0.0,3,12,10,False
240,Colombia,Bucaramanga,Plata,True,False,True,9,6,2930.0,53,3,5,True
241,México,—,Bronce,True,False,True,3,1,448.0,40,1,10,True
242,México,—,Plata,True,False,True,12,7,3468.0,42,2,8,True
243,Ecuador,—,Bronce,True,False,False,2,1,806.0,5,9,6,False
244,Colombia,Bogotá D.C.,Plata,True,False,True,10,8,4784.0,16,6,10,True
245,Colombia,Bogotá D.C.,Bronce,True,False,True,4,3,1699.0,28,21,6,False
246,Perú,—,Bronce,False,False,True,3,1,507.0,28,7,4,False
247,Ecuador,—,Bronce,True,False,True,0,0,0.0,29,0,10,True
248,Colombia,Otras ciudades,Bronce,False,True,True,2,1,534.0,36,2,3,True
249,Colombia,Bogotá D.C.,Bronce,False,True,True,3,2,1122.0,49,5,9,True
250,Ecuador,—,Bronce,False,False,True,0,0,0.0,48,8,9,False
251,México,—,Bronce,False,True,True,0,0,0.0,32,1,10,True
252,Colombia,Bogotá D.C.,Bronce,False,False,True,0,0,0.0,29,0,4,True
253,Chile,—,Bronce,False,True,True,0,0,0.0,34,2,8,True
254,México,—,Bronce,True,False,False,0,0,0.0,62,1,5,True
255,Ecuador,—,Bronce,False,False,True,1,0,0.0,55,4,9,True
256,Colombia,Bucaramanga,Bronce,True,False,True,0,0,0.0,42,9,6,False
257,Ecuador,—,Bronce,False,False,True,5,3,1610.0,10,0,6,True
258,Uruguay,—,Plata,True,True,False,19,11,7803.0,2,19,5,False
259,Colombia,Villavicencio,Bronce,False,False,True,2,1,375.0,21,17,8,False
260,Colombia,Santa Marta,Plata,True,False,True,17,15,8105.0,49,2,8,True
261,Colombia,Santa Marta,Plata,False,False,True,17,10,5835.0,33,1,4,True
262,Colombia,Popayán,Bronce,True,True,True,4,3,1749.0,90,5,4,True
263,Colombia,Cali,Bronce,False,True,True,1,0,0.0,36,3,7,True
264,Colombia,Popayán,Oro,True,False,False,27,17,7730.0,13,0,8,True
265,Ecuador,—,Bronce,False,True,True,4,2,943.0,11,7,7,False
266,Colombia,Medellín,Bronce,True,True,False,0,0,0.0,59,4,5,True
267,Perú,—,Bronce,False,False,True,0,0,0.0,9,2,5,True
268,Colombia,Barranquilla,Bronce,False,False,True,0,0,0.0,79,9,5,False
269,México,—,Bronce,False,False,True,2,1,493.0,29,10,5,False
270,Colombia,Bogotá D.C.,Bronce,False,False,True,2,1,647.0,25,8,4,False
271,Colombia,Bogotá D.C.,Plata,True,True,True,11,8,3477.0,32,9,10,False
272,Colombia,Bogotá D.C.,Bronce,False,False,False,1,0,0.0,83,0,8,True
273,México,—,Bronce,True,True,False,1,0,0.0,80,5,4,True
274,México,—,Bronce,True,True,True,1,0,0.0,27,1,5,True
275,Colombia,Cali,Bronce,False,True,True,0,0,0.0,47,23,10,False
276,Chile,—,Bronce,True,True,True,0,0,0.0,25,6,7,True
277,México,—,Bronce,True,False,True,2,1,539.0,29,3,8,True
278,México,—,Bronce,False,False,True,0,0,0.0,43,14,9,False
279,Ecuador,—,Plata,True,False,True,8,6,2557.0,12,3,7,True
280,Colombia,Cartagena,Bronce,False,False,True,0,0,0.0,42,5,8,True
281,Colombia,Bucaramanga,Bronce,False,False,True,1,0,0.0,18,4,10,True
282,México,—,Bronce,True,False,False,0,0,0.0,21,1,7,True
283,Colombia,Bogotá D.C.,Platino,True,True,True,66,41,24363.0,22,11,7,False
284,México,—,Bronce,True,False,True,0,0,0.0,1,5,6,True
285,México,—,Bronce,True,True,True,0,0,0.0,45,2,10,True
286,Colombia,Armenia,Plata,True,True,True,23,17,12377.0,2,4,7,True
287,México,—,Bronce,True,True,True,1,0,0.0,1,8,6,False
288,Colombia,Cartagena,Bronce,False,False,False,6,4,1415.0,26,12,9,False
289,Colombia,Barranquilla,Bronce,False,False,True,3,2,1151.0,14,14,5,False
290,Uruguay,—,Plata,False,False,True,24,14,4191.0,7,4,2,True
291,Colombia,Medellín,Bronce,True,False,True,0,0,0.0,35,1,7,True
292,México,—,Plata,True,False,True,8,6,3388.0,14,1,5,True
293,Colombia,Cúcuta,Bronce,False,False,False,4,3,1216.0,27,0,6,True
294,Ecuador,—,Bronce,False,False,True,0,0,0.0,83,6,3,True
295,Colombia,Cali,Bronce,False,True,False,2,1,359.0,45,7,7,False
296,Perú,—,Plata,False,False,False,14,9,3622.0,35,3,7,True
297,Colombia,Bogotá D.C.,Bronce,False,False,True,4,2,945.0,42,1,8,True
298,Colombia,Barranquilla,Bronce,True,False,True,0,0,0.0,60,7,6,False
299,Colombia,Neiva,Plata,False,False,True,9,5,2302.0,3,12,9,False
300,Colombia,Bogotá D.C.,Bronce,False,False,True,3,2,1211.0,12,1,7,True
301,Colombia,Neiva,Plata,False,True,False,15,9,4697.0,14,0,5,True
302,México,—,Bronce,False,True,True,4,3,1537.0,10,1,9,True
303,Colombia,Bogotá D.C.,Bronce,True,False,True,4,3,1304.0,17,1,7,True
304,Colombia,Cali,Bronce,True,True,False,1,0,0.0,24,7,8,False
305,México,—,Bronce,True,False,True,2,1,645.0,50,11,8,False
306,Ecuador,—,Plata,False,False,True,10,9,4566.0,17,0,6,True
307,Perú,—,Bronce,False,False,True,1,0,0.0,20,3,7,True
308,Colombia,Bogotá D.C.,Bronce,False,False,False,0,0,0.0,13,13,5,False
309,Perú,—,Bronce,False,False,True,2,1,450.0,8,8,2,False
310,Perú,—,Bronce,True,False,True,0,0,0.0,10,2,7,True
311,Colombia,Cali,Bronce,False,True,True,0,0,0.0,15,2,8,True
312,México,—,Bronce,False,False,True,0,0,0.0,18,2,8,True
313,México,—,Bronce,True,False,False,3,2,1247.0,32,8,4,False
314,Colombia,Bucaramanga,Bronce,True,True,True,0,0,0.0,19,0,7,True
315,Colombia,Bogotá D.C.,Bronce,True,False,True,0,0,0.0,58,3,8,True
316,Colombia,Barranquilla,Bronce,True,True,True,0,0,0.0,6,5,8,True
317,Colombia,Bogotá D.C.,Bronce,True,True,False,7,6,2852.0,51,11,10,False
318,México,—,Bronce,True,False,True,2,1,505.0,43,0,5,True
319,Colombia,Pereira,Bronce,False,True,False,0,0,0.0,29,1,9,True
320,Colombia,Cartagena,Bronce,True,True,True,2,1,454.0,57,1,7,True
321,México,—,Bronce,False,False,False,2,1,518.0,45,0,9,True
322,Ecuador,—,Plata,True,False,True,14,13,5569.0,19,5,5,True
323,México,—,Bronce,True,False,True,0,0,0.0,38,5,9,True
324,Perú,—,Bronce,False,True,True,4,2,1024.0,22,0,9,True
325,México,—,Bronce,True,False,True,0,0,0.0,5,0,9,True
326,Colombia,Popayán,Bronce,False,True,True,6,3,1411.0,20,1,10,True
327,Colombia,Medellín,Bronce,False,False,True,2,1,496.0,31,1,5,True
328,Colombia,Popayán,Bronce,True,False,True,0,0,0.0,5,17,9,False
329,Colombia,Medellín,Bronce,True,False,True,0,0,0.0,9,4,10,True
330,Ecuador,—,Bronce,True,False,True,6,4,1996.0,7,9,6,False
331,Colombia,Otras ciudades,Bronce,False,False,True,5,3,2088.0,50,11,7,False
332,Colombia,Manizales,Bronce,False,False,False,3,2,1068.0,33,8,6,False
333,Colombia,Ibagué,Bronce,True,False,False,2,1,384.0,16,18,10,False
334,Colombia,Otras ciudades,Bronce,True,True,True,5,3,1867.0,1,11,6,False
335,Ecuador,—,Bronce,False,False,True,3,2,1154.0,24,17,10,False
336,Colombia,Medellín,Bronce,True,True,True,2,1,703.0,4,3,6,True
337,Ecuador,—,Bronce,False,True,True,0,0,0.0,45,2,6,True
338,Uruguay,—,Bronce,True,False,True,0,0,0.0,31,1,2,True
339,Colombia,Bogotá D.C.,Bronce,True,True,True,5,3,2197.0,45,1,10,True
340,Colombia,Bogotá D.C.,Plata,True,False,True,16,12,5752.0,24,6,10,True
341,Colombia,Bogotá D.C.,Bronce,False,True,True,0,0,0.0,5,12,10,False
342,Perú,—,Plata,True,False,True,24,16,6185.0,42,6,7,True
343,Colombia,Santa Marta,Bronce,True,False,True,1,0,0.0,33,1,6,True
344,Ecuador,—,Bronce,False,False,True,0,0,0.0,52,6,5,True
345,Perú,—,Bronce,True,False,True,0,0,0.0,24,9,10,False
346,Colombia,Bogotá D.C.,Bronce,True,False,True,1,0,0.0,14,3,6,True
347,Colombia,Medellín,Bronce,False,False,True,0,0,0.0,45,4,6,True
348,Colombia,Otras ciudades,Bronce,True,False,True,1,0,0.0,35,12,9,False
349,México,—,Bronce,False,False,True,1,0,0.0,63,9,7,False
350,Colombia,Cúcuta,Plata,False,False,True,12,9,6042.0,29,4,9,True
351,Colombia,Santa Marta,Bronce,False,False,True,4,3,1921.0,69,6,5,True
352,Colombia,Bogotá D.C.,Bronce,False,False,False,5,3,1545.0,69,7,7,False
353,Perú,—,Bronce,True,False,True,0,0,0.0,28,8,5,False
354,Colombia,Pasto,Bronce,False,False,False,2,1,698.0,11,2,4,True
355,Colombia,Bogotá D.C.,Bronce,False,False,True,4,3,1107.0,25,4,10,True
356,Colombia,Barranquilla,Bronce,False,False,True,0,0,0.0,2,4,3,True
357,Colombia,Bogotá D.C.,Bronce,True,True,True,0,0,0.0,12,9,10,False
358,México,—,Bronce,False,True,True,0,0,0.0,11,2,7,True
359,México,—,Bronce,False,False,True,0,0,0.0,24,2,8,True
360,Colombia,Barranquilla,Bronce,False,False,False,3,2,1218.0,31,4,8,True
361,Colombia,Cali,Bronce,False,True,True,2,1,605.0,26,10,6,False
362,Colombia,Medellín,Plata,True,True,False,12,7,4561.0,58,11,5,False
363,Colombia,Cali,Oro,True,True,True,46,33,21623.0,48,6,5,True
364,Colombia,Neiva,Bronce,False,False,True,0,0,0.0,12,3,10,True
365,Colombia,Bogotá D.C.,Plata,False,False,False,8,7,3552.0,30,4,9,True
366,Colombia,Otras ciudades,Plata,True,False,True,8,6,2591.0,10,10,8,False
367,Colombia,Ibagué,Bronce,False,False,True,0,0,0.0,46,4,7,True
368,Colombia,Popayán,Bronce,False,True,True,0,0,0.0,7,12,8,False
369,Colombia,Barranquilla,Bronce,False,False,True,4,3,1981.0,11,0,6,True
370,Perú,—,Bronce,True,False,False,1,0,0.0,19,5,10,True
371,Colombia,Cartagena,Bronce,True,True,True,1,0,0.0,16,2,10,True
372,Ecuador,—,Plata,True,True,True,17,14,7722.0,25,1,9,True
373,Colombia,Cartagena,Bronce,False,False,False,0,0,0.0,7,8,5,False
374,Colombia,Medellín,Bronce,True,False,True,0,0,0.0,10,3,9,True
375,Colombia,Popayán,Bronce,True,True,False,1,0,0.0,7,2,7,True
376,Colombia,Medellín,Bronce,False,True,True,1,0,0.0,48,11,10,False
377,Colombia,Medellín,Bronce,False,False,False,3,2,969.0,23,1,10,True
378,Uruguay,—,Bronce,True,False,True,1,0,0.0,9,2,10,True
379,Ecuador,—,Plata,True,False,True,24,21,12466.0,51,6,10,True
380,Colombia,Otras ciudades,Bronce,False,False,True,2,1,499.0,48,4,10,True
381,México,—,Plata,False,False,True,8,4,2009.0,3,2,5,True
382,Colombia,Ibagué,Bronce,True,True,False,0,0,0.0,21,4,10,True
383,Perú,—,Bronce,True,False,True,2,1,664.0,48,14,8,False
384,Colombia,Medellín,Plata,False,False,True,16,14,6312.0,15,5,10,True
385,Colombia,Bogotá D.C.,Bronce,True,True,True,0,0,0.0,43,1,7,True
386,Colombia,Neiva,Plata,False,False,True,13,10,4467.0,30,5,10,True
387,Colombia,Medellín,Bronce,False,False,False,0,0,0.0,2,9,7,False
388,Colombia,Medellín,Bronce,True,False,True,2,1,549.0,4,1,6,True
389,Ecuador,—,Bronce,False,False,True,0,0,0.0,17,4,9,True
390,Colombia,Bogotá D.C.,Bronce,False,True,True,0,0,0.0,15,13,10,False
391,Colombia,Otras ciudades,Bronce,False,False,True,1,0,0.0,5,2,7,True
392,Colombia,Pasto,Bronce,True,False,True,0,0,0.0,10,5,10,True
393,Colombia,Otras ciudades,Bronce,False,True,True,1,0,0.0,15,3,10,True
394,Uruguay,—,Bronce,True,True,True,1,0,0.0,38,17,9,False
395,Colombia,Medellín,Bronce,False,True,False,1,0,0.0,14,5,6,True
396,Colombia,Bogotá D.C.,Bronce,True,True,True,1,0,0.0,24,3,10,True
397,Colombia,Pereira,Plata,False,False,True,8,5,2021.0,35,9,6,False
398,Colombia,Bogotá D.C.,Bronce,True,False,True,0,0,0.0,26,8,8,False
399,Colombia,Ibagué,Bronce,False,True,True,2,1,571.0,20,1,10,True
400,México,—,Plata,False,False,True,11,9,4241.0,8,5,6,True
401,México,—,Plata,False,False,True,8,5,2260.0,14,6,10,True
402,Colombia,Cali,Plata,False,False,True,9,6,2520.0,39,6,9,True
403,Colombia,Cali,Bronce,True,False,True,1,0,0.0,45,0,10,True
404,Colombia,Ibagué,Plata,False,True,True,11,6,2844.0,32,5,8,True
405,Colombia,Cartagena,Bronce,False,False,True,3,2,815.0,97,7,7,False
406,Perú,—,Bronce,False,False,False,2,1,581.0,5,7,6,False
407,Colombia,Otras ciudades,Plata,True,True,True,15,9,4588.0,43,10,8,False
408,Uruguay,—,Plata,False,True,True,9,8,4164.0,86,10,9,False
409,Colombia,Cúcuta,Bronce,False,False,True,0,0,0.0,54,23,9,False
410,México,—,Oro,True,True,False,52,33,14199.0,18,2,10,True
411,Ecuador,—,Plata,False,False,False,13,8,5180.0,43,3,10,True
412,Colombia,Manizales,Bronce,False,False,True,1,0,0.0,25,6,10,True
413,Colombia,Pasto,Oro,True,False,True,57,51,29556.0,38,0,7,True
414,Ecuador,—,Bronce,True,False,True,0,0,0.0,71,2,8,True
415,Colombia,Cali,Plata,True,False,True,19,17,7036.0,1,1,7,True
416,Colombia,Bogotá D.C.,Bronce,False,False,True,3,1,364.0,16,1,3,True
417,Colombia,Otras ciudades,Bronce,False,True,False,5,3,1103.0,5,11,3,False
418,Colombia,Cali,Bronce,True,True,True,0,0,0.0,12,3,9,True
419,México,—,Bronce,True,False,True,4,2,1174.0,48,11,4,False
420,Colombia,Ibagué,Bronce,True,False,True,3,2,1016.0,75,8,9,False
421,Ecuador,—,Plata,True,False,True,10,6,2112.0,15,5,8,True
422,Colombia,Cartagena,Bronce,False,True,True,2,1,405.0,83,2,7,True
423,Ecuador,—,Plata,True,True,True,8,4,1793.0,17,5,6,True
424,Colombia,Bogotá D.C.,Bronce,False,False,True,0,0,0.0,38,5,6,True
425,Colombia,Otras ciudades,Bronce,True,False,True,2,1,486.0,38,1,9,True
426,Colombia,Bogotá D.C.,Plata,True,False,True,9,8,4349.0,9,2,8,True
427,Colombia,Medellín,Bronce,False,False,False,2,1,478.0,12,1,8,True
428,México,—,Bronce,False,True,False,5,3,1608.0,24,9,10,False
429,Colombia,Otras ciudades,Bronce,False,True,True,2,1,306.0,76,4,8,True
430,Ecuador,—,Bronce,False,False,True,1,0,0.0,7,7,10,False
431,Colombia,Manizales,Bronce,False,False,False,0,0,0.0,33,7,4,False
432,México,—,Bronce,False,False,True,1,0,0.0,65,4,4,True
433,Colombia,Barranquilla,Bronce,False,False,True,0,0,0.0,1,7,9,False
434,Chile,—,Bronce,False,False,False,1,0,0.0,43,4,7,True
435,Colombia,Barranquilla,Bronce,False,False,True,0,0,0.0,33,6,10,True
436,México,—,Oro,False,True,True,43,25,8881.0,3,1,7,True
437,Colombia,Bogotá D.C.,Plata,True,True,True,8,6,2940.0,9,4,7,True
438,Colombia,Cali,Bronce,True,False,True,6,4,2314.0,31,5,4,True
439,Colombia,Otras ciudades,Plata,False,False,True,10,7,2343.0,16,6,10,True
440,Uruguay,—,Bronce,False,False,False,1,0,0.0,86,6,5,True
441,Colombia,Bogotá D.C.,Bronce,False,False,True,1,0,0.0,41,9,5,False
442,Colombia,Bucaramanga,Bronce,True,True,True,1,0,0.0,4,3,8,True
443,Ecuador,—,Bronce,False,False,True,7,6,2634.0,18,7,10,False
444,Colombia,Medellín,Bronce,True,True,True,1,0,0.0,14,5,7,True
445,Colombia,Medellín,Bronce,False,False,True,1,0,0.0,10,4,5,True
446,Ecuador,—,Bronce,False,False,True,0,0,0.0,18,1,7,True
447,Ecuador,—,Bronce,True,False,True,0,0,0.0,33,2,8,True
448,Colombia,Bogotá D.C.,Bronce,False,False,True,0,0,0.0,11,6,9,True
449,Colombia,Bogotá D.C.,Bronce,True,False,True,1,0,0.0,26,2,6,True
450,Colombia,Bogotá D.C.,Bronce,True,True,True,2,1,455.0,26,0,6,True
451,Colombia,Bogotá D.C.,Bronce,True,True,True,2,1,686.0,29,3,7,True
452,México,—,Plata,False,False,False,10,7,4012.0,19,1,7,True
453,Colombia,Manizales,Bronce,True,False,True,0,0,0.0,46,11,8,False
454,Colombia,Bogotá D.C.,Bronce,True,False,True,3,2,1011.0,32,0,5,True
455,Colombia,Bogotá D.C.,Bronce,False,False,True,0,0,0.0,46,3,7,True
456,Colombia,Bogotá D.C.,Bronce,False,True,True,5,4,1997.0,18,15,9,False
457,Colombia,Cúcuta,Bronce,False,True,True,2,1,572.0,40,0,10,True
458,Colombia,Cúcuta,Bronce,False,False,False,0,0,0.0,36,0,3,True
459,Ecuador,—,Bronce,False,True,True,4,2,816.0,27,1,7,True
460,Colombia,Medellín,Bronce,True,True,True,2,1,599.0,4,5,6,True
461,México,—,Bronce,True,True,True,2,1,689.0,49,7,10,False
462,Colombia,Cali,Bronce,True,False,True,3,1,514.0,38,15,7,False
463,Colombia,Bogotá D.C.,Bronce,True,False,False,7,6,3471.0,11,7,6,False
464,Colombia,Bogotá D.C.,Bronce,False,False,True,5,3,1814.0,19,5,6,True
465,México,—,Bronce,True,False,True,0,0,0.0,17,3,6,True
466,México,—,Bronce,False,False,True,0,0,0.0,64,4,10,True
467,México,—,Bronce,True,False,True,1,0,0.0,12,6,5,True
468,Colombia,Otras ciudades,Bronce,False,False,True,1,0,0.0,10,6,7,True
469,Perú,—,Bronce,False,False,True,2,1,426.0,36,5,8,True
470,Colombia,Bogotá D.C.,Bronce,False,True,True,0,0,0.0,20,9,5,False
471,Colombia,Medellín,Oro,False,False,True,56,40,16718.0,40,3,10,True
472,Colombia,Medellín,Plata,True,False,True,9,5,2768.0,9,2,7,True
473,Colombia,Montería,Bronce,False,False,True,0,0,0.0,6,4,7,True
474,Colombia,Bogotá D.C.,Plata,False,False,True,14,10,5095.0,33,1,10,True
475,Colombia,Bucaramanga,Bronce,False,True,True,2,1,462.0,15,4,8,True
476,Colombia,Cúcuta,Bronce,False,True,False,1,0,0.0,27,17,10,False
477,Colombia,Popayán,Bronce,False,False,True,4,3,1897.0,50,6,2,True
478,México,—,Bronce,True,True,False,0,0,0.0,3,4,4,True
479,Colombia,Otras ciudades,Bronce,True,False,True,0,0,0.0,39,8,10,False
480,Colombia,Cartagena,Bronce,True,False,False,1,0,0.0,15,4,7,True
481,Colombia,Pereira,Bronce,True,False,True,2,1,394.0,31,3,7,True
482,Ecuador,—,Bronce,False,False,True,1,0,0.0,29,8,7,False
483,Uruguay,—,Bronce,False,False,True,4,3,1248.0,36,0,9,True
484,Colombia,Bogotá D.C.,Bronce,False,True,True,3,2,1052.0,55,14,9,False
485,México,—,Bronce,False,True,True,0,0,0.0,60,14,10,False
486,Colombia,Medellín,Plata,True,True,True,24,15,10222.0,17,3,7,True
487,Colombia,Bogotá D.C.,Bronce,False,True,False,4,3,1826.0,94,2,3,True
488,México,—,Bronce,False,False,True,0,0,0.0,6,7,10,False
489,Colombia,Cali,Bronce,True,True,True,2,1,471.0,33,3,7,True
490,Colombia,Cúcuta,Bronce,True,False,True,0,0,0.0,7,2,8,True
491,Colombia,Otras ciudades,Bronce,True,False,True,0,0,0.0,86,6,10,True
492,Colombia,Otras ciudades,Plata,False,False,False,24,16,7713.0,2,3,8,True
493,Colombia,Cali,Bronce,False,False,True,1,0,0.0,14,4,6,True
494,Colombia,Bogotá D.C.,Platino,False,True,True,160,107,50086.0,33,4,2,True
495,Colombia,Cali,Bronce,True,True,True,4,3,1115.0,20,5,7,True
496,Uruguay,—,Bronce,False,False,True,1,0,0.0,12,3,7,True
497,Colombia,Otras ciudades,Bronce,False,True,True,3,2,648.0,34,28,7,False
498,Colombia,Bogotá D.C.,Bronce,False,True,True,3,2,965.0,11,9,8,False
499,Colombia,Bogotá D.C.,Plata,False,False,False,9,7,2427.0,11,5,10,True
500,Colombia,Otras ciudades,Bronce,True,True,True,0,0,0.0,4,29,6,False
501,Colombia,Bogotá D.C.,Oro,True,False,False,25,18,9618.0,70,10,6,False
502,Colombia,Medellín,Bronce,False,True,False,0,0,0.0,35,1,10,True
503,Colombia,Bogotá D.C.,Bronce,True,True,True,5,3,1678.0,82,16,10,False
504,Uruguay,—,Bronce,True,False,True,0,0,0.0,11,4,6,True
505,Colombia,Barranquilla,Plata,True,True,True,12,7,4356.0,35,3,9,True
506,México,—,Bronce,False,False,False,7,4,2443.0,27,7,8,False
507,Perú,—,Bronce,False,False,True,2,1,429.0,35,1,6,True
508,México,—,Plata,True,False,True,16,14,6837.0,29,1,9,True
509,Uruguay,—,Bronce,True,False,True,2,1,457.0,19,2,6,True
510,Colombia,Cartagena,Bronce,False,True,False,1,0,0.0,6,3,5,True
511,Perú,—,Bronce,False,False,False,2,1,494.0,4,9,8,False
512,Ecuador,—,Bronce,False,False,True,0,0,0.0,60,1,0,True
513,Colombia,Bogotá D.C.,Bronce,False,False,True,2,1,632.0,39,2,7,True
514,Colombia,Medellín,Bronce,True,False,True,0,0,0.0,12,9,5,False
515,Colombia,Bogotá D.C.,Bronce,False,False,True,0,0,0.0,25,11,7,False
516,Colombia,Bogotá D.C.,Bronce,True,False,True,1,0,0.0,61,2,8,True
517,Colombia,Cartagena,Oro,True,False,True,25,14,6015.0,20,2,8,True
518,Colombia,Cali,Bronce,True,False,True,2,1,434.0,22,1,4,True
519,Colombia,Otras ciudades,Bronce,True,False,True,1,0,0.0,68,4,10,True
520,Colombia,Bogotá D.C.,Bronce,True,False,True,2,1,432.0,3,2,4,True
521,México,—,Bronce,False,False,True,3,1,477.0,65,0,10,True
522,Colombia,Cali,Plata,False,False,True,23,17,6201.0,1,8,7,False
523,Colombia,Manizales,Bronce,True,False,True,5,4,1460.0,9,11,9,False
524,Colombia,Barranquilla,Bronce,True,False,True,0,0,0.0,23,7,7,False
525,Colombia,Cali,Bronce,False,True,True,0,0,0.0,18,20,10,False
526,Colombia,Bogotá D.C.,Bronce,True,False,True,5,4,1698.0,2,0,8,True
527,Perú,—,Bronce,True,False,True,1,0,0.0,42,6,6,True
528,Colombia,Otras ciudades,Bronce,True,False,True,1,0,0.0,2,5,4,True
529,Colombia,Medellín,Plata,False,False,True,10,9,5324.0,14,3,6,True
530,México,—,Bronce,False,False,True,4,3,2035.0,24,5,10,True
531,Colombia,Bogotá D.C.,Bronce,False,False,True,0,0,0.0,29,4,2,True
532,Colombia,Cali,Bronce,False,True,True,3,2,1060.0,34,4,8,True
533,México,—,Bronce,True,True,True,1,0,0.0,77,9,1,False
534,México,—,Bronce,True,True,True,0,0,0.0,30,21,4,False
535,Ecuador,—,Bronce,True,False,False,2,1,422.0,2,4,5,True
536,Perú,—,Plata,False,False,False,9,6,2638.0,19,5,9,True
537,Colombia,Bogotá D.C.,Bronce,True,True,True,0,0,0.0,22,1,7,True
538,Chile,—,Bronce,False,False,True,4,2,1043.0,52,8,7,False
539,Ecuador,—,Bronce,True,False,True,4,2,1018.0,15,2,6,True
540,Colombia,Medellín,Bronce,False,True,True,4,2,1311.0,34,1,8,True
541,México,—,Bronce,True,False,True,0,0,0.0,36,6,6,True
542,Colombia,Cali,Bronce,True,True,False,2,1,415.0,49,0,7,True
543,Colombia,Villavicencio,Plata,True,False,True,9,7,4273.0,27,8,7,False
544,Colombia,Barranquilla,Bronce,False,True,True,2,1,463.0,37,14,8,False
545,Colombia,Pereira,Bronce,True,True,True,1,0,0.0,60,8,10,False
546,Colombia,Otras ciudades,Bronce,False,True,False,1,0,0.0,49,2,6,True
547,Perú,—,Bronce,True,False,True,5,3,1697.0,72,1,6,True
548,México,—,Bronce,False,False,False,2,1,479.0,51,5,7,True
549,Ecuador,—,Bronce,True,False,True,1,0,0.0,15,2,6,True
550,Colombia,Medellín,Bronce,True,False,True,0,0,0.0,17,7,7,False
551,Colombia,Valledupar,Bronce,False,True,False,0,0,0.0,28,7,10,False
552,Colombia,Bogotá D.C.,Bronce,False,False,True,2,1,516.0,61,11,10,False
553,Colombia,Villavicencio,Plata,False,False,False,8,6,2889.0,64,2,3,True
554,México,—,Bronce,False,True,True,4,3,2153.0,4,0,7,True
555,Colombia,Cúcuta,Bronce,True,True,True,4,3,1379.0,14,0,8,True
556,Colombia,Cali,Bronce,True,False,False,2,1,548.0,19,1,5,True
557,Perú,—,Plata,True,False,True,20,14,7546.0,51,6,3,True
558,México,—,Bronce,False,False,True,1,0,0.0,12,6,10,True
559,México,—,Bronce,True,False,True,3,2,903.0,23,1,7,True
560,Perú,—,Bronce,False,False,True,1,0,0.0,70,3,8,True
561,Perú,—,Bronce,False,False,True,0,0,0.0,42,4,6,True
562,Colombia,Medellín,Bronce,False,True,True,0,0,0.0,35,5,8,True
563,Colombia,Medellín,Bronce,False,False,True,3,2,1184.0,22,11,3,False
564,Colombia,Otras ciudades,Bronce,True,True,True,0,0,0.0,40,5,10,True
565,Colombia,Cartagena,Bronce,True,False,True,0,0,0.0,4,2,10,True
566,Colombia,Bogotá D.C.,Bronce,False,False,True,0,0,0.0,80,17,9,False
567,Colombia,Bucaramanga,Bronce,False,True,False,4,2,933.0,24,3,10,True
568,Perú,—,Bronce,False,False,False,0,0,0.0,55,7,6,False
569,Colombia,Bogotá D.C.,Bronce,True,False,True,0,0,0.0,94,9,6,False
570,Colombia,Cartagena,Bronce,False,False,True,4,3,1351.0,33,2,10,True
571,Colombia,Cali,Bronce,False,False,True,0,0,0.0,30,11,4,False
572,Colombia,Santa Marta,Bronce,False,True,True,4,2,676.0,8,3,8,True
573,Colombia,Otras ciudades,Bronce,False,False,True,1,0,0.0,19,5,2,True
574,Colombia,Cartagena,Bronce,False,False,True,0,0,0.0,29,1,3,True
575,México,—,Bronce,True,False,True,0,0,0.0,16,2,6,True
576,México,—,Bronce,False,False,True,0,0,0.0,9,3,7,True
577,Colombia,Pereira,Bronce,True,False,True,4,2,856.0,18,1,9,True
578,Colombia,Otras ciudades,Bronce,True,False,True,0,0,0.0,5,2,6,True
579,Colombia,Medellín,Plata,False,True,True,9,7,3305.0,31,0,7,True
580,Colombia,Ibagué,Bronce,False,False,True,1,0,0.0,4,2,6,True
581,Perú,—,Bronce,False,False,True,0,0,0.0,3,10,7,False
582,Colombia,Otras ciudades,Bronce,False,True,True,4,3,1427.0,12,8,10,False
583,Colombia,Barranquilla,Bronce,True,False,True,3,1,365.0,19,2,7,True
584,Perú,—,Bronce,True,False,True,1,0,0.0,13,2,10,True
585,Colombia,Bogotá D.C.,Bronce,False,False,True,2,1,551.0,28,13,5,False
586,Chile,—,Bronce,False,True,True,1,0,0.0,3,14,8,False
587,Colombia,Bogotá D.C.,Bronce,False,False,True,0,0,0.0,7,0,2,True
588,Uruguay,—,Bronce,False,False,False,0,0,0.0,3,3,8,True
589,Colombia,Otras ciudades,Bronce,False,True,False,0,0,0.0,22,19,6,False
590,Ecuador,—,Bronce,False,False,True,2,1,537.0,26,9,6,False
591,Colombia,Cali,Bronce,True,False,True,1,0,0.0,22,12,9,False
592,Colombia,Cartagena,Bronce,True,False,True,0,0,0.0,13,2,7,True
593,México,—,Oro,False,False,True,26,21,7408.0,24,7,6,False
594,Colombia,Sincelejo,Plata,False,True,True,8,6,3196.0,2,32,7,False
595,Perú,—,Bronce,False,False,True,0,0,0.0,48,6,6,True
596,Colombia,Cúcuta,Oro,True,False,True,54,43,15262.0,8,14,8,False
597,Colombia,Otras ciudades,Plata,True,False,False,9,6,1953.0,5,5,8,True
598,Colombia,Armenia,Bronce,True,False,True,0,0,0.0,11,3,10,True
599,Colombia,Bogotá D.C.,Bronce,False,False,False,0,0,0.0,44,8,10,False
600,Colombia,Bogotá D.C.,Bronce,True,False,True,3,1,330.0,11,17,6,False
601,Uruguay,—,Bronce,True,False,True,7,5,1708.0,54,6,5,True
602,Colombia,Valledupar,Bronce,True,True,True,5,4,2618.0,22,7,9,False
603,Colombia,Villavicencio,Bronce,False,False,True,0,0,0.0,10,13,8,False
604,Colombia,Bogotá D.C.,Bronce,False,False,True,1,0,0.0,16,2,8,True
605,México,—,Bronce,True,True,True,1,0,0.0,15,2,4,True
606,Colombia,Bogotá D.C.,Bronce,False,False,False,1,0,0.0,12,10,5,False
607,México,—,Bronce,False,True,True,0,0,0.0,30,7,6,False
608,Colombia,Cali,Bronce,True,False,True,1,0,0.0,57,0,9,True
609,Colombia,Medellín,Bronce,True,True,True,0,0,0.0,30,3,5,True
610,México,—,Bronce,False,False,True,0,0,0.0,55,6,8,True
611,Colombia,Cali,Bronce,False,False,True,1,0,0.0,14,8,4,False
612,Ecuador,—,Plata,False,False,True,16,10,5047.0,55,0,8,True
613,Uruguay,—,Plata,False,True,True,14,9,4018.0,3,3,6,True
614,Ecuador,—,Platino,False,False,True,140,130,62558.0,32,1,10,True
615,México,—,Bronce,True,False,True,1,0,0.0,40,1,9,True
616,México,—,Bronce,False,False,True,3,2,1077.0,25,5,8,True
617,Colombia,Manizales,Plata,True,False,True,9,5,3050.0,3,1,8,True
618,Colombia,Medellín,Bronce,True,False,True,1,0,0.0,5,1,8,True
619,Uruguay,—,Bronce,True,False,False,4,3,1612.0,5,5,4,True
620,Colombia,Bogotá D.C.,Bronce,True,False,True,1,0,0.0,64,6,6,True
621,Ecuador,—,Plata,True,False,True,15,11,7225.0,41,6,6,True
622,México,—,Bronce,True,True,False,3,2,1132.0,18,3,9,True
623,Colombia,Bogotá D.C.,Bronce,False,False,True,0,0,0.0,12,2,8,True
624,Chile,—,Bronce,False,False,True,2,1,709.0,32,6,7,True
625,Uruguay,—,Bronce,True,False,False,4,2,977.0,5,0,10,True
626,Colombia,Bogotá D.C.,Bronce,True,False,False,3,2,1085.0,8,4,8,True
627,Colombia,Bogotá D.C.,Bronce,True,True,True,0,0,0.0,21,0,8,True
628,Perú,—,Bronce,False,False,True,3,2,993.0,67,2,9,True
629,Colombia,Bogotá D.C.,Bronce,True,False,True,0,0,0.0,47,1,10,True
630,Colombia,Bogotá D.C.,Bronce,True,False,True,4,2,1067.0,13,6,7,True
631,Chile,—,Bronce,False,False,True,0,0,0.0,42,5,10,True
632,Ecuador,—,Bronce,True,True,True,0,0,0.0,32,9,10,False
633,Colombia,Pereira,Bronce,True,False,True,0,0,0.0,36,4,7,True
634,Colombia,Bucaramanga,Bronce,False,False,True,0,0,0.0,17,5,7,True
635,México,—,Bronce,True,False,True,1,0,0.0,1,7,10,False
636,Colombia,Cali,Bronce,True,True,True,0,0,0.0,20,10,8,False
637,Colombia,Bogotá D.C.,Bronce,False,False,False,2,1,662.0,42,4,10,True
638,México,—,Bronce,False,False,False,0,0,0.0,13,12,10,False
639,Chile,—,Bronce,True,False,False,0,0,0.0,68,14,6,False
640,Colombia,Medellín,Bronce,True,False,True,0,0,0.0,13,3,7,True
641,Colombia,Cartagena,Bronce,False,False,False,1,0,0.0,6,4,7,True
642,Colombia,Cali,Bronce,True,False,True,0,0,0.0,7,4,10,True
643,Colombia,Bogotá D.C.,Bronce,False,False,True,0,0,0.0,8,15,10,False
644,México,—,Bronce,True,True,True,2,1,531.0,50,15,6,False
645,Colombia,Bogotá D.C.,Bronce,False,True,False,2,1,487.0,1,6,8,True
646,Perú,—,Plata,False,True,False,23,18,8873.0,24,6,9,True
647,Ecuador,—,Bronce,False,True,True,0,0,0.0,48,2,10,True
648,Colombia,Bogotá D.C.,Bronce,False,True,True,1,0,0.0,26,20,8,False
649,México,—,Bronce,False,False,True,1,0,0.0,16,10,4,False
650,Colombia,Bogotá D.C.,Bronce,True,False,True,4,3,1733.0,13,2,4,True
651,Colombia,Barranquilla,Bronce,False,False,True,3,2,1200.0,71,3,7,True
652,Perú,—,Bronce,True,True,True,2,1,577.0,32,11,9,False
653,México,—,Bronce,False,False,True,4,3,1472.0,48,3,6,True
654,Colombia,Bogotá D.C.,Bronce,False,True,True,0,0,0.0,3,4,10,True
655,Colombia,Bogotá D.C.,Bronce,False,False,True,2,1,464.0,20,4,6,True
656,Colombia,Otras ciudades,Bronce,False,False,True,2,1,453.0,12,9,7,False
657,Colombia,Bogotá D.C.,Bronce,True,True,True,1,0,0.0,59,10,6,False
658,Colombia,Bucaramanga,Bronce,False,True,True,3,2,984.0,51,9,5,False
659,México,—,Bronce,True,False,True,0,0,0.0,59,10,7,False
660,Colombia,Cali,Bronce,True,False,False,0,0,0.0,15,0,8,True
661,México,—,Bronce,False,False,True,2,1,657.0,23,6,6,True
662,México,—,Bronce,True,True,True,1,0,0.0,62,3,7,True
663,México,—,Bronce,True,False,True,0,0,0.0,36,15,6,False
664,Perú,—,Bronce,False,True,True,0,0,0.0,54,11,8,False
665,Colombia,Medellín,Bronce,True,True,True,1,0,0.0,64,6,9,True
666,Colombia,Cartagena,Bronce,False,True,True,5,3,1756.0,22,3,7,True
667,México,—,Bronce,False,False,False,0,0,0.0,14,1,7,True
668,Ecuador,—,Bronce,False,False,True,0,0,0.0,4,4,5,True
669,Colombia,Bogotá D.C.,Bronce,False,False,True,0,0,0.0,16,4,7,True
670,México,—,Bronce,False,False,True,0,0,0.0,23,10,4,False
671,Colombia,Bucaramanga,Bronce,True,False,True,4,3,1210.0,19,2,7,True
672,México,—,Plata,True,False,True,8,4,2014.0,31,4,7,True
673,Colombia,Bogotá D.C.,Bronce,False,False,False,0,0,0.0,16,2,6,True
674,México,—,Bronce,True,False,True,0,0,0.0,27,1,7,True
675,Colombia,Bogotá D.C.,Bronce,False,True,True,4,3,1384.0,85,5,2,True
676,Colombia,Medellín,Plata,False,False,True,9,5,2171.0,43,0,10,True
677,Colombia,Bogotá D.C.,Bronce,False,False,False,6,4,1819.0,37,1,5,True
678,Perú,—,Bronce,False,False,True,4,2,694.0,12,9,4,False
679,Colombia,Cali,Bronce,True,True,False,0,0,0.0,40,9,10,False
680,Chile,—,Bronce,False,True,True,0,0,0.0,37,5,7,True
681,Colombia,Bogotá D.C.,Bronce,True,False,False,0,0,0.0,20,1,10,True
682,Colombia,Cali,Bronce,False,False,True,0,0,0.0,42,0,8,True
683,Colombia,Popayán,Bronce,True,False,True,0,0,0.0,55,0,6,True
684,Colombia,Manizales,Bronce,False,False,True,4,3,1888.0,7,8,6,False
685,México,—,Bronce,False,True,True,0,0,0.0,20,0,6,True
686,Perú,—,Bronce,True,False,True,1,0,0.0,31,22,8,False
687,Colombia,Barranquilla,Bronce,False,True,True,0,0,0.0,11,2,6,True
688,Colombia,Barranquilla,Bronce,False,True,True,3,2,1073.0,15,13,4,False
689,Colombia,Manizales,Bronce,True,True,True,0,0,0.0,25,4,9,True
690,Ecuador,—,Platino,True,False,False,72,59,17832.0,24,3,10,True
691,Colombia,Cartagena,Oro,True,False,True,33,21,10126.0,3,1,8,True
692,México,—,Bronce,False,False,True,2,1,500.0,16,5,5,True
693,Colombia,Otras ciudades,Oro,True,False,True,50,29,14003.0,32,4,10,True
694,Colombia,Sincelejo,Bronce,False,False,False,1,0,0.0,13,8,10,False
695,México,—,Bronce,True,False,True,0,0,0.0,19,7,5,False
696,Colombia,Medellín,Oro,False,True,False,35,26,13949.0,22,3,10,True
697,Colombia,Cúcuta,Bronce,True,False,True,1,0,0.0,5,6,6,True
698,México,—,Bronce,False,True,False,1,0,0.0,13,7,6,False
699,Colombia,Medellín,Bronce,False,True,True,0,0,0.0,43,4,8,True
700,Perú,—,Bronce,False,False,True,3,1,478.0,38,21,10,False
701,México,—,Plata,True,False,True,9,7,3670.0,16,6,9,True
702,Colombia,Manizales,Bronce,False,False,True,6,4,1713.0,47,1,5,True
703,Perú,—,Plata,True,True,True,11,10,4374.0,9,11,7,False
704,Colombia,Villavicencio,Bronce,True,False,False,2,1,677.0,35,13,10,False
705,Colombia,Manizales,Bronce,True,True,True,1,0,0.0,36,1,2,True
706,México,—,Bronce,False,False,True,0,0,0.0,14,6,7,True
707,Colombia,Cali,Bronce,True,True,False,2,1,242.0,35,12,3,False
708,Perú,—,Bronce,False,False,False,1,0,0.0,24,4,6,True
709,Colombia,Bogotá D.C.,Bronce,True,False,True,7,6,2993.0,23,1,7,True
710,Colombia,Medellín,Bronce,False,False,True,3,2,1044.0,32,18,9,False
711,México,—,Bronce,False,False,True,0,0,0.0,24,2,10,True
712,México,—,Bronce,True,False,True,1,0,0.0,10,3,8,True
713,Perú,—,Bronce,False,False,True,4,3,1482.0,41,11,7,False
714,Colombia,Cúcuta,Bronce,False,False,True,5,3,1463.0,4,1,8,True
715,Colombia,Bogotá D.C.,Bronce,False,False,False,1,0,0.0,11,4,7,True
716,Colombia,Cali,Bronce,False,False,True,0,0,0.0,15,17,8,False
717,México,—,Bronce,False,True,True,1,0,0.0,6,8,7,False
718,Colombia,Cúcuta,Bronce,False,False,True,7,6,2489.0,10,5,10,True
719,México,—,Bronce,True,True,True,0,0,0.0,45,13,7,False
720,Uruguay,—,Bronce,False,False,True,0,0,0.0,64,5,9,True
721,Ecuador,—,Bronce,True,False,True,7,5,2471.0,25,2,9,True
722,Colombia,Bogotá D.C.,Bronce,False,False,True,0,0,0.0,51,3,9,True
723,México,—,Bronce,False,False,True,0,0,0.0,38,4,9,True
724,Ecuador,—,Bronce,True,True,True,1,0,0.0,26,3,8,True
725,Colombia,Cali,Bronce,True,False,True,2,1,642.0,10,4,8,True
726,Colombia,Otras ciudades,Plata,False,False,True,8,6,2499.0,7,7,9,False
727,Colombia,Barranquilla,Bronce,False,False,True,5,4,1839.0,1,3,8,True
728,México,—,Plata,False,False,True,10,7,3029.0,29,7,7,False
729,Colombia,Cartagena,Bronce,False,False,True,0,0,0.0,41,5,7,True
730,México,—,Bronce,True,False,True,2,1,540.0,94,5,5,True
731,México,—,Bronce,True,False,True,5,4,1767.0,55,1,6,True
732,Colombia,Barranquilla,Bronce,False,True,True,0,0,0.0,58,14,9,False
733,Colombia,Cali,Bronce,False,False,True,3,2,803.0,24,1,9,True
734,México,—,Bronce,False,False,False,0,0,0.0,33,12,9,False
735,Colombia,Bogotá D.C.,Bronce,False,False,True,7,6,4521.0,12,3,6,True
736,México,—,Bronce,True,False,True,0,0,0.0,27,0,8,True
737,Ecuador,—,Bronce,False,False,True,0,0,0.0,26,1,10,True
738,México,—,Bronce,False,True,True,0,0,0.0,28,3,4,True
739,Ecuador,—,Bronce,False,False,True,0,0,0.0,23,2,10,True
740,México,—,Plata,False,True,True,14,10,5708.0,38,6,4,True
741,Colombia,Bogotá D.C.,Bronce,False,False,True,1,0,0.0,43,2,10,True
742,Colombia,Pereira,Plata,False,False,True,20,17,11455.0,27,3,8,True
743,Colombia,Ibagué,Bronce,False,True,False,1,0,0.0,28,7,9,False
744,Uruguay,—,Bronce,True,False,True,1,0,0.0,5,22,5,False
745,Colombia,Medellín,Bronce,False,False,False,0,0,0.0,14,3,4,True
746,Colombia,Bogotá D.C.,Plata,False,False,True,14,11,6033.0,15,5,7,True
747,Colombia,Otras ciudades,Bronce,False,False,True,2,1,662.0,9,1,9,True
748,Colombia,Bogotá D.C.,Bronce,False,True,True,0,0,0.0,3,6,3,True
749,Colombia,Pereira,Bronce,True,False,True,0,0,0.0,104,1,8,True
750,Colombia,Cali,Plata,True,True,True,8,6,3169.0,128,0,8,True
751,Colombia,Barranquilla,Bronce,False,False,True,4,3,1131.0,14,6,9,True
752,Colombia,Barranquilla,Bronce,True,False,False,0,0,0.0,13,2,9,True
753,Colombia,Bogotá D.C.,Bronce,True,False,False,0,0,0.0,5,1,5,True
754,Colombia,Bogotá D.C.,Plata,False,True,True,12,7,3426.0,23,5,10,True
755,Colombia,Santa Marta,Bronce,True,False,True,0,0,0.0,67,5,6,True
756,Colombia,Pasto,Platino,True,False,False,75,68,33101.0,18,9,8,False
757,México,—,Bronce,False,True,True,1,0,0.0,16,3,6,True
758,Colombia,Cúcuta,Bronce,True,False,True,0,0,0.0,51,5,10,True
759,Colombia,Cartagena,Bronce,False,False,True,0,0,0.0,21,5,6,True
760,Colombia,Ibagué,Bronce,False,True,False,5,2,1131.0,14,4,7,True
761,Colombia,Bogotá D.C.,Bronce,True,False,True,0,0,0.0,37,5,0,True
762,México,—,Bronce,True,False,True,4,3,941.0,51,2,8,True
763,Colombia,Cali,Bronce,False,False,True,2,1,547.0,22,4,9,True
764,Colombia,Otras ciudades,Plata,True,False,True,8,5,3128.0,64,11,10,False
765,Colombia,Pereira,Bronce,True,False,True,1,0,0.0,14,12,8,False
766,Colombia,Bucaramanga,Bronce,False,False,True,0,0,0.0,11,13,7,False
767,Colombia,Montería,Bronce,False,False,True,0,0,0.0,15,2,7,True
768,México,—,Bronce,True,False,True,0,0,0.0,11,12,7,False
769,Ecuador,—,Bronce,False,True,True,1,0,0.0,32,14,9,False
770,Colombia,Medellín,Plata,True,False,True,9,7,3703.0,7,6,7,True
771,Ecuador,—,Bronce,False,False,True,6,5,2898.0,28,11,10,False
772,México,—,Plata,True,True,True,12,9,5754.0,17,0,8,True
773,Colombia,Otras ciudades,Bronce,False,False,True,0,0,0.0,28,9,9,False
774,Colombia,Pereira,Bronce,False,False,False,2,1,676.0,13,13,8,False
775,Colombia,Bogotá D.C.,Bronce,True,False,True,0,0,0.0,13,4,5,True
776,Colombia,Bogotá D.C.,Bronce,False,False,True,0,0,0.0,13,1,6,True
777,México,—,Bronce,False,False,True,2,1,644.0,38,1,7,True
778,México,—,Bronce,False,False,True,7,5,2641.0,39,6,9,True
779,Colombia,Bogotá D.C.,Bronce,False,True,True,1,0,0.0,9,3,9,True
780,Chile,—,Bronce,True,False,False,0,0,0.0,35,2,6,True
781,Perú,—,Plata,False,False,False,12,7,3749.0,21,4,9,True
782,Colombia,Bogotá D.C.,Bronce,False,True,True,0,0,0.0,4,18,8,False
783,Ecuador,—,Bronce,True,False,True,1,0,0.0,14,6,9,True
784,Colombia,Bogotá D.C.,Bronce,False,False,True,0,0,0.0,22,4,4,True
785,Colombia,Manizales,Bronce,False,False,True,1,0,0.0,22,9,8,False
786,Colombia,Bogotá D.C.,Bronce,False,False,True,1,0,0.0,25,11,6,False
787,Chile,—,Plata,True,False,True,16,13,7254.0,25,5,7,True
788,Colombia,Popayán,Bronce,False,False,False,2,1,364.0,18,11,10,False
789,Colombia,Bogotá D.C.,Bronce,False,True,True,3,1,506.0,32,6,7,True
790,Colombia,Medellín,Bronce,True,False,True,3,2,1000.0,17,3,6,True
791,Colombia,Bogotá D.C.,Bronce,False,False,True,1,0,0.0,26,3,8,True
792,Colombia,Bogotá D.C.,Bronce,True,False,True,3,2,900.0,6,3,10,True
793,Colombia,Cúcuta,Bronce,False,False,False,0,0,0.0,22,5,5,True
794,Colombia,Otras ciudades,Bronce,True,True,True,2,1,347.0,6,1,8,True
795,Perú,—,Bronce,True,False,True,0,0,0.0,4,11,6,False
796,Colombia,Medellín,Bronce,True,True,False,4,3,1513.0,19,0,6,True
797,México,—,Bronce,False,True,False,0,0,0.0,10,4,7,True
798,Colombia,Bogotá D.C.,Bronce,False,False,True,0,0,0.0,18,9,6,False
799,Uruguay,—,Bronce,False,False,True,2,1,546.0,12,1,9,True
800,México,—,Bronce,False,False,False,6,4,2247.0,31,11,5,False
801,Colombia,Otras ciudades,Bronce,False,True,True,4,2,1084.0,8,8,6,False
802,Colombia,Neiva,Bronce,True,False,True,2,1,533.0,12,10,8,False
803,Colombia,Bogotá D.C.,Bronce,False,False,True,0,0,0.0,15,7,10,False
804,Perú,—,Bronce,False,True,True,0,0,0.0,1,2,7,True
805,Uruguay,—,Plata,False,False,False,9,5,1700.0,17,2,3,True
806,Colombia,Medellín,Bronce,True,False,True,1,0,0.0,12,2,5,True
807,Colombia,Bogotá D.C.,Bronce,True,True,True,3,2,1416.0,21,4,10,True
808,México,—,Bronce,True,False,True,1,0,0.0,31,1,7,True
809,Uruguay,—,Bronce,False,False,True,3,2,1055.0,18,7,7,False
810,Colombia,Bogotá D.C.,Bronce,False,True,True,1,0,0.0,88,12,9,False
811,Colombia,Villavicencio,Bronce,False,False,True,3,2,1009.0,13,9,7,False
812,Colombia,Bogotá D.C.,Bronce,True,False,True,0,0,0.0,25,1,7,True
813,Colombia,Bucaramanga,Bronce,False,True,False,0,0,0.0,5,3,5,True
814,Colombia,Barranquilla,Bronce,True,False,True,4,2,1293.0,16,6,6,True
815,México,—,Bronce,True,False,True,1,0,0.0,29,1,4,True
816,Colombia,Bogotá D.C.,Plata,False,False,True,11,7,3115.0,25,1,10,True
817,México,—,Bronce,True,True,True,0,0,0.0,15,6,8,True
818,México,—,Bronce,False,False,True,0,0,0.0,59,5,8,True
819,Uruguay,—,Bronce,True,False,True,0,0,0.0,34,1,9,True
820,Ecuador,—,Oro,False,False,True,27,20,11103.0,21,0,6,True
821,Colombia,Medellín,Bronce,False,False,True,1,0,0.0,15,1,6,True
822,Colombia,Barranquilla,Bronce,False,False,True,1,0,0.0,39,2,7,True
823,Colombia,Bogotá D.C.,Plata,False,False,True,10,8,5090.0,13,7,5,False
824,Colombia,Bogotá D.C.,Bronce,True,False,True,0,0,0.0,32,6,9,True
825,Colombia,Bogotá D.C.,Bronce,False,False,True,0,0,0.0,23,10,4,False
826,Colombia,Medellín,Bronce,False,False,False,1,0,0.0,41,0,9,True
827,Colombia,Bogotá D.C.,Bronce,False,True,True,0,0,0.0,47,14,8,False
828,Uruguay,—,Bronce,False,True,True,6,4,2095.0,8,0,9,True
829,Colombia,Medellín,Bronce,True,False,True,2,1,479.0,28,16,10,False
830,Perú,—,Bronce,True,True,True,0,0,0.0,28,13,10,False
831,Colombia,Otras ciudades,Bronce,False,False,True,0,0,0.0,18,1,9,True
832,Colombia,Bogotá D.C.,Bronce,False,False,True,1,0,0.0,34,4,5,True
833,Colombia,Medellín,Bronce,False,False,True,0,0,0.0,14,10,7,False
834,Colombia,Cartagena,Bronce,True,False,True,3,2,1197.0,31,5,10,True
835,México,—,Bronce,True,False,False,0,0,0.0,42,2,9,True
836,Colombia,Ibagué,Plata,True,True,True,8,6,3603.0,25,4,10,True
837,Colombia,Otras ciudades,Plata,False,False,True,9,6,2948.0,20,15,5,False
838,Colombia,Otras ciudades,Oro,False,True,True,30,19,6813.0,51,15,7,False
839,Colombia,Cartagena,Bronce,True,False,True,1,0,0.0,15,17,8,False
840,Uruguay,—,Bronce,True,True,True,6,4,1649.0,15,6,10,True
841,Chile,—,Bronce,True,False,True,5,4,2486.0,23,2,6,True
842,Colombia,Otras ciudades,Bronce,True,False,False,0,0,0.0,9,0,7,True
843,Perú,—,Plata,False,False,True,18,11,5895.0,22,7,6,False
844,Colombia,Popayán,Bronce,True,True,True,0,0,0.0,21,2,7,True
845,México,—,Bronce,True,False,True,4,2,880.0,21,3,10,True
846,Colombia,Barranquilla,Bronce,False,False,True,0,0,0.0,40,1,8,True
847,Colombia,Bogotá D.C.,Plata,True,False,True,10,9,3367.0,17,1,9,True
848,Colombia,Medellín,Bronce,True,False,True,1,0,0.0,7,7,10,False
849,Uruguay,—,Bronce,True,False,False,0,0,0.0,8,0,6,True
850,Colombia,Cali,Bronce,False,False,True,0,0,0.0,18,11,10,False
851,Perú,—,Bronce,True,False,True,1,0,0.0,61,4,10,True
852,Colombia,Medellín,Bronce,False,False,True,0,0,0.0,32,6,10,True
853,Ecuador,—,Bronce,True,False,True,3,2,1027.0,87,5,3,True
854,Colombia,Bogotá D.C.,Bronce,True,True,True,0,0,0.0,10,1,10,True
855,Colombia,Otras ciudades,Bronce,False,False,True,6,3,1403.0,18,0,5,True
856,Colombia,Bogotá D.C.,Bronce,True,False,False,1,0,0.0,21,7,4,False
857,Colombia,Bogotá D.C.,Bronce,False,True,True,0,0,0.0,28,2,8,True
858,Colombia,Bogotá D.C.,Bronce,False,False,False,3,1,386.0,24,2,7,True
859,Colombia,Medellín,Bronce,False,False,True,3,1,408.0,9,0,6,True
860,Ecuador,—,Bronce,True,False,True,2,1,629.0,4,7,9,False
861,Colombia,Medellín,Plata,False,True,True,8,6,3017.0,10,10,9,False
862,Colombia,Valledupar,Bronce,True,False,True,0,0,0.0,69,2,9,True
863,Perú,—,Bronce,True,False,False,0,0,0.0,15,12,4,False
864,Colombia,Otras ciudades,Bronce,True,True,True,0,0,0.0,12,9,10,False
865,México,—,Plata,False,False,True,11,6,3199.0,10,0,5,True
866,Perú,—,Bronce,True,False,False,0,0,0.0,20,5,6,True
867,Colombia,Bogotá D.C.,Plata,True,False,True,19,12,7117.0,40,6,8,True
868,Colombia,Medellín,Bronce,False,False,False,0,0,0.0,4,13,5,False
869,Colombia,Bogotá D.C.,Bronce,True,False,True,1,0,0.0,30,4,5,True
870,Colombia,Bogotá D.C.,Bronce,True,False,False,0,0,0.0,42,9,6,False
871,Colombia,Bogotá D.C.,Bronce,True,False,True,0,0,0.0,8,2,6,True
872,México,—,Bronce,False,False,True,0,0,0.0,31,1,10,True
873,Colombia,Medellín,Bronce,False,True,True,3,2,806.0,19,4,10,True
874,Colombia,Villavicencio,Plata,False,False,True,23,19,9247.0,15,7,7,False
875,Colombia,Medellín,Bronce,True,False,True,0,0,0.0,13,4,5,True
876,Colombia,Bogotá D.C.,Bronce,True,False,True,2,1,458.0,25,1,8,True
877,Perú,—,Bronce,False,False,True,2,1,248.0,29,21,7,False
878,Colombia,Cali,Bronce,False,False,True,0,0,0.0,41,12,8,False
879,Colombia,Medellín,Bronce,False,False,True,0,0,0.0,43,3,9,True
880,Colombia,Bogotá D.C.,Bronce,False,True,False,4,2,903.0,5,2,8,True
881,Colombia,Neiva,Bronce,False,True,True,0,0,0.0,13,10,7,False
882,Colombia,Manizales,Bronce,True,False,True,0,0,0.0,8,0,4,True
883,Colombia,Bogotá D.C.,Bronce,False,True,True,0,0,0.0,18,3,5,True
884,Colombia,Bogotá D.C.,Bronce,False,True,True,0,0,0.0,45,5,3,True
885,Ecuador,—,Bronce,True,False,True,2,1,528.0,4,4,8,True
886,México,—,Plata,False,False,True,9,8,3413.0,22,9,10,False
887,Colombia,Cartagena,Bronce,False,False,True,0,0,0.0,2,7,10,False
888,Colombia,Pereira,Plata,True,True,True,9,5,1881.0,44,2,10,True
889,Ecuador,—,Bronce,True,False,True,1,0,0.0,102,4,8,True
890,México,—,Bronce,True,False,False,1,0,0.0,14,6,4,True
891,Colombia,Barranquilla,Bronce,False,False,True,5,3,1128.0,17,2,5,True
892,Colombia,Bogotá D.C.,Bronce,True,True,True,1,0,0.0,12,9,8,False
893,México,—,Bronce,True,False,True,6,3,1559.0,21,9,8,False
894,Perú,—,Bronce,True,True,True,1,0,0.0,5,19,9,False
895,Perú,—,Bronce,False,False,False,5,3,1596.0,18,1,9,True
896,Colombia,Bogotá D.C.,Bronce,False,True,True,1,0,0.0,52,0,10,True
897,Ecuador,—,Bronce,False,False,True,0,0,0.0,6,0,5,True
898,Colombia,Bogotá D.C.,Bronce,True,True,True,1,0,0.0,4,5,8,True
899,Colombia,Medellín,Plata,True,False,True,9,6,3157.0,17,0,7,True
900,Ecuador,—,Bronce,False,False,True,0,0,0.0,59,19,5,False
901,Colombia,Montería,Bronce,True,True,True,0,0,0.0,4,7,10,False
902,Colombia,Barranquilla,Bronce,False,False,True,2,1,377.0,66,8,7,False
903,Colombia,Medellín,Bronce,False,False,True,0,0,0.0,31,1,7,True
904,Colombia,Cartagena,Plata,False,False,False,23,15,6067.0,45,4,7,True
905,Colombia,Pasto,Bronce,True,True,True,0,0,0.0,32,12,5,False
906,Uruguay,—,Bronce,True,True,True,0,0,0.0,35,8,6,False
907,Colombia,Bogotá D.C.,Bronce,False,True,True,0,0,0.0,8,10,9,False
908,Colombia,Cali,Bronce,False,False,True,0,0,0.0,28,0,9,True
909,Ecuador,—,Bronce,True,False,True,0,0,0.0,15,0,7,True
910,México,—,Bronce,True,False,True,0,0,0.0,22,2,4,True
911,Colombia,Santa Marta,Bronce,True,False,True,2,1,625.0,33,6,5,True
912,Ecuador,—,Bronce,False,False,True,1,0,0.0,24,13,9,False
913,México,—,Bronce,False,True,True,0,0,0.0,48,6,9,True
914,Colombia,Bogotá D.C.,Bronce,False,False,True,0,0,0.0,2,8,8,False
915,Ecuador,—,Bronce,False,False,False,0,0,0.0,38,1,6,True
916,Colombia,Ibagué,Plata,False,False,True,23,13,4820.0,5,2,9,True
917,Perú,—,Bronce,True,False,True,0,0,0.0,23,1,5,True
918,México,—,Oro,False,False,True,31,19,8157.0,12,18,7,False
919,Colombia,Santa Marta,Bronce,True,False,True,0,0,0.0,14,5,5,True
920,Colombia,Cúcuta,Bronce,False,False,True,2,1,391.0,60,12,10,False
921,Colombia,Armenia,Bronce,True,False,True,4,3,1231.0,36,6,6,True
922,Colombia,Villavicencio,Bronce,False,False,False,4,2,1016.0,2,6,5,True
923,Ecuador,—,Bronce,False,True,True,3,2,589.0,11,1,8,True
924,Colombia,Bogotá D.C.,Bronce,False,False,True,0,0,0.0,21,6,7,True
925,Colombia,Otras ciudades,Platino,True,False,True,73,66,39261.0,71,4,10,True
926,México,—,Bronce,False,True,True,2,1,591.0,16,8,5,False
927,Ecuador,—,Bronce,True,False,True,0,0,0.0,26,3,7,True
928,Colombia,Bogotá D.C.,Plata,True,False,True,9,6,3274.0,74,11,8,False
929,México,—,Bronce,False,False,True,1,0,0.0,12,2,9,True
930,Colombia,Pereira,Bronce,False,True,True,7,4,1893.0,37,7,10,False
931,Colombia,Bogotá D.C.,Bronce,False,False,True,0,0,0.0,32,1,7,True
932,México,—,Bronce,True,False,True,0,0,0.0,16,5,7,True
933,Ecuador,—,Bronce,True,False,True,7,5,1812.0,100,3,9,True
934,Colombia,Cali,Bronce,True,False,True,1,0,0.0,22,11,7,False
935,Colombia,Medellín,Bronce,True,False,True,1,0,0.0,20,1,6,True
936,Colombia,Otras ciudades,Bronce,True,True,True,1,0,0.0,7,1,6,True
937,Uruguay,—,Bronce,False,False,False,1,0,0.0,36,1,7,True
938,Colombia,Pasto,Bronce,True,False,False,3,2,694.0,16,4,7,True
939,Colombia,Manizales,Bronce,False,False,True,0,0,0.0,24,2,5,True
940,Colombia,Bogotá D.C.,Bronce,False,False,True,0,0,0.0,3,4,7,True
941,México,—,Plata,True,True,True,9,6,1952.0,25,2,9,True
942,Colombia,Neiva,Bronce,True,True,True,0,0,0.0,28,5,5,True
943,Colombia,Medellín,Bronce,True,True,True,0,0,0.0,24,0,6,True
944,Colombia,Bogotá D.C.,Bronce,True,False,True,0,0,0.0,22,4,7,True
945,Chile,—,Bronce,True,False,False,1,0,0.0,44,15,7,False
946,Colombia,Bogotá D.C.,Bronce,True,False,True,1,0,0.0,6,0,7,True
947,Colombia,Bucaramanga,Bronce,True,True,True,1,0,0.0,71,4,9,True
948,México,—,Bronce,True,False,False,0,0,0.0,30,3,6,True
949,Colombia,Armenia,Oro,False,False,True,44,33,16080.0,25,2,6,True
950,Colombia,Otras ciudades,Bronce,True,True,False,0,0,0.0,22,8,8,False
951,Perú,—,Bronce,False,False,True,2,1,520.0,28,7,5,False
952,Colombia,Bogotá D.C.,Platino,False,False,True,97,80,52375.0,69,18,7,False
953,México,—,Plata,False,False,True,10,6,3555.0,52,2,5,True
954,Colombia,Bogotá D.C.,Bronce,False,True,True,1,0,0.0,12,20,5,False
955,Uruguay,—,Plata,False,False,True,11,7,3335.0,19,2,8,True
956,Colombia,Medellín,Bronce,True,False,True,0,0,0.0,36,12,9,False
957,Colombia,Manizales,Bronce,False,False,True,5,4,1019.0,14,4,9,True
958,Perú,—,Bronce,True,False,False,2,1,231.0,3,7,6,False
959,Uruguay,—,Bronce,False,False,True,1,0,0.0,19,7,7,False
960,Colombia,Pereira,Bronce,True,True,True,0,0,0.0,19,8,7,False
961,Perú,—,Bronce,True,False,True,0,0,0.0,70,0,5,True
962,Ecuador,—,Bronce,False,True,True,0,0,0.0,34,2,7,True
963,Colombia,Bucaramanga,Bronce,True,False,True,0,0,0.0,92,2,6,True
964,Ecuador,—,Bronce,False,True,True,5,4,1407.0,45,0,3,True
965,Colombia,Bogotá D.C.,Oro,False,True,True,26,15,9058.0,32,1,2,True
966,Ecuador,—,Bronce,False,True,True,1,0,0.0,42,19,8,False
967,Colombia,Villavicencio,Bronce,True,False,True,0,0,0.0,22,4,6,True
968,México,—,Bronce,True,True,True,2,1,370.0,14,8,10,False
969,México,—,Plata,True,True,True,9,7,3270.0,16,1,6,True
970,Colombia,Ibagué,Bronce,False,False,False,2,1,435.0,21,13,10,False
971,Ecuador,—,Bronce,True,False,True,0,0,0.0,14,2,7,True
972,Colombia,Otras ciudades,Bronce,False,False,True,1,0,0.0,20,12,8,False
973,Colombia,Armenia,Bronce,False,False,True,2,1,447.0,26,5,7,True
974,Uruguay,—,Plata,True,False,False,11,6,3238.0,25,0,6,True
975,Colombia,Montería,Bronce,True,True,True,6,4,1949.0,10,10,10,False
976,Colombia,Manizales,Bronce,True,False,False,0,0,0.0,1,5,9,True
977,Colombia,Bogotá D.C.,Bronce,True,False,True,1,0,0.0,55,6,5,True
978,Colombia,Cartagena,Bronce,False,False,False,1,0,0.0,37,0,4,True
979,Colombia,Bogotá D.C.,Plata,True,True,True,14,10,4241.0,70,3,6,True
980,Colombia,Neiva,Plata,True,False,False,17,12,5572.0,30,20,5,False
981,Colombia,Medellín,Plata,False,True,True,10,8,3757.0,10,0,7,True
982,México,—,Bronce,False,False,True,5,4,1602.0,19,1,10,True
983,Colombia,Medellín,Bronce,True,False,True,0,0,0.0,25,3,7,True
984,México,—,Bronce,False,True,True,0,0,0.0,58,6,8,True
985,México,—,Bronce,True,False,True,3,2,692.0,64,7,8,False
986,Colombia,Medellín,Bronce,True,False,True,5,3,1612.0,50,13,8,False
987,Colombia,Cali,Plata,False,True,True,13,11,5024.0,34,15,8,False
988,Colombia,Cali,Bronce,False,False,True,0,0,0.0,20,2,7,True
989,México,—,Bronce,False,False,True,0,0,0.0,2,1,10,True
990,Colombia,Bogotá D.C.,Bronce,False,False,True,1,0,0.0,28,6,8,True
991,Ecuador,—,Bronce,True,False,True,3,1,479.0,95,2,10,True
992,Colombia,Bucaramanga,Bronce,False,False,True,0,0,0.0,44,9,6,False
993,Colombia,Bogotá D.C.,Plata,True,False,False,22,15,7322.0,61,2,8,True
994,Colombia,Bogotá D.C.,Bronce,False,True,False,0,0,0.0,46,2,5,True
995,Perú,—,Bronce,False,False,True,1,0,0.0,7,0,8,True
996,Colombia,Cali,Bronce,True,True,False,0,0,0.0,28,0,4,True
997,México,—,Bronce,True,False,True,0,0,0.0,11,2,5,True
998,México,—,Bronce,True,False,True,3,2,701.0,13,1,6,True
999,Colombia,Bogotá D.C.,Plata,True,True,True,20,12,6340.0,18,0,6,True
1000,Colombia,Medellín,Bronce,True,False,True,3,2,1020.0,17,20,7,False
1001,Colombia,Cali,Bronce,True,False,True,1,0,0.0,31,21,4,False
1002,Ecuador,—,Bronce,False,True,True,6,5,1766.0,55,4,7,True
1003,México,—,Bronce,True,False,True,5,3,1597.0,3,4,9,True
1004,Perú,—,Bronce,True,True,True,2,1,612.0,4,5,8,True
1005,Colombia,Pasto,Bronce,True,False,True,0,0,0.0,29,8,7,False
1006,Colombia,Cali,Bronce,True,False,True,2,1,505.0,42,15,5,False
1007,México,—,Bronce,True,False,True,7,5,2904.0,21,9,8,False
1008,Perú,—,Bronce,True,False,False,0,0,0.0,26,2,2,True
1009,Ecuador,—,Bronce,False,False,True,0,0,0.0,12,1,8,True
1010,México,—,Bronce,True,False,True,1,0,0.0,20,3,10,True
1011,Colombia,Medellín,Bronce,False,False,True,1,0,0.0,28,1,3,True
1012,Colombia,Sincelejo,Plata,False,False,True,15,12,5973.0,20,19,9,False
1013,Perú,—,Plata,True,False,True,8,5,2450.0,29,17,4,False
1014,Colombia,Barranquilla,Bronce,True,False,False,1,0,0.0,67,14,6,False
1015,Perú,—,Bronce,True,False,True,0,0,0.0,26,5,9,True
1016,Colombia,Bogotá D.C.,Bronce,True,True,True,2,1,507.0,9,0,6,True
1017,Uruguay,—,Bronce,False,True,True,2,1,497.0,18,3,6,True
1018,Colombia,Bogotá D.C.,Bronce,True,True,True,3,1,518.0,13,3,5,True
1019,Colombia,Medellín,Bronce,False,True,True,3,2,1212.0,29,3,3,True
1020,Colombia,Bucaramanga,Bronce,True,False,True,1,0,0.0,12,6,3,True
1021,Perú,—,Bronce,False,False,True,0,0,0.0,46,20,2,False
1022,Colombia,Barranquilla,Platino,False,False,True,99,84,45663.0,25,0,7,True
1023,Colombia,Medellín,Bronce,False,False,True,1,0,0.0,23,9,7,False
1024,Colombia,Bogotá D.C.,Bronce,False,False,True,0,0,0.0,45,3,4,True
1025,Colombia,Santa Marta,Bronce,True,False,True,0,0,0.0,23,1,7,True
1026,Colombia,Medellín,Plata,False,False,True,8,6,2105.0,11,7,9,False
1027,Colombia,Cali,Bronce,True,False,True,2,1,616.0,5,12,10,False
1028,Ecuador,—,Bronce,False,False,False,0,0,0.0,91,3,9,True
1029,Colombia,Bogotá D.C.,Bronce,False,False,True,2,1,437.0,9,3,10,True
1030,Colombia,Cali,Bronce,True,True,False,0,0,0.0,13,0,7,True
1031,Colombia,Manizales,Bronce,False,False,False,0,0,0.0,106,5,9,True
1032,Colombia,Medellín,Bronce,False,False,True,0,0,0.0,27,10,9,False
1033,Colombia,Medellín,Plata,False,True,True,15,12,7239.0,13,12,7,False
1034,Colombia,Pereira,Bronce,True,False,True,5,4,1870.0,17,1,8,True
1035,Ecuador,—,Bronce,True,False,False,6,4,1693.0,13,10,7,False
1036,Colombia,Barranquilla,Bronce,True,False,True,0,0,0.0,34,9,7,False
1037,Ecuador,—,Bronce,False,False,False,3,2,931.0,31,5,8,True
1038,Colombia,Otras ciudades,Bronce,False,False,False,4,2,1135.0,28,1,3,True
1039,Colombia,Bogotá D.C.,Bronce,False,False,False,0,0,0.0,12,0,6,True
1040,Ecuador,—,Bronce,True,True,False,0,0,0.0,18,3,8,True
1041,Colombia,Cúcuta,Plata,True,True,True,14,11,5270.0,15,3,2,True
1042,Uruguay,—,Bronce,True,True,True,4,2,1527.0,17,5,10,True
1043,Colombia,Barranquilla,Bronce,True,True,True,2,1,462.0,13,28,7,False
1044,Colombia,Bogotá D.C.,Plata,False,True,True,8,7,3611.0,31,8,10,False
1045,Colombia,Cúcuta,Bronce,True,True,True,0,0,0.0,17,11,10,False
1046,Colombia,Cali,Bronce,False,False,True,0,0,0.0,88,5,5,True
1047,Colombia,Barranquilla,Bronce,True,False,True,4,3,1947.0,25,4,7,True
1048,Uruguay,—,Plata,True,False,True,9,7,3968.0,45,2,8,True
1049,Colombia,Popayán,Oro,True,True,True,25,16,10009.0,12,6,6,True
1050,México,—,Bronce,False,False,False,0,0,0.0,10,7,2,False
1051,Colombia,Bogotá D.C.,Bronce,False,False,True,0,0,0.0,9,1,6,True
1052,Perú,—,Plata,True,False,True,11,8,2560.0,13,0,6,True
1053,Colombia,Bogotá D.C.,Bronce,False,False,True,1,0,0.0,123,7,5,False
1054,Colombia,Bogotá D.C.,Bronce,True,True,True,2,1,354.0,12,10,6,False
1055,Ecuador,—,Bronce,True,False,True,2,1,428.0,1,5,10,True
1056,Colombia,Cali,Plata,True,True,False,12,7,4191.0,14,4,8,True
1057,México,—,Bronce,False,True,True,6,3,1302.0,13,2,5,True
1058,Colombia,Cali,Bronce,True,False,True,0,0,0.0,38,2,7,True
1059,Ecuador,—,Plata,True,False,True,15,10,5930.0,26,5,10,True
1060,México,—,Bronce,False,False,True,0,0,0.0,2,4,9,True
1061,Colombia,Bogotá D.C.,Bronce,True,False,True,3,2,1260.0,43,3,8,True
1062,Colombia,Bogotá D.C.,Plata,False,False,False,23,18,10428.0,38,7,10,False
1063,Colombia,Cali,Bronce,True,False,False,4,2,844.0,37,0,8,True
1064,México,—,Bronce,False,False,True,0,0,0.0,9,5,10,True
1065,Colombia,Cúcuta,Bronce,True,False,True,1,0,0.0,24,1,9,True
1066,Colombia,Otras ciudades,Bronce,False,False,True,4,3,1380.0,10,0,7,True
1067,Colombia,Cali,Bronce,True,False,True,4,2,1097.0,9,5,6,True
1068,Colombia,Cali,Bronce,False,False,False,0,0,0.0,20,8,9,False
1069,Colombia,Cartagena,Bronce,False,True,False,0,0,0.0,19,1,6,True
1070,Colombia,Bogotá D.C.,Bronce,False,False,True,1,0,0.0,10,18,9,False
1071,Colombia,Cali,Oro,True,False,True,26,20,6421.0,29,3,5,True
1072,Colombia,Cúcuta,Plata,True,False,True,12,9,3540.0,12,0,9,True
1073,Colombia,Villavicencio,Bronce,True,False,True,5,4,1627.0,21,2,8,True
1074,México,—,Bronce,False,True,False,1,0,0.0,28,13,7,False
1075,Colombia,Bogotá D.C.,Bronce,True,True,True,4,3,1292.0,28,2,10,True
1076,Uruguay,—,Bronce,True,False,True,0,0,0.0,50,3,7,True
1077,México,—,Bronce,True,False,True,0,0,0.0,7,4,6,True
1078,Colombia,Cali,Bronce,False,False,True,0,0,0.0,6,2,10,True
1079,México,—,Bronce,False,True,True,1,0,0.0,12,11,9,False
1080,Colombia,Bogotá D.C.,Bronce,False,False,True,0,0,0.0,33,2,8,True
1081,México,—,Bronce,True,True,True,1,0,0.0,59,1,6,True
1082,Colombia,Bogotá D.C.,Bronce,False,False,False,0,0,0.0,8,4,6,True
1083,Colombia,Bogotá D.C.,Plata,False,False,True,9,5,1627.0,27,2,3,True
1084,Ecuador,—,Bronce,False,False,False,7,4,2387.0,82,7,6,False
1085,Colombia,Popayán,Bronce,False,False,True,0,0,0.0,11,2,8,True
1086,Colombia,Bucaramanga,Bronce,False,False,True,1,0,0.0,18,0,6,True
1087,Colombia,Valledupar,Bronce,False,False,True,1,0,0.0,9,12,7,False
1088,Ecuador,—,Bronce,True,False,True,0,0,0.0,25,2,6,True
1089,Chile,—,Bronce,True,False,True,0,0,0.0,49,19,6,False
1090,Colombia,Cartagena,Oro,True,False,True,32,24,8640.0,35,9,8,False
1091,Colombia,Villavicencio,Bronce,False,False,True,1,0,0.0,3,6,10,True
1092,Colombia,Neiva,Bronce,True,True,True,0,0,0.0,4,1,7,True
1093,Colombia,Medellín,Bronce,True,False,True,0,0,0.0,2,13,7,False
1094,Colombia,Barranquilla,Bronce,False,True,True,0,0,0.0,53,17,8,False
1095,Colombia,Pasto,Bronce,False,False,True,1,0,0.0,2,4,10,True
1096,Colombia,Manizales,Bronce,True,False,True,5,3,2170.0,3,4,7,True
1097,Ecuador,—,Bronce,False,False,True,1,0,0.0,19,0,5,True
1098,Colombia,Bogotá D.C.,Bronce,True,False,False,5,4,1650.0,33,24,7,False
1099,México,—,Bronce,False,False,False,0,0,0.0,58,10,7,False
1100,Colombia,Villavicencio,Bronce,False,False,False,3,2,890.0,52,1,8,True
1101,Colombia,Medellín,Bronce,True,True,True,1,0,0.0,55,0,10,True
1102,Uruguay,—,Bronce,False,False,True,1,0,0.0,35,18,9,False
1103,Colombia,Medellín,Bronce,False,True,True,1,0,0.0,38,6,10,True
1104,México,—,Bronce,True,False,True,1,0,0.0,41,12,10,False
1105,Colombia,Medellín,Bronce,True,True,False,3,2,824.0,64,6,6,True
1106,Uruguay,—,Bronce,False,False,True,2,1,561.0,56,10,5,False
1107,Colombia,Cartagena,Bronce,True,True,False,2,1,455.0,27,5,6,True
1108,Colombia,Bogotá D.C.,Bronce,True,True,True,0,0,0.0,24,5,6,True
1109,Colombia,Barranquilla,Plata,False,False,True,8,7,3624.0,67,8,6,False
1110,Colombia,Bogotá D.C.,Plata,True,True,True,13,10,4773.0,27,5,10,True
1111,Uruguay,—,Bronce,False,False,True,3,2,1429.0,20,12,6,False
1112,México,—,Bronce,True,False,True,0,0,0.0,6,2,5,True
1113,Uruguay,—,Bronce,True,False,False,7,5,3851.0,6,1,8,True
1114,Colombia,Pereira,Bronce,True,False,False,2,1,386.0,41,0,4,True
1115,Colombia,Cali,Bronce,True,False,True,0,0,0.0,7,1,10,True
1116,Colombia,Bogotá D.C.,Bronce,False,True,False,2,1,511.0,5,7,4,False
1117,Colombia,Otras ciudades,Bronce,False,False,True,3,2,1011.0,22,11,10,False
1118,Colombia,Neiva,Bronce,False,False,True,4,3,1326.0,14,2,8,True
1119,Colombia,Barranquilla,Bronce,True,False,True,7,5,2621.0,38,6,6,True
1120,Perú,—,Bronce,True,True,True,1,0,0.0,8,5,8,True
1121,Colombia,Neiva,Bronce,False,False,True,3,2,1037.0,23,6,8,True
1122,Colombia,Otras ciudades,Bronce,True,False,True,0,0,0.0,43,12,10,False
1123,Colombia,Cali,Plata,True,True,True,10,7,2584.0,30,5,10,True
1124,Ecuador,—,Bronce,True,True,True,3,2,1027.0,24,8,8,False
1125,Perú,—,Bronce,False,False,True,0,0,0.0,24,5,9,True
1126,Colombia,Bogotá D.C.,Bronce,False,False,True,0,0,0.0,15,2,10,True
1127,Colombia,Barranquilla,Bronce,True,False,True,2,1,541.0,36,15,6,False
1128,Colombia,Armenia,Bronce,True,True,True,5,4,2438.0,38,6,10,True
1129,Colombia,Cali,Bronce,True,True,True,1,0,0.0,35,5,4,True
1130,Colombia,Cali,Bronce,True,False,True,2,1,530.0,28,5,5,True
1131,Colombia,Barranquilla,Bronce,True,False,True,0,0,0.0,9,13,9,False
1132,Colombia,Pereira,Bronce,False,False,True,2,1,485.0,46,4,8,True
1133,México,—,Bronce,True,False,False,2,1,578.0,17,5,7,True
1134,Colombia,Bucaramanga,Plata,False,False,False,9,6,2079.0,24,3,6,True
1135,Colombia,Bogotá D.C.,Plata,False,True,True,24,16,8352.0,35,1,6,True
1136,Colombia,Bogotá D.C.,Bronce,False,False,True,0,0,0.0,68,2,7,True
1137,Colombia,Bucaramanga,Bronce,True,True,True,2,1,383.0,9,6,8,True
1138,Colombia,Bogotá D.C.,Bronce,False,False,False,6,5,1742.0,27,9,10,False
1139,Colombia,Bogotá D.C.,Bronce,False,False,False,5,3,1876.0,18,5,10,True
1140,Colombia,Medellín,Bronce,True,False,True,0,0,0.0,19,6,3,True
1141,Colombia,Bogotá D.C.,Bronce,False,False,True,4,2,559.0,21,1,7,True
1142,Perú,—,Bronce,True,False,True,1,0,0.0,52,1,7,True
1143,Colombia,Bogotá D.C.,Bronce,True,False,True,3,2,1319.0,23,2,8,True
1144,Chile,—,Bronce,True,True,True,1,0,0.0,9,2,9,True
1145,Colombia,Medellín,Plata,False,True,True,16,13,8738.0,16,0,3,True
1146,Colombia,Bogotá D.C.,Bronce,True,True,True,5,4,2143.0,39,20,9,False
1147,Colombia,Pasto,Bronce,False,False,True,2,1,536.0,8,3,10,True
1148,Colombia,Villavicencio,Bronce,True,False,True,6,4,2518.0,49,5,6,True
1149,México,—,Bronce,True,True,True,0,0,0.0,41,4,8,True
1150,Colombia,Barranquilla,Oro,False,False,True,40,28,14938.0,29,17,10,False
1151,Colombia,Sincelejo,Bronce,False,False,True,0,0,0.0,28,12,2,False
1152,Perú,—,Plata,False,True,True,9,6,2733.0,20,8,9,False
1153,Perú,—,Bronce,True,False,True,1,0,0.0,32,19,5,False
1154,Colombia,Bogotá D.C.,Platino,False,False,False,193,145,42690.0,8,4,7,True
1155,Colombia,Cali,Bronce,False,False,True,0,0,0.0,3,2,8,True
1156,Colombia,Cali,Bronce,False,False,True,0,0,0.0,1,1,7,True
1157,Colombia,Barranquilla,Bronce,False,False,True,0,0,0.0,37,2,10,True
1158,Perú,—,Bronce,False,True,True,0,0,0.0,49,9,5,False
1159,Colombia,Cali,Bronce,False,False,True,0,0,0.0,16,5,6,True
1160,Colombia,Santa Marta,Bronce,False,False,True,2,1,422.0,44,12,4,False
1161,México,—,Bronce,True,True,True,6,5,2640.0,24,0,6,True
1162,Colombia,Manizales,Plata,True,False,True,11,10,3556.0,7,0,10,True
1163,Colombia,Cartagena,Bronce,True,True,True,3,2,1131.0,69,14,4,False
1164,Colombia,Bogotá D.C.,Bronce,True,False,True,2,1,470.0,14,19,10,False
1165,México,—,Bronce,False,True,True,3,1,498.0,83,0,5,True
1166,Colombia,Cali,Bronce,True,False,True,1,0,0.0,32,14,10,False
1167,Colombia,Medellín,Bronce,True,False,True,0,0,0.0,9,2,7,True
1168,Colombia,Medellín,Bronce,True,False,True,0,0,0.0,61,9,6,False
1169,Colombia,Otras ciudades,Bronce,False,True,False,0,0,0.0,11,0,7,True
1170,Colombia,Bogotá D.C.,Bronce,False,False,True,1,0,0.0,26,12,10,False
1171,Colombia,Bogotá D.C.,Bronce,False,False,True,1,0,0.0,45,5,5,True
1172,Colombia,Medellín,Bronce,True,True,True,3,2,910.0,2,7,10,False
1173,Ecuador,—,Plata,False,True,True,8,5,1279.0,12,0,6,True
1174,Colombia,Bogotá D.C.,Bronce,False,False,True,2,1,417.0,5,3,7,True
1175,Ecuador,—,Bronce,False,False,True,5,4,2851.0,17,1,8,True
1176,Perú,—,Bronce,False,False,True,0,0,0.0,70,1,9,True
1177,Colombia,Santa Marta,Bronce,True,False,True,1,0,0.0,1,21,6,False
1178,Colombia,Valledupar,Bronce,True,False,True,0,0,0.0,44,7,10,False
1179,Ecuador,—,Bronce,False,False,True,0,0,0.0,30,4,10,True
1180,México,—,Bronce,True,False,True,0,0,0.0,8,1,7,True
1181,México,—,Bronce,False,False,False,0,0,0.0,42,7,6,False
1182,Colombia,Medellín,Bronce,False,False,False,7,4,1564.0,31,10,8,False
1183,Colombia,Pasto,Bronce,True,False,True,2,1,529.0,50,11,7,False
1184,México,—,Bronce,True,False,True,0,0,0.0,28,8,5,False
1185,Colombia,Montería,Bronce,True,False,True,0,0,0.0,26,15,6,False
1186,Ecuador,—,Bronce,True,False,True,1,0,0.0,18,4,9,True
1187,Colombia,Manizales,Bronce,True,True,True,1,0,0.0,5,4,7,True
1188,Perú,—,Plata,False,False,True,16,12,6371.0,45,1,5,True
1189,Colombia,Barranquilla,Bronce,True,False,True,1,0,0.0,58,3,3,True
1190,Colombia,Santa Marta,Plata,False,False,True,8,5,3317.0,45,1,6,True
1191,Colombia,Bogotá D.C.,Bronce,True,False,True,0,0,0.0,13,8,7,False
1192,México,—,Bronce,True,False,True,2,1,250.0,40,2,7,True
1193,México,—,Bronce,True,False,False,0,0,0.0,20,4,9,True
1194,Uruguay,—,Oro,True,False,True,43,38,13241.0,30,9,10,False
1195,Colombia,Neiva,Bronce,False,True,True,1,0,0.0,14,7,10,False
1196,México,—,Bronce,False,True,True,3,2,1032.0,13,9,9,False
1197,Ecuador,—,Bronce,True,True,False,0,0,0.0,31,13,7,False
1198,Colombia,Medellín,Bronce,False,False,True,3,2,913.0,57,4,7,True
1199,México,—,Bronce,False,False,False,0,0,0.0,21,4,4,True
1200,Colombia,Cartagena,Bronce,False,False,True,0,0,0.0,55,0,10,True
1201,Colombia,Cali,Bronce,True,False,True,1,0,0.0,9,2,6,True
1202,Colombia,Pereira,Bronce,False,False,True,0,0,0.0,40,22,3,False
1203,Ecuador,—,Bronce,False,True,True,0,0,0.0,7,12,5,False
1204,México,—,Bronce,False,True,True,1,0,0.0,28,1,9,True
1205,Ecuador,—,Bronce,True,False,True,0,0,0.0,10,24,8,False
1206,Colombia,Medellín,Bronce,False,False,True,0,0,0.0,19,13,9,False
1207,Colombia,Otras ciudades,Oro,False,False,True,38,34,23383.0,15,4,6,True
1208,Colombia,Otras ciudades,Bronce,False,False,True,2,1,552.0,59,3,8,True
1209,Colombia,Bogotá D.C.,Bronce,True,False,True,3,2,848.0,64,7,7,False
1210,Colombia,Cartagena,Bronce,True,False,True,4,3,1688.0,28,2,10,True
1211,Colombia,Bogotá D.C.,Bronce,False,True,False,0,0,0.0,7,1,9,True
1212,Colombia,Barranquilla,Plata,True,False,True,17,11,6167.0,5,6,10,True
1213,México,—,Bronce,False,False,False,1,0,0.0,90,7,9,False
1214,México,—,Bronce,False,True,False,3,2,1106.0,13,3,5,True
1215,Colombia,Barranquilla,Bronce,False,False,True,2,1,357.0,4,4,10,True
1216,Colombia,Bogotá D.C.,Bronce,True,False,True,2,1,543.0,14,5,6,True
1217,Colombia,Bucaramanga,Bronce,True,False,True,1,0,0.0,25,16,10,False
1218,Colombia,Barranquilla,Bronce,False,False,True,0,0,0.0,4,5,10,True
1219,Colombia,Manizales,Bronce,True,False,False,1,0,0.0,8,7,4,False
1220,México,—,Bronce,True,False,True,0,0,0.0,35,10,3,False
1221,Colombia,Bogotá D.C.,Bronce,True,True,True,1,0,0.0,35,0,5,True
1222,Colombia,Ibagué,Bronce,False,False,True,0,0,0.0,41,20,10,False
1223,Perú,—,Bronce,True,True,False,1,0,0.0,128,2,5,True
1224,Colombia,Bogotá D.C.,Bronce,False,False,True,6,3,1425.0,35,1,7,True
1225,Colombia,Barranquilla,Bronce,True,True,True,1,0,0.0,10,4,10,True
1226,Uruguay,—,Bronce,False,False,True,1,0,0.0,12,4,5,True
1227,Colombia,Medellín,Bronce,True,False,True,0,0,0.0,14,4,5,True
1228,Colombia,Bucaramanga,Bronce,True,True,True,1,0,0.0,11,0,6,True
1229,Colombia,Otras ciudades,Plata,True,True,True,18,15,9594.0,18,6,10,True
1230,Colombia,Medellín,Bronce,False,True,True,0,0,0.0,19,5,6,True
1231,Colombia,Armenia,Bronce,True,False,True,4,2,1120.0,1,30,8,False
1232,Colombia,Bogotá D.C.,Plata,True,False,False,18,15,6598.0,10,5,4,True
1233,Colombia,Bogotá D.C.,Bronce,True,False,False,0,0,0.0,17,4,5,True
1234,Colombia,Montería,Bronce,False,True,True,4,3,1160.0,17,2,8,True
1235,México,—,Bronce,True,True,True,0,0,0.0,70,1,6,True
1236,Uruguay,—,Bronce,False,False,True,0,0,0.0,62,1,9,True
1237,Colombia,Bucaramanga,Bronce,False,False,True,0,0,0.0,51,8,9,False
1238,México,—,Bronce,True,False,True,0,0,0.0,24,7,7,False
1239,Colombia,Barranquilla,Bronce,False,True,True,0,0,0.0,37,16,8,False
1240,Ecuador,—,Bronce,True,True,True,2,1,300.0,31,3,9,True
1241,México,—,Bronce,False,True,True,1,0,0.0,22,1,8,True
1242,Colombia,Bogotá D.C.,Bronce,True,True,True,0,0,0.0,18,2,6,True
1243,Colombia,Bogotá D.C.,Plata,False,True,True,17,11,6232.0,29,0,6,True
1244,México,—,Bronce,True,True,True,0,0,0.0,17,4,7,True
1245,Colombia,Manizales,Bronce,True,False,False,1,0,0.0,52,14,5,False
1246,Colombia,Bogotá D.C.,Bronce,False,True,False,5,2,1235.0,34,0,3,True
1247,México,—,Plata,False,False,True,16,12,4594.0,37,2,4,True
1248,Colombia,Bogotá D.C.,Bronce,False,False,True,1,0,0.0,5,0,8,True
1249,Perú,—,Bronce,True,False,True,0,0,0.0,34,1,5,True
1250,Colombia,Bogotá D.C.,Bronce,True,False,False,3,2,808.0,45,0,6,True
1251,Colombia,Bogotá D.C.,Bronce,False,False,True,0,0,0.0,15,5,7,True
1252,Perú,—,Bronce,False,False,False,1,0,0.0,30,2,5,True
1253,México,—,Bronce,False,False,True,1,0,0.0,24,5,9,True
1254,Colombia,Otras ciudades,Bronce,False,False,True,0,0,0.0,19,11,7,False
1255,Perú,—,Bronce,False,False,True,7,4,2185.0,57,11,4,False
1256,Colombia,Cúcuta,Bronce,True,True,True,0,0,0.0,2,4,6,True
1257,Colombia,Cúcuta,Bronce,False,False,True,0,0,0.0,18,10,7,False
1258,México,—,Bronce,False,False,True,0,0,0.0,107,3,7,True
1259,Colombia,Medellín,Bronce,False,False,False,0,0,0.0,47,7,10,False
1260,Colombia,Bogotá D.C.,Oro,False,False,True,34,29,12185.0,26,4,10,True
1261,Colombia,Bogotá D.C.,Bronce,True,False,True,0,0,0.0,9,1,8,True
1262,Perú,—,Bronce,True,False,True,0,0,0.0,6,0,7,True
1263,Colombia,Bogotá D.C.,Bronce,False,False,False,1,0,0.0,32,1,9,True
1264,Colombia,Cali,Bronce,True,False,True,1,0,0.0,80,5,9,True
1265,Colombia,Bogotá D.C.,Bronce,False,False,False,5,3,2004.0,15,11,6,False
1266,Ecuador,—,Bronce,True,False,True,1,0,0.0,24,3,5,True
1267,Colombia,Villavicencio,Bronce,False,False,True,0,0,0.0,86,13,7,False
1268,Chile,—,Bronce,False,False,True,1,0,0.0,32,12,8,False
1269,Colombia,Pereira,Bronce,False,True,True,7,6,2021.0,39,6,10,True
1270,Colombia,Valledupar,Bronce,False,False,False,4,2,963.0,57,16,7,False
1271,Uruguay,—,Bronce,False,False,True,2,1,602.0,46,5,5,True
1272,Colombia,Cartagena,Bronce,False,False,True,3,2,1070.0,50,0,3,True
1273,México,—,Bronce,False,True,True,2,1,430.0,34,0,8,True
1274,Colombia,Otras ciudades,Bronce,False,False,True,0,0,0.0,12,5,8,True
1275,Colombia,Ibagué,Bronce,True,False,True,7,6,2718.0,27,4,4,True
1276,Colombia,Barranquilla,Bronce,False,False,True,5,3,1737.0,72,18,7,False
1277,México,—,Bronce,False,True,True,1,0,0.0,73,1,8,True
1278,Colombia,Bogotá D.C.,Bronce,False,False,True,1,0,0.0,28,0,10,True
1279,Colombia,Santa Marta,Plata,True,False,True,14,12,4034.0,16,2,9,True
1280,Colombia,Barranquilla,Bronce,False,False,True,4,2,863.0,9,3,9,True
1281,Colombia,Cali,Bronce,False,False,True,3,2,549.0,17,5,7,True
1282,Colombia,Otras ciudades,Bronce,False,False,True,1,0,0.0,13,13,10,False
1283,México,—,Bronce,False,False,True,0,0,0.0,53,7,7,False
1284,Colombia,Otras ciudades,Bronce,False,False,True,4,2,971.0,32,0,8,True
1285,México,—,Oro,True,False,True,40,27,17628.0,7,5,8,True
1286,Colombia,Cali,Bronce,False,False,True,0,0,0.0,24,2,6,True
1287,México,—,Bronce,False,False,False,0,0,0.0,11,6,8,True
1288,Ecuador,—,Bronce,True,True,True,1,0,0.0,26,11,9,False
1289,Ecuador,—,Bronce,False,False,False,4,2,1015.0,22,6,4,True
1290,Colombia,Cali,Bronce,False,True,True,2,1,549.0,29,4,3,True
1291,Ecuador,—,Bronce,True,False,True,1,0,0.0,4,15,10,False
1292,México,—,Bronce,False,False,False,0,0,0.0,6,10,5,False
1293,Colombia,Medellín,Bronce,False,True,True,0,0,0.0,16,3,4,True
1294,México,—,Plata,True,False,True,10,7,4403.0,8,9,9,False
1295,Perú,—,Bronce,False,True,False,1,0,0.0,14,0,7,True
1296,México,—,Bronce,True,False,True,4,2,1270.0,5,6,8,True
1297,Colombia,Pereira,Bronce,True,True,True,0,0,0.0,16,9,6,False
1298,Colombia,Cúcuta,Bronce,True,False,True,1,0,0.0,13,0,8,True
1299,Uruguay,—,Plata,True,False,False,8,5,2392.0,43,6,7,True
1300,Uruguay,—,Plata,True,True,True,17,11,3646.0,10,5,10,True
1301,Colombia,Otras ciudades,Bronce,False,False,True,1,0,0.0,37,3,8,True
1302,Colombia,Medellín,Bronce,True,False,True,0,0,0.0,3,22,7,False
1303,Colombia,Bogotá D.C.,Bronce,False,False,True,4,3,1498.0,20,6,4,True
1304,Colombia,Medellín,Bronce,True,False,True,1,0,0.0,73,3,7,True
1305,Colombia,Otras ciudades,Bronce,False,False,True,3,2,971.0,69,1,5,True
1306,Ecuador,—,Plata,True,True,True,10,8,2479.0,36,4,10,True
1307,Colombia,Medellín,Bronce,False,True,True,1,0,0.0,21,2,7,True
1308,Colombia,Medellín,Bronce,False,False,True,1,0,0.0,19,5,5,True
1309,Colombia,Bogotá D.C.,Bronce,False,False,True,3,1,472.0,19,7,7,False
1310,México,—,Bronce,False,False,True,1,0,0.0,10,8,10,False
1311,México,—,Bronce,False,True,True,0,0,0.0,17,2,10,True
1312,México,—,Bronce,False,True,True,0,0,0.0,16,7,10,False
1313,México,—,Bronce,True,True,True,1,0,0.0,16,1,7,True
1314,Colombia,Medellín,Bronce,False,True,True,0,0,0.0,38,2,6,True
1315,Colombia,Barranquilla,Plata,True,False,True,15,12,3411.0,12,19,5,False
1316,Colombia,Bogotá D.C.,Oro,True,False,True,25,18,12266.0,20,2,9,True
1317,Perú,—,Bronce,True,False,False,2,1,695.0,17,10,4,False
1318,México,—,Bronce,False,False,True,0,0,0.0,50,13,8,False
1319,Colombia,Barranquilla,Bronce,True,False,False,1,0,0.0,15,0,10,True
1320,Colombia,Bogotá D.C.,Bronce,True,False,True,3,2,934.0,4,10,10,False
1321,México,—,Bronce,False,False,True,2,1,540.0,50,5,7,True
1322,Uruguay,—,Bronce,True,False,True,1,0,0.0,21,7,8,False
1323,Ecuador,—,Bronce,False,False,True,1,0,0.0,34,9,8,False
1324,Colombia,Santa Marta,Bronce,False,False,True,3,1,452.0,5,0,8,True
1325,Colombia,Manizales,Bronce,False,False,False,0,0,0.0,74,1,9,True
1326,Colombia,Bogotá D.C.,Plata,False,False,False,11,8,2456.0,27,8,7,False
1327,Colombia,Cartagena,Bronce,True,False,True,3,2,854.0,22,11,10,False
1328,Colombia,Bogotá D.C.,Bronce,False,False,True,2,1,698.0,6,1,9,True
1329,Colombia,Cali,Bronce,False,False,True,0,0,0.0,32,10,10,False
1330,Colombia,Cali,Bronce,True,False,True,0,0,0.0,35,0,8,True
1331,México,—,Bronce,True,False,True,2,1,617.0,20,15,6,False
1332,Colombia,Otras ciudades,Bronce,True,False,True,0,0,0.0,18,0,10,True
1333,Perú,—,Bronce,True,False,True,1,0,0.0,45,5,8,True
1334,Colombia,Cali,Bronce,False,False,True,3,1,433.0,10,12,7,False
1335,Ecuador,—,Bronce,False,False,False,2,1,629.0,5,6,9,True
1336,Perú,—,Bronce,False,True,True,1,0,0.0,6,1,9,True
1337,México,—,Bronce,True,True,True,0,0,0.0,6,0,6,True
1338,Perú,—,Bronce,False,False,True,4,3,1276.0,23,2,10,True
1339,Colombia,Bogotá D.C.,Bronce,True,True,True,2,1,438.0,7,9,9,False
1340,Colombia,Medellín,Bronce,False,True,True,0,0,0.0,10,4,10,True
1341,México,—,Bronce,False,False,True,0,0,0.0,2,10,8,False
1342,México,—,Bronce,True,False,True,1,0,0.0,70,23,3,False
1343,Colombia,Manizales,Bronce,False,False,True,2,1,608.0,44,6,10,True
1344,Colombia,Medellín,Bronce,False,False,True,1,0,0.0,168,6,7,True
1345,México,—,Bronce,False,False,True,1,0,0.0,1,10,9,False
1346,Colombia,Ibagué,Bronce,False,False,True,0,0,0.0,88,3,8,True
1347,Colombia,Pasto,Bronce,False,False,True,1,0,0.0,9,2,8,True
1348,Colombia,Barranquilla,Bronce,False,True,True,5,3,1532.0,19,1,6,True
1349,Colombia,Medellín,Bronce,False,False,True,7,4,1373.0,12,7,3,False
1350,Colombia,Bogotá D.C.,Bronce,True,False,True,5,3,1452.0,19,4,4,True
1351,Uruguay,—,Bronce,True,False,True,3,1,702.0,10,6,9,True
1352,Ecuador,—,Bronce,True,False,True,0,0,0.0,49,0,6,True
1353,México,—,Bronce,False,False,True,0,0,0.0,3,8,5,False
1354,México,—,Bronce,True,False,True,2,1,333.0,19,0,8,True
1355,Colombia,Cartagena,Bronce,False,False,True,3,2,1139.0,16,4,8,True
1356,Colombia,Barranquilla,Bronce,True,True,False,0,0,0.0,22,3,3,True
1357,Chile,—,Bronce,False,False,True,0,0,0.0,3,5,9,True
1358,Colombia,Villavicencio,Bronce,False,False,True,0,0,0.0,19,12,7,False
1359,Colombia,Bogotá D.C.,Bronce,False,False,True,0,0,0.0,8,4,9,True
1360,Ecuador,—,Bronce,False,True,True,0,0,0.0,12,7,9,False
1361,Colombia,Cartagena,Bronce,False,False,False,0,0,0.0,7,1,5,True
1362,Colombia,Bogotá D.C.,Bronce,True,False,True,0,0,0.0,50,2,8,True
1363,Colombia,Manizales,Bronce,False,True,True,0,0,0.0,16,3,8,True
1364,Colombia,Ibagué,Bronce,True,False,False,7,4,1694.0,25,1,7,True
1365,Uruguay,—,Bronce,False,False,False,6,3,2263.0,54,6,5,True
1366,Chile,—,Bronce,False,False,False,3,2,834.0,8,1,9,True
1367,Colombia,Cali,Bronce,False,False,True,0,0,0.0,16,3,10,True
1368,Colombia,Bogotá D.C.,Plata,True,True,True,12,7,4493.0,6,4,7,True
1369,Colombia,Medellín,Plata,False,False,True,11,7,2829.0,1,1,10,True
1370,Colombia,Medellín,Bronce,False,False,False,1,0,0.0,43,0,6,True
1371,Colombia,Ibagué,Bronce,True,False,True,1,0,0.0,20,3,8,True
1372,Colombia,Bogotá D.C.,Bronce,True,False,True,1,0,0.0,18,13,7,False
1373,Colombia,Bogotá D.C.,Plata,True,True,True,9,6,2014.0,10,5,8,True
1374,Colombia,Bogotá D.C.,Bronce,True,True,False,0,0,0.0,22,9,6,False
1375,Colombia,Cali,Bronce,True,False,True,0,0,0.0,23,3,3,True
1376,Colombia,Villavicencio,Plata,False,True,True,9,5,2117.0,13,4,6,True
1377,Colombia,Pasto,Bronce,False,False,False,3,2,802.0,23,3,6,True
1378,Chile,—,Bronce,True,False,True,0,0,0.0,5,0,6,True
1379,Colombia,Bogotá D.C.,Bronce,True,False,True,0,0,0.0,29,12,7,False
1380,Colombia,Bogotá D.C.,Bronce,False,False,True,0,0,0.0,10,2,7,True
1381,Colombia,Bogotá D.C.,Bronce,True,False,True,4,2,1014.0,18,1,5,True
1382,Colombia,Villavicencio,Bronce,False,True,True,2,1,405.0,58,10,10,False
1383,Colombia,Ibagué,Bronce,True,False,True,4,3,1013.0,18,6,10,True
1384,Colombia,Bogotá D.C.,Bronce,False,True,True,0,0,0.0,34,5,6,True
1385,Ecuador,—,Bronce,True,True,True,6,3,1436.0,26,9,10,False
1386,Colombia,Bogotá D.C.,Bronce,True,False,False,0,0,0.0,10,0,4,True
1387,Colombia,Ibagué,Bronce,True,True,True,5,4,1497.0,34,17,10,False
1388,Colombia,Cali,Bronce,False,False,True,0,0,0.0,64,21,7,False
1389,Perú,—,Bronce,False,False,True,0,0,0.0,17,0,9,True
1390,Colombia,Barranquilla,Plata,True,False,False,9,7,4251.0,6,3,4,True
1391,Colombia,Medellín,Bronce,True,False,True,2,1,450.0,17,22,10,False
1392,México,—,Bronce,False,False,True,0,0,0.0,30,1,8,True
1393,Colombia,Medellín,Bronce,True,False,True,1,0,0.0,44,5,7,True
1394,Ecuador,—,Bronce,False,True,True,2,1,560.0,29,1,7,True
1395,Colombia,Otras ciudades,Bronce,False,False,True,1,0,0.0,25,3,5,True
1396,Perú,—,Bronce,True,False,True,6,4,2509.0,17,0,10,True
1397,Uruguay,—,Bronce,True,False,True,2,1,616.0,14,12,9,False
1398,Colombia,Otras ciudades,Bronce,True,False,True,0,0,0.0,25,2,7,True
1399,México,—,Bronce,True,False,True,2,1,722.0,8,2,7,True
1400,Colombia,Armenia,Bronce,True,False,True,0,0,0.0,2,7,6,False
1401,Colombia,Cali,Bronce,False,False,True,7,6,4272.0,31,3,3,True
1402,Colombia,Bogotá D.C.,Bronce,False,False,True,4,3,1140.0,32,10,6,False
1403,Uruguay,—,Bronce,True,False,True,2,1,354.0,24,0,6,True
1404,Colombia,Medellín,Bronce,True,False,True,0,0,0.0,26,4,8,True
1405,Ecuador,—,Bronce,False,False,True,2,1,410.0,35,0,6,True
1406,Ecuador,—,Bronce,False,True,True,0,0,0.0,11,3,7,True
1407,Colombia,Medellín,Bronce,False,True,True,2,1,663.0,2,4,6,True
1408,Colombia,Armenia,Bronce,False,True,True,1,0,0.0,33,14,10,False
1409,Ecuador,—,Bronce,True,True,True,3,2,612.0,22,5,3,True
1410,México,—,Bronce,True,False,True,2,1,380.0,23,5,7,True
1411,Colombia,Manizales,Bronce,False,False,True,6,5,2947.0,49,5,8,True
1412,Ecuador,—,Plata,False,True,False,14,9,3817.0,4,0,7,True
1413,Chile,—,Bronce,True,True,True,3,2,971.0,10,4,8,True
1414,Colombia,Bogotá D.C.,Bronce,False,False,True,0,0,0.0,8,11,3,False
1415,Colombia,Bogotá D.C.,Bronce,False,False,True,3,2,959.0,12,8,7,False
1416,Colombia,Otras ciudades,Bronce,True,True,True,1,0,0.0,4,11,4,False
1417,Ecuador,—,Bronce,False,True,False,0,0,0.0,53,37,8,False
1418,Colombia,Ibagué,Bronce,True,False,True,0,0,0.0,38,17,7,False
1419,Colombia,Medellín,Bronce,True,False,False,3,2,997.0,19,1,7,True
1420,Uruguay,—,Plata,True,True,True,8,7,3988.0,44,5,8,True
1421,Perú,—,Bronce,False,False,True,1,0,0.0,9,5,10,True
1422,Perú,—,Bronce,False,False,True,2,1,487.0,17,1,5,True
1423,Colombia,Pereira,Bronce,False,False,True,1,0,0.0,9,29,5,False
1424,México,—,Plata,False,False,False,23,16,6501.0,29,4,10,True
1425,Colombia,Medellín,Bronce,True,False,True,1,0,0.0,12,5,10,True
1426,Colombia,Bogotá D.C.,Bronce,True,False,True,0,0,0.0,1,0,7,True
1427,Colombia,Bogotá D.C.,Bronce,False,False,True,0,0,0.0,51,4,4,True
1428,Colombia,Medellín,Bronce,False,False,True,1,0,0.0,6,2,7,True
1429,Colombia,Bogotá D.C.,Bronce,True,False,True,0,0,0.0,24,10,9,False
1430,Colombia,Bogotá D.C.,Bronce,True,True,True,0,0,0.0,23,10,4,False
1431,Ecuador,—,Bronce,False,False,True,0,0,0.0,30,15,6,False
1432,Colombia,Medellín,Bronce,True,False,False,3,2,819.0,49,3,8,True
1433,Colombia,Bogotá D.C.,Bronce,False,False,True,0,0,0.0,7,4,9,True
1434,México,—,Bronce,False,False,True,0,0,0.0,17,10,9,False
1435,Perú,—,Bronce,False,False,True,3,2,1099.0,9,6,8,True
1436,Uruguay,—,Platino,False,False,False,105,64,37723.0,38,2,10,True
1437,Colombia,Medellín,Bronce,False,True,False,1,0,0.0,24,7,7,False
1438,Colombia,Cali,Oro,True,False,False,32,22,11940.0,6,4,7,True
1439,México,—,Bronce,False,True,True,5,3,1299.0,34,3,7,True
1440,Perú,—,Bronce,False,True,True,3,1,584.0,23,8,3,False
1441,Ecuador,—,Bronce,False,True,True,1,0,0.0,17,7,10,False
1442,Colombia,Bogotá D.C.,Bronce,False,False,True,0,0,0.0,22,0,5,True
1443,México,—,Bronce,True,True,True,0,0,0.0,59,2,2,True
1444,Colombia,Bogotá D.C.,Bronce,True,False,True,2,1,459.0,16,2,10,True
1445,Colombia,Barranquilla,Bronce,False,False,True,6,3,1245.0,25,3,7,True
1446,Ecuador,—,Bronce,True,True,True,0,0,0.0,48,2,10,True
1447,Colombia,Montería,Bronce,False,True,True,3,1,472.0,60,3,5,True
1448,Ecuador,—,Bronce,True,True,False,0,0,0.0,5,4,8,True
1449,Colombia,Bogotá D.C.,Plata,False,False,False,9,8,3725.0,17,12,7,False
1450,Colombia,Bucaramanga,Plata,False,False,False,8,5,2295.0,14,12,5,False
1451,Colombia,Bogotá D.C.,Bronce,False,False,True,7,6,3745.0,45,1,8,True
1452,Colombia,Barranquilla,Bronce,False,False,True,2,1,390.0,24,11,7,False
1453,Colombia,Montería,Bronce,False,False,True,2,1,327.0,33,27,7,False
1454,Colombia,Cali,Bronce,True,False,True,1,0,0.0,23,0,10,True
1455,México,—,Bronce,False,False,True,2,1,660.0,31,9,9,False
1456,Colombia,Bogotá D.C.,Bronce,False,False,True,2,1,297.0,51,9,10,False
1457,Colombia,Cali,Bronce,False,False,True,1,0,0.0,9,0,10,True
1458,Colombia,Otras ciudades,Oro,True,False,False,27,19,7570.0,17,5,3,True
1459,México,—,Oro,True,False,True,34,23,12247.0,29,1,8,True
1460,México,—,Bronce,False,False,True,1,0,0.0,9,4,8,True
1461,Colombia,Pereira,Bronce,True,False,True,2,1,344.0,26,17,6,False
1462,Colombia,Medellín,Bronce,True,False,True,0,0,0.0,9,3,9,True
1463,Colombia,Bogotá D.C.,Bronce,True,False,True,0,0,0.0,17,0,8,True
1464,Perú,—,Bronce,True,False,True,1,0,0.0,9,2,9,True
1465,Colombia,Cúcuta,Bronce,True,True,True,0,0,0.0,11,6,10,True
1466,Colombia,Bogotá D.C.,Bronce,False,False,True,5,3,1315.0,16,11,10,False
1467,México,—,Bronce,True,True,True,0,0,0.0,11,1,10,True
1468,México,—,Bronce,False,False,True,1,0,0.0,54,4,8,True
1469,México,—,Bronce,False,True,True,0,0,0.0,18,7,6,False
1470,México,—,Plata,False,False,False,12,7,3042.0,110,0,7,True
1471,Colombia,Otras ciudades,Bronce,False,False,True,0,0,0.0,15,2,9,True
1472,Colombia,Medellín,Bronce,False,False,True,1,0,0.0,5,1,6,True
1473,Colombia,Bogotá D.C.,Bronce,True,False,True,0,0,0.0,34,1,10,True
1474,Colombia,Medellín,Bronce,True,True,True,5,4,1327.0,27,6,7,True
1475,Ecuador,—,Bronce,False,True,True,0,0,0.0,10,2,9,True
1476,Colombia,Bogotá D.C.,Bronce,False,True,True,0,0,0.0,15,0,3,True
1477,México,—,Bronce,False,False,False,5,3,1197.0,26,14,6,False
1478,Colombia,Otras ciudades,Bronce,True,False,False,2,1,467.0,50,4,10,True
1479,Colombia,Bogotá D.C.,Bronce,False,True,True,0,0,0.0,76,12,10,False
1480,Colombia,Barranquilla,Bronce,False,False,True,2,1,416.0,63,1,9,True
1481,Colombia,Bogotá D.C.,Bronce,True,False,True,1,0,0.0,45,2,8,True
1482,Colombia,Bucaramanga,Bronce,True,False,True,0,0,0.0,7,1,10,True
1483,Colombia,Medellín,Bronce,False,False,False,1,0,0.0,11,4,8,True
1484,Colombia,Bogotá D.C.,Platino,True,False,False,257,165,115684.0,48,3,10,True
1485,Colombia,Bogotá D.C.,Plata,False,False,True,9,7,2704.0,18,0,5,True
1486,México,—,Bronce,False,True,True,2,1,441.0,3,5,6,True
1487,México,—,Bronce,False,True,True,0,0,0.0,6,4,4,True
1488,Colombia,Villavicencio,Plata,True,True,True,11,9,4384.0,21,7,9,False
1489,Ecuador,—,Bronce,False,False,True,0,0,0.0,94,2,10,True
1490,Perú,—,Bronce,False,False,True,1,0,0.0,11,0,7,True
1491,Ecuador,—,Bronce,False,True,False,1,0,0.0,17,8,6,False
1492,Ecuador,—,Bronce,True,True,False,0,0,0.0,27,13,3,False
1493,Ecuador,—,Bronce,True,False,False,0,0,0.0,48,8,7,False
1494,Colombia,Cali,Plata,False,False,True,9,6,3236.0,13,3,7,True
1495,Colombia,Montería,Bronce,False,False,False,0,0,0.0,19,4,8,True
1496,Colombia,Bogotá D.C.,Bronce,False,True,True,3,2,1117.0,69,12,7,False
1497,México,—,Bronce,True,False,True,0,0,0.0,37,4,7,True
1498,Colombia,Pereira,Bronce,True,False,True,0,0,0.0,48,1,8,True
1499,Ecuador,—,Bronce,False,False,True,7,4,2237.0,57,4,9,True
1500,Perú,—,Bronce,True,False,True,0,0,0.0,7,25,10,False
1501,Colombia,Barranquilla,Bronce,True,True,True,0,0,0.0,6,8,7,False
1502,Colombia,Barranquilla,Bronce,True,True,True,1,0,0.0,29,9,8,False
1503,México,—,Bronce,False,True,False,1,0,0.0,42,22,7,False
1504,México,—,Bronce,False,False,True,4,2,1025.0,17,3,3,True
1505,México,—,Bronce,True,True,True,1,0,0.0,63,5,6,True
1506,Colombia,Cali,Bronce,False,False,True,1,0,0.0,63,6,7,True
1507,Colombia,Barranquilla,Bronce,False,False,False,3,2,843.0,111,9,10,False
1508,Colombia,Barranquilla,Plata,False,False,False,11,9,5109.0,24,7,7,False
1509,México,—,Plata,False,False,True,9,5,1561.0,52,5,6,True
1510,Uruguay,—,Bronce,False,True,False,0,0,0.0,21,16,9,False
1511,Colombia,Bogotá D.C.,Bronce,True,False,True,0,0,0.0,7,1,8,True
1512,México,—,Bronce,True,False,True,5,3,1299.0,7,1,7,True
1513,Colombia,Medellín,Bronce,False,False,True,0,0,0.0,26,3,10,True
1514,Colombia,Bogotá D.C.,Bronce,False,False,True,2,1,595.0,12,11,9,False
1515,Colombia,Bucaramanga,Bronce,True,False,True,1,0,0.0,26,4,7,True
1516,Colombia,Otras ciudades,Bronce,False,True,False,1,0,0.0,8,3,9,True
1517,Ecuador,—,Bronce,True,False,True,1,0,0.0,12,8,8,False
1518,Ecuador,—,Bronce,False,True,True,0,0,0.0,31,3,10,True
1519,México,—,Bronce,True,True,True,1,0,0.0,32,0,6,True
1520,Colombia,Valledupar,Bronce,True,False,True,0,0,0.0,23,4,6,True
1521,Ecuador,—,Bronce,False,True,True,3,2,964.0,7,12,6,False
1522,Colombia,Otras ciudades,Bronce,False,False,True,7,5,2467.0,22,2,7,True
1523,México,—,Bronce,True,False,False,0,0,0.0,2,3,7,True
1524,México,—,Bronce,True,False,True,0,0,0.0,34,13,3,False
1525,Colombia,Cali,Oro,False,True,False,25,21,6236.0,56,8,6,False
1526,Colombia,Cartagena,Bronce,True,False,False,0,0,0.0,12,12,8,False
1527,México,—,Bronce,False,True,True,3,1,503.0,22,7,8,False
1528,México,—,Bronce,False,True,True,0,0,0.0,57,3,6,True
1529,Colombia,Cali,Bronce,False,False,False,3,2,634.0,51,4,9,True
1530,Colombia,Barranquilla,Bronce,False,False,False,4,2,885.0,13,4,7,True
1531,Colombia,Cali,Bronce,False,False,True,1,0,0.0,80,12,7,False
1532,Ecuador,—,Bronce,False,False,True,3,2,885.0,6,7,6,False
1533,Colombia,Otras ciudades,Bronce,False,False,True,2,1,452.0,9,13,7,False
1534,Colombia,Medellín,Plata,False,False,True,13,11,4144.0,7,2,10,True
1535,Colombia,Pereira,Bronce,False,False,True,0,0,0.0,42,4,10,True
1536,México,—,Bronce,True,True,False,4,2,1017.0,28,0,7,True
1537,Uruguay,—,Plata,False,False,True,16,11,6391.0,23,3,4,True
1538,Colombia,Bogotá D.C.,Bronce,False,True,True,0,0,0.0,21,10,4,False
1539,Colombia,Ibagué,Bronce,False,False,True,1,0,0.0,58,5,7,True
1540,Perú,—,Bronce,True,False,True,0,0,0.0,46,1,8,True
1541,Colombia,Ibagué,Platino,True,False,True,78,56,27123.0,33,11,9,False
1542,Colombia,Otras ciudades,Bronce,True,False,True,6,5,3014.0,40,4,10,True
1543,Colombia,Bucaramanga,Bronce,False,True,True,1,0,0.0,18,3,5,True
1544,Colombia,Ibagué,Bronce,False,False,True,0,0,0.0,67,6,9,True
1545,Uruguay,—,Bronce,False,False,True,2,1,426.0,28,8,1,False
1546,Colombia,Bucaramanga,Bronce,False,False,True,0,0,0.0,32,6,10,True
1547,México,—,Plata,False,False,True,16,12,6710.0,37,5,9,True
1548,Perú,—,Bronce,False,False,True,0,0,0.0,148,4,7,True
1549,Ecuador,—,Bronce,False,False,True,1,0,0.0,13,8,9,False
1550,México,—,Bronce,False,False,False,1,0,0.0,17,8,7,False
1551,Colombia,Bogotá D.C.,Bronce,False,False,True,2,1,591.0,50,4,6,True
1552,Colombia,Bogotá D.C.,Bronce,False,True,True,0,0,0.0,10,1,8,True
1553,Perú,—,Bronce,False,False,True,1,0,0.0,31,12,9,False
1554,Colombia,Cali,Bronce,False,False,True,4,3,1607.0,9,6,10,True
1555,Colombia,Otras ciudades,Bronce,False,False,True,0,0,0.0,42,1,9,True
1556,México,—,Bronce,False,False,True,5,2,896.0,90,0,9,True
1557,Ecuador,—,Bronce,False,False,True,0,0,0.0,64,2,5,True
1558,Colombia,Bogotá D.C.,Bronce,True,True,True,0,0,0.0,28,8,8,False
1559,Chile,—,Bronce,True,False,True,1,0,0.0,15,2,7,True
1560,Colombia,Bogotá D.C.,Bronce,True,True,True,6,4,2407.0,29,1,8,True
1561,Colombia,Cali,Bronce,True,True,True,0,0,0.0,46,1,8,True
1562,Colombia,Bogotá D.C.,Bronce,False,True,False,7,5,1461.0,37,5,10,True
1563,Perú,—,Bronce,False,False,True,2,1,484.0,28,8,10,False
1564,México,—,Bronce,False,True,True,0,0,0.0,8,2,9,True
1565,Colombia,Santa Marta,Bronce,False,False,True,2,1,799.0,29,10,5,False
1566,Perú,—,Bronce,True,True,True,1,0,0.0,3,9,5,False
1567,Colombia,Bogotá D.C.,Bronce,False,False,False,4,2,1518.0,42,20,4,False
1568,Colombia,Medellín,Bronce,False,False,True,2,1,571.0,22,3,7,True
1569,Colombia,Otras ciudades,Bronce,False,False,True,2,1,580.0,63,10,10,False
1570,Ecuador,—,Plata,False,False,True,24,18,12464.0,9,2,4,True
1571,Colombia,Cali,Bronce,True,False,True,0,0,0.0,59,3,7,True
1572,Ecuador,—,Bronce,False,False,False,2,1,491.0,6,2,8,True
1573,Colombia,Otras ciudades,Bronce,False,True,True,0,0,0.0,44,3,8,True
1574,Colombia,Bogotá D.C.,Bronce,False,False,True,2,1,637.0,15,1,10,True
1575,Uruguay,—,Bronce,False,False,False,0,0,0.0,27,8,7,False
1576,Colombia,Otras ciudades,Bronce,False,True,False,0,0,0.0,4,0,6,True
1577,Colombia,Bogotá D.C.,Bronce,True,False,True,0,0,0.0,1,4,10,True
1578,Ecuador,—,Bronce,False,False,False,6,5,3148.0,11,17,10,False
1579,Colombia,Bogotá D.C.,Bronce,True,True,False,0,0,0.0,8,4,7,True
1580,Colombia,Pereira,Plata,False,False,True,9,6,3638.0,35,2,9,True
1581,Colombia,Cartagena,Bronce,False,True,True,2,1,544.0,21,4,7,True
1582,Colombia,Armenia,Bronce,True,False,False,2,1,334.0,44,20,4,False
1583,Colombia,Bogotá D.C.,Bronce,False,True,True,0,0,0.0,63,4,7,True
1584,Uruguay,—,Bronce,False,False,True,0,0,0.0,17,4,10,True
1585,Uruguay,—,Bronce,False,False,True,3,2,1027.0,18,5,10,True
1586,Colombia,Medellín,Plata,True,False,False,14,8,4125.0,6,5,7,True
1587,Colombia,Bogotá D.C.,Bronce,False,False,False,0,0,0.0,7,16,10,False
1588,Colombia,Bogotá D.C.,Bronce,True,False,True,1,0,0.0,1,3,10,True
1589,México,—,Bronce,True,False,False,1,0,0.0,29,13,6,False
1590,Colombia,Barranquilla,Bronce,False,True,True,0,0,0.0,109,4,7,True
1591,Colombia,Bogotá D.C.,Bronce,True,True,True,1,0,0.0,54,11,9,False
1592,Uruguay,—,Bronce,False,False,True,6,4,1369.0,24,10,7,False
1593,México,—,Bronce,False,False,True,0,0,0.0,57,0,9,True
1594,México,—,Bronce,True,False,True,2,1,247.0,28,5,3,True
1595,Colombia,Otras ciudades,Bronce,False,True,True,0,0,0.0,32,4,5,True
1596,Colombia,Bogotá D.C.,Bronce,True,True,True,4,2,994.0,17,7,5,False
1597,Uruguay,—,Bronce,False,False,True,1,0,0.0,25,1,5,True
1598,Colombia,Medellín,Bronce,False,True,True,0,0,0.0,14,9,10,False
1599,Perú,—,Bronce,True,True,True,0,0,0.0,8,3,8,True
1600,Chile,—,Bronce,False,False,True,3,2,878.0,27,7,5,False
1601,Colombia,Medellín,Bronce,True,False,True,0,0,0.0,14,5,7,True
1602,Colombia,Medellín,Bronce,False,True,True,2,1,494.0,32,0,5,True
1603,Colombia,Cúcuta,Plata,False,True,True,18,13,7213.0,20,7,4,False
1604,Colombia,Otras ciudades,Bronce,False,True,True,1,0,0.0,38,6,7,True
1605,Colombia,Cali,Bronce,False,False,True,0,0,0.0,15,4,8,True
1606,México,—,Plata,False,True,True,16,11,5020.0,34,11,5,False
1607,Colombia,Cali,Bronce,False,True,True,1,0,0.0,29,2,10,True
1608,Colombia,Bogotá D.C.,Bronce,False,False,True,1,0,0.0,3,4,10,True
1609,Ecuador,—,Bronce,False,True,True,0,0,0.0,49,6,5,True
1610,Colombia,Medellín,Bronce,False,False,True,2,1,340.0,35,2,7,True
1611,Colombia,Bogotá D.C.,Bronce,True,False,True,6,4,2492.0,17,2,6,True
1612,Colombia,Montería,Bronce,True,False,True,2,1,592.0,26,1,4,True
1613,Colombia,Otras ciudades,Bronce,True,True,False,0,0,0.0,16,2,10,True
1614,Colombia,Medellín,Bronce,False,False,False,5,4,2537.0,13,12,8,False
1615,Colombia,Bogotá D.C.,Bronce,True,False,True,1,0,0.0,25,6,10,True
1616,Perú,—,Bronce,True,False,True,0,0,0.0,15,13,9,False
1617,Colombia,Cartagena,Bronce,False,False,False,2,1,514.0,81,4,9,True
1618,Colombia,Otras ciudades,Bronce,True,True,True,3,1,572.0,26,9,8,False
1619,Colombia,Cartagena,Bronce,False,False,True,2,1,516.0,14,5,10,True
1620,Colombia,Bogotá D.C.,Bronce,True,False,True,1,0,0.0,37,10,10,False
1621,Colombia,Valledupar,Bronce,False,False,True,3,2,826.0,34,11,5,False
1622,México,—,Bronce,False,True,True,2,1,517.0,42,0,9,True
1623,Colombia,Sincelejo,Bronce,True,False,True,1,0,0.0,108,7,10,False
1624,Colombia,Medellín,Oro,True,False,True,58,43,22938.0,6,3,10,True
1625,Ecuador,—,Bronce,False,False,True,2,1,323.0,26,1,10,True
1626,Colombia,Cartagena,Bronce,True,True,False,0,0,0.0,20,10,6,False
1627,Colombia,Cali,Bronce,True,False,True,0,0,0.0,23,12,6,False
1628,Colombia,Villavicencio,Bronce,False,False,True,2,1,707.0,40,7,7,False
1629,Colombia,Villavicencio,Bronce,True,False,True,1,0,0.0,11,5,5,True
1630,México,—,Bronce,False,False,False,0,0,0.0,49,5,10,True
1631,Colombia,Bogotá D.C.,Bronce,False,True,True,0,0,0.0,25,17,8,False
1632,Colombia,Bogotá D.C.,Bronce,False,False,True,0,0,0.0,26,1,6,True
1633,Colombia,Pereira,Bronce,False,False,False,0,0,0.0,39,5,9,True
1634,Colombia,Manizales,Bronce,True,True,True,0,0,0.0,48,9,6,False
1635,Colombia,Cali,Bronce,False,False,True,1,0,0.0,74,6,5,True
1636,Ecuador,—,Bronce,False,False,False,0,0,0.0,19,17,10,False
1637,México,—,Bronce,True,False,True,0,0,0.0,5,5,3,True
1638,Colombia,Cali,Bronce,False,False,True,2,1,396.0,42,1,5,True
1639,Colombia,Bogotá D.C.,Oro,True,False,False,26,16,8129.0,19,2,5,True
1640,Ecuador,—,Bronce,False,False,True,0,0,0.0,18,2,6,True
1641,Colombia,Ibagué,Bronce,True,False,False,1,0,0.0,60,8,9,False
1642,Colombia,Bogotá D.C.,Plata,True,False,True,15,10,5359.0,25,4,9,True
1643,Colombia,Medellín,Bronce,True,False,True,2,1,608.0,44,4,7,True
1644,Colombia,Cali,Plata,True,False,True,11,6,2854.0,19,1,10,True
1645,Colombia,Santa Marta,Bronce,False,True,True,0,0,0.0,3,2,7,True
1646,Colombia,Otras ciudades,Bronce,False,False,True,1,0,0.0,37,8,9,False
1647,Colombia,Bucaramanga,Bronce,False,False,True,0,0,0.0,79,2,10,True
1648,Uruguay,—,Bronce,False,False,False,1,0,0.0,118,2,6,True
1649,Colombia,Villavicencio,Plata,True,False,True,13,9,4294.0,15,2,3,True
1650,Colombia,Otras ciudades,Bronce,True,False,True,2,1,805.0,27,0,7,True
1651,Colombia,Bogotá D.C.,Bronce,False,False,True,1,0,0.0,36,6,9,True
1652,Colombia,Villavicencio,Bronce,False,True,True,2,1,494.0,63,2,2,True
1653,Ecuador,—,Bronce,True,False,True,0,0,0.0,53,0,10,True
1654,Colombia,Villavicencio,Bronce,False,False,False,4,2,1576.0,14,8,8,False
1655,Perú,—,Bronce,False,False,True,0,0,0.0,23,1,10,True
1656,Colombia,Otras ciudades,Plata,False,False,False,16,10,6705.0,9,2,6,True
1657,Colombia,Cali,Bronce,False,False,True,5,3,1915.0,80,4,10,True
1658,Colombia,Medellín,Bronce,True,False,False,4,3,1188.0,20,1,5,True
1659,Uruguay,—,Bronce,False,False,False,3,1,400.0,35,2,8,True
1660,Colombia,Cali,Bronce,True,False,True,3,2,1063.0,2,2,7,True
1661,México,—,Bronce,False,True,True,1,0,0.0,4,3,8,True
1662,Colombia,Bucaramanga,Plata,False,False,False,9,6,2007.0,42,2,8,True
1663,Perú,—,Bronce,False,False,True,0,0,0.0,13,7,6,False
1664,México,—,Bronce,True,True,True,0,0,0.0,7,12,7,False
1665,Perú,—,Plata,False,False,False,10,6,1960.0,18,6,5,True
1666,Ecuador,—,Bronce,False,False,True,0,0,0.0,19,10,10,False
1667,Colombia,Ibagué,Bronce,False,True,True,5,3,1627.0,9,3,10,True
1668,Colombia,Manizales,Bronce,False,False,True,0,0,0.0,62,13,6,False
1669,Colombia,Bogotá D.C.,Bronce,True,False,True,4,3,1549.0,46,8,7,False
1670,México,—,Bronce,False,False,True,0,0,0.0,48,1,4,True
1671,México,—,Plata,False,False,True,20,12,6792.0,29,13,5,False
1672,Colombia,Cali,Bronce,True,True,True,1,0,0.0,10,2,9,True
1673,Colombia,Bogotá D.C.,Bronce,False,False,True,1,0,0.0,30,1,10,True
1674,Perú,—,Bronce,True,False,True,5,4,1452.0,7,2,6,True
1675,Ecuador,—,Bronce,False,True,True,4,2,1086.0,90,1,6,True
1676,Uruguay,—,Bronce,False,False,True,7,6,2957.0,92,38,10,False
1677,Colombia,Armenia,Bronce,False,False,True,0,0,0.0,6,23,8,False
1678,Colombia,Otras ciudades,Bronce,False,False,True,0,0,0.0,127,6,7,True
1679,Colombia,Otras ciudades,Oro,True,True,True,59,54,37410.0,46,5,7,True
1680,Colombia,Cali,Plata,False,True,True,24,16,8379.0,69,5,10,True
1681,Colombia,Cali,Bronce,False,False,True,0,0,0.0,58,5,8,True
1682,Colombia,Bogotá D.C.,Bronce,True,False,True,3,2,825.0,24,2,6,True
1683,Uruguay,—,Plata,True,False,False,10,6,3296.0,23,3,5,True
1684,Ecuador,—,Bronce,True,False,True,2,1,582.0,36,0,5,True
1685,Colombia,Bogotá D.C.,Bronce,True,True,True,0,0,0.0,4,3,9,True
1686,México,—,Bronce,False,False,False,2,1,487.0,25,19,8,False
1687,Colombia,Bogotá D.C.,Bronce,True,False,False,2,1,386.0,22,8,4,False
1688,Perú,—,Bronce,False,False,True,3,2,990.0,23,14,7,False
1689,Perú,—,Bronce,False,True,True,3,2,961.0,34,6,9,True
1690,Colombia,Bogotá D.C.,Plata,False,False,True,11,8,3352.0,91,7,10,False
1691,México,—,Bronce,True,False,False,0,0,0.0,68,9,9,False
1692,Ecuador,—,Bronce,True,False,True,5,3,1332.0,16,5,7,True
1693,Colombia,Bogotá D.C.,Bronce,True,False,True,2,1,536.0,31,2,9,True
1694,Ecuador,—,Bronce,False,True,True,0,0,0.0,45,1,8,True
1695,Colombia,Villavicencio,Bronce,True,True,True,0,0,0.0,55,3,9,True
1696,Colombia,Bogotá D.C.,Bronce,False,False,False,1,0,0.0,34,2,6,True
1697,Colombia,Medellín,Bronce,False,False,True,0,0,0.0,12,5,10,True
1698,México,—,Bronce,False,False,False,2,1,385.0,15,1,9,True
1699,Colombia,Barranquilla,Bronce,False,True,False,0,0,0.0,18,10,8,False
1700,Colombia,Medellín,Plata,True,False,True,13,9,3151.0,75,14,8,False
1701,Colombia,Otras ciudades,Plata,True,True,True,19,14,8560.0,19,2,6,True
1702,Colombia,Bogotá D.C.,Plata,True,True,True,8,7,3406.0,4,4,9,True
1703,Colombia,Bogotá D.C.,Plata,True,False,True,24,21,11455.0,45,3,10,True
1704,México,—,Plata,True,False,True,16,13,7695.0,38,5,6,True
1705,México,—,Plata,False,False,True,11,10,3721.0,65,9,6,False
1706,México,—,Plata,True,False,True,12,8,5054.0,18,3,6,True
1707,Colombia,Otras ciudades,Bronce,False,True,False,4,3,2252.0,25,5,5,True
1708,México,—,Bronce,False,False,True,1,0,0.0,20,12,6,False
1709,Perú,—,Bronce,True,False,True,1,0,0.0,43,4,6,True
1710,Colombia,Barranquilla,Bronce,False,False,True,1,0,0.0,15,6,9,True
1711,Colombia,Cali,Bronce,False,False,True,2,1,435.0,36,0,9,True
1712,Colombia,Bogotá D.C.,Bronce,False,True,True,1,0,0.0,8,3,8,True
1713,Colombia,Medellín,Bronce,True,False,True,0,0,0.0,38,5,7,True
1714,Uruguay,—,Bronce,True,False,False,4,2,1072.0,37,3,4,True
1715,Perú,—,Bronce,True,True,True,0,0,0.0,51,2,7,True
1716,México,—,Bronce,False,False,True,1,0,0.0,29,9,8,False
1717,Colombia,Medellín,Bronce,False,True,True,2,1,685.0,60,4,4,True
1718,Colombia,Otras ciudades,Bronce,True,False,True,1,0,0.0,2,3,8,True
1719,Colombia,Bogotá D.C.,Bronce,True,True,True,1,0,0.0,103,1,6,True
1720,Colombia,Bogotá D.C.,Plata,False,False,True,10,8,3980.0,7,12,6,False
1721,Colombia,Bogotá D.C.,Plata,True,False,True,9,5,2353.0,9,4,10,True
1722,Colombia,Cali,Bronce,False,False,True,2,1,581.0,6,9,6,False
1723,Ecuador,—,Bronce,True,False,True,1,0,0.0,14,2,7,True
1724,Colombia,Armenia,Bronce,False,True,True,2,1,500.0,26,4,7,True
1725,Colombia,Villavicencio,Bronce,False,True,True,1,0,0.0,19,0,7,True
1726,Chile,—,Oro,False,False,False,29,20,12935.0,33,2,7,True
1727,Colombia,Bogotá D.C.,Bronce,True,True,True,7,5,2038.0,38,14,10,False
1728,Ecuador,—,Bronce,False,False,False,0,0,0.0,14,3,4,True
1729,Chile,—,Bronce,False,False,True,6,4,2511.0,19,5,5,True
1730,México,—,Bronce,False,True,True,7,5,2050.0,12,14,5,False
1731,México,—,Bronce,False,True,True,0,0,0.0,36,9,9,False
1732,Colombia,Bogotá D.C.,Bronce,True,False,True,0,0,0.0,44,3,10,True
1733,Colombia,Bogotá D.C.,Bronce,False,False,True,0,0,0.0,19,11,7,False
1734,Perú,—,Plata,False,False,False,12,9,3748.0,18,0,9,True
1735,Colombia,Bucaramanga,Bronce,False,True,True,1,0,0.0,4,1,9,True
1736,Colombia,Bogotá D.C.,Bronce,True,False,True,4,2,1085.0,50,10,10,False
1737,Uruguay,—,Oro,True,True,False,29,23,14443.0,88,1,6,True
1738,Colombia,Pereira,Plata,False,False,True,8,6,2175.0,4,1,9,True
1739,Ecuador,—,Bronce,True,False,True,1,0,0.0,9,1,10,True
1740,Colombia,Bogotá D.C.,Bronce,True,False,True,0,0,0.0,28,2,9,True
1741,Perú,—,Bronce,False,False,True,1,0,0.0,21,1,7,True
1742,México,—,Bronce,False,False,False,3,1,379.0,51,7,7,False
1743,Colombia,Bogotá D.C.,Bronce,True,False,False,6,3,1162.0,2,7,7,False
1744,Chile,—,Bronce,False,False,True,3,2,1183.0,16,2,9,True
1745,Colombia,Bucaramanga,Bronce,False,False,True,0,0,0.0,24,7,7,False
1746,Colombia,Bogotá D.C.,Bronce,False,False,False,0,0,0.0,13,6,9,True
1747,Colombia,Bogotá D.C.,Plata,True,True,True,14,12,6699.0,18,19,9,False
1748,Colombia,Otras ciudades,Bronce,True,True,True,0,0,0.0,26,17,10,False
1749,Ecuador,—,Bronce,True,False,True,1,0,0.0,4,10,10,False
1750,México,—,Bronce,False,False,True,1,0,0.0,69,6,10,True
1751,México,—,Bronce,True,False,True,3,2,673.0,62,3,8,True
1752,Colombia,Bogotá D.C.,Bronce,True,False,False,2,1,649.0,18,8,10,False
1753,Colombia,Neiva,Bronce,True,False,True,7,4,1757.0,58,1,10,True
1754,Uruguay,—,Bronce,False,True,False,2,1,434.0,28,11,5,False
1755,Perú,—,Bronce,False,False,True,3,2,944.0,34,1,10,True
1756,Colombia,Otras ciudades,Bronce,False,False,True,0,0,0.0,13,2,7,True
1757,Colombia,Bogotá D.C.,Bronce,True,False,True,5,4,2257.0,14,5,5,True
1758,Colombia,Otras ciudades,Bronce,True,False,True,3,2,1049.0,5,2,10,True
1759,Perú,—,Plata,False,False,True,21,17,10556.0,11,10,5,False
1760,Colombia,Cartagena,Bronce,True,False,True,3,1,637.0,7,0,6,True
1761,Colombia,Otras ciudades,Bronce,False,True,False,1,0,0.0,15,0,8,True
1762,Colombia,Otras ciudades,Bronce,False,False,True,2,1,453.0,25,2,7,True
1763,Ecuador,—,Plata,False,False,True,12,7,3108.0,62,13,9,False
1764,México,—,Bronce,True,False,True,0,0,0.0,7,2,6,True
1765,México,—,Plata,False,False,True,9,8,3699.0,44,3,9,True
1766,Colombia,Medellín,Bronce,True,False,True,2,1,537.0,24,6,5,True
1767,Colombia,Bogotá D.C.,Plata,False,False,True,24,21,9858.0,42,11,7,False
1768,Colombia,Barranquilla,Bronce,False,False,True,4,2,882.0,29,6,9,True
1769,México,—,Bronce,True,True,True,1,0,0.0,6,11,8,False
1770,Colombia,Pasto,Bronce,True,True,True,0,0,0.0,12,3,8,True
1771,Colombia,Medellín,Bronce,False,False,True,1,0,0.0,19,1,8,True
1772,Colombia,Pasto,Bronce,False,False,True,1,0,0.0,13,6,7,True
1773,Perú,—,Bronce,False,False,True,1,0,0.0,5,12,10,False
1774,Colombia,Cúcuta,Plata,False,False,True,15,11,4532.0,3,3,5,True
1775,México,—,Bronce,True,True,True,0,0,0.0,33,3,10,True
1776,Uruguay,—,Plata,False,False,True,17,11,4209.0,7,0,5,True
1777,Perú,—,Bronce,True,False,True,0,0,0.0,19,2,8,True
1778,Colombia,Bogotá D.C.,Plata,False,False,True,14,9,6228.0,1,3,7,True
1779,Perú,—,Plata,False,False,True,9,5,2929.0,5,2,5,True
1780,Colombia,Bogotá D.C.,Bronce,False,False,True,2,1,376.0,21,2,3,True
1781,Colombia,Medellín,Bronce,False,False,True,7,4,1284.0,25,1,9,True
1782,México,—,Oro,True,False,True,40,25,12739.0,24,9,7,False
1783,Colombia,Cali,Bronce,True,False,False,2,1,352.0,44,3,9,True
1784,Ecuador,—,Bronce,False,False,True,4,2,1008.0,9,0,10,True
1785,México,—,Bronce,True,False,False,5,4,1740.0,67,3,4,True
1786,Colombia,Cali,Bronce,True,False,True,0,0,0.0,23,6,3,True
1787,Colombia,Ibagué,Bronce,True,False,True,2,1,578.0,76,3,8,True
1788,Colombia,Bogotá D.C.,Bronce,False,False,True,2,1,527.0,33,7,10,False
1789,Colombia,Cúcuta,Plata,False,False,True,10,6,2271.0,18,1,4,True
1790,Colombia,Villavicencio,Bronce,False,False,True,0,0,0.0,20,1,5,True
1791,Colombia,Medellín,Bronce,True,False,True,0,0,0.0,3,8,10,False
1792,Colombia,Bogotá D.C.,Bronce,True,False,False,0,0,0.0,68,7,10,False
1793,Colombia,Bogotá D.C.,Bronce,True,False,True,4,3,1638.0,21,0,5,True
1794,Colombia,Bogotá D.C.,Bronce,False,False,True,0,0,0.0,23,5,7,True
1795,Colombia,Bogotá D.C.,Bronce,False,False,True,0,0,0.0,40,6,7,True
1796,Colombia,Bogotá D.C.,Bronce,False,True,True,1,0,0.0,13,3,6,True
1797,Colombia,Pasto,Bronce,False,True,True,0,0,0.0,47,10,9,False
1798,Ecuador,—,Plata,True,True,True,9,8,3391.0,16,8,6,False
1799,Colombia,Otras ciudades,Bronce,True,True,True,1,0,0.0,54,0,5,True
1800,Colombia,Bogotá D.C.,Bronce,False,False,True,0,0,0.0,14,3,9,True
1801,Perú,—,Bronce,False,False,True,2,1,540.0,60,4,9,True
1802,México,—,Bronce,True,True,True,0,0,0.0,40,1,9,True
1803,Colombia,Medellín,Platino,False,False,True,134,96,36896.0,36,0,5,True
1804,Colombia,Cali,Bronce,True,False,False,0,0,0.0,8,3,6,True
1805,México,—,Bronce,True,False,True,3,1,326.0,16,4,10,True
1806,Colombia,Otras ciudades,Bronce,False,False,True,2,1,254.0,34,1,10,True
1807,Ecuador,—,Bronce,False,False,True,0,0,0.0,4,3,2,True
1808,Colombia,Bucaramanga,Bronce,True,False,True,1,0,0.0,33,1,10,True
1809,México,—,Bronce,True,False,True,0,0,0.0,17,2,6,True
1810,México,—,Plata,True,False,True,10,9,3996.0,59,13,4,False
1811,Colombia,Manizales,Bronce,True,True,True,2,1,611.0,35,4,10,True
1812,Colombia,Bogotá D.C.,Bronce,True,False,True,2,1,576.0,34,4,4,True
1813,Colombia,Otras ciudades,Bronce,True,False,True,2,1,400.0,24,4,6,True
1814,Colombia,Medellín,Bronce,True,False,True,1,0,0.0,56,19,7,False
1815,Uruguay,—,Plata,True,False,True,11,8,3927.0,24,1,6,True
1816,Colombia,Sincelejo,Bronce,True,True,True,5,3,959.0,11,3,10,True
1817,México,—,Bronce,True,False,True,4,3,1414.0,19,3,6,True
1818,Colombia,Medellín,Bronce,True,False,True,6,4,1493.0,24,10,8,False
1819,Colombia,Medellín,Bronce,True,False,True,0,0,0.0,8,8,9,False
1820,Colombia,Sincelejo,Bronce,True,True,True,5,3,1188.0,10,1,7,True
1821,México,—,Bronce,False,False,True,0,0,0.0,32,11,10,False
1822,Colombia,Bogotá D.C.,Bronce,False,False,True,3,1,593.0,16,6,10,True
1823,Colombia,Bucaramanga,Bronce,False,True,True,0,0,0.0,27,5,10,True
1824,Uruguay,—,Bronce,True,False,False,1,0,0.0,83,0,6,True
1825,Colombia,Otras ciudades,Bronce,True,False,True,0,0,0.0,11,8,7,False
1826,Colombia,Bogotá D.C.,Bronce,True,False,True,2,1,318.0,24,2,5,True
1827,Colombia,Bogotá D.C.,Plata,True,True,True,10,9,4792.0,102,2,8,True
1828,Colombia,Popayán,Plata,False,False,True,18,10,5348.0,62,4,5,True
1829,México,—,Bronce,True,False,True,6,5,2137.0,36,2,6,True
1830,Colombia,Barranquilla,Bronce,True,False,False,0,0,0.0,32,7,6,False
1831,Colombia,Cúcuta,Plata,True,False,True,22,13,7921.0,13,16,8,False
1832,Colombia,Bogotá D.C.,Bronce,True,False,True,1,0,0.0,24,5,7,True
1833,Colombia,Bogotá D.C.,Bronce,True,False,True,2,1,496.0,40,13,8,False
1834,Ecuador,—,Bronce,False,False,True,4,2,1163.0,28,7,9,False
1835,Chile,—,Bronce,True,True,True,0,0,0.0,1,1,8,True
1836,Colombia,Medellín,Bronce,False,False,True,4,2,859.0,32,0,2,True
1837,México,—,Bronce,False,False,True,2,1,387.0,8,2,9,True
1838,México,—,Bronce,True,False,True,0,0,0.0,31,0,4,True
1839,Colombia,Bogotá D.C.,Bronce,True,False,True,0,0,0.0,41,17,7,False
1840,Perú,—,Bronce,False,True,True,6,4,1908.0,43,0,6,True
1841,Colombia,Popayán,Bronce,True,False,True,1,0,0.0,131,5,9,True
1842,Colombia,Medellín,Plata,False,False,True,8,5,2367.0,5,3,9,True
1843,México,—,Plata,False,False,True,18,13,8559.0,47,4,4,True
1844,Colombia,Bogotá D.C.,Bronce,True,True,True,1,0,0.0,7,0,5,True
1845,México,—,Bronce,False,False,True,1,0,0.0,4,4,8,True
1846,Colombia,Bucaramanga,Bronce,False,False,True,2,1,391.0,32,2,8,True
1847,Colombia,Otras ciudades,Bronce,True,True,True,0,0,0.0,35,7,6,False
1848,Perú,—,Bronce,True,False,True,5,3,1616.0,41,1,5,True
1849,Colombia,Cali,Bronce,True,True,True,5,4,2346.0,65,1,8,True
1850,México,—,Plata,True,False,False,17,11,6995.0,40,8,10,False
1851,Colombia,Bogotá D.C.,Plata,False,True,True,13,11,4761.0,17,2,6,True
1852,Colombia,Sincelejo,Platino,True,True,False,67,52,36844.0,20,13,6,False
1853,Colombia,Otras ciudades,Bronce,True,False,True,4,3,1470.0,59,3,5,True
1854,Perú,—,Bronce,True,True,True,0,0,0.0,4,2,5,True
1855,Uruguay,—,Bronce,True,False,True,7,6,3629.0,35,0,8,True
1856,Perú,—,Bronce,True,True,True,0,0,0.0,39,13,5,False
1857,Colombia,Medellín,Plata,False,True,True,20,18,9092.0,41,13,6,False
1858,Colombia,Bogotá D.C.,Bronce,False,True,True,2,1,630.0,62,10,10,False
1859,Colombia,Pasto,Bronce,True,False,True,5,4,1158.0,22,1,10,True
1860,Colombia,Medellín,Oro,False,True,True,28,22,12946.0,14,5,3,True
1861,Colombia,Cali,Bronce,True,True,False,0,0,0.0,27,4,3,True
1862,Colombia,Barranquilla,Platino,False,False,True,69,58,33712.0,18,3,7,True
1863,Chile,—,Bronce,False,False,True,1,0,0.0,41,19,10,False
1864,Colombia,Bucaramanga,Bronce,False,True,True,1,0,0.0,52,1,7,True
1865,Colombia,Medellín,Bronce,True,False,True,0,0,0.0,22,10,7,False
1866,Colombia,Barranquilla,Bronce,False,True,True,2,1,525.0,60,14,10,False
1867,Ecuador,—,Bronce,True,False,False,0,0,0.0,10,1,7,True
1868,Colombia,Otras ciudades,Bronce,True,False,True,0,0,0.0,25,7,6,False
1869,Perú,—,Bronce,False,True,True,1,0,0.0,55,4,9,True
1870,Colombia,Ibagué,Bronce,False,False,True,4,3,1681.0,8,4,10,True
1871,Colombia,Medellín,Bronce,False,True,True,2,1,401.0,15,7,5,False
1872,Colombia,Bucaramanga,Plata,True,False,False,20,16,7102.0,31,6,10,True
1873,Colombia,Barranquilla,Bronce,True,False,False,0,0,0.0,45,4,10,True
1874,México,—,Bronce,True,False,True,0,0,0.0,76,8,6,False
1875,Colombia,Bogotá D.C.,Bronce,False,True,True,1,0,0.0,11,9,5,False
1876,México,—,Bronce,True,True,False,0,0,0.0,79,2,4,True
1877,Colombia,Bogotá D.C.,Plata,False,False,True,9,7,2332.0,3,1,10,True
1878,Colombia,Ibagué,Bronce,True,False,True,7,4,2296.0,16,5,5,True
1879,Colombia,Barranquilla,Plata,True,False,True,13,11,6173.0,24,4,8,True
1880,Colombia,Popayán,Bronce,True,False,True,0,0,0.0,23,6,10,True
1881,Colombia,Otras ciudades,Bronce,True,False,True,1,0,0.0,35,10,8,False
1882,Colombia,Bogotá D.C.,Plata,True,False,True,10,6,2612.0,13,0,8,True
1883,Colombia,Bogotá D.C.,Bronce,True,False,True,1,0,0.0,7,6,10,True
1884,Chile,—,Bronce,False,False,True,3,2,1141.0,5,11,6,False
1885,Perú,—,Bronce,True,False,True,1,0,0.0,32,13,7,False
1886,Colombia,Otras ciudades,Bronce,True,False,True,6,4,1543.0,12,6,7,True
1887,Colombia,Pereira,Bronce,False,False,True,0,0,0.0,88,1,9,True
1888,Colombia,Bogotá D.C.,Bronce,False,False,True,2,1,352.0,44,6,10,True
1889,Colombia,Medellín,Bronce,False,True,True,1,0,0.0,82,16,8,False
1890,Colombia,Barranquilla,Bronce,True,False,True,1,0,0.0,62,7,9,False
1891,Colombia,Medellín,Bronce,True,False,True,2,1,388.0,18,1,7,True
1892,Colombia,Cali,Bronce,False,False,False,2,1,465.0,7,11,10,False
1893,México,—,Bronce,True,True,True,0,0,0.0,10,19,8,False
1894,Colombia,Pereira,Bronce,True,False,True,0,0,0.0,48,6,8,True
1895,Colombia,Santa Marta,Bronce,False,False,True,1,0,0.0,66,4,6,True
1896,Colombia,Medellín,Bronce,False,False,True,0,0,0.0,1,1,7,True
1897,Perú,—,Bronce,True,False,False,5,3,900.0,4,5,6,True
1898,Uruguay,—,Bronce,False,False,True,0,0,0.0,137,2,8,True
1899,Colombia,Valledupar,Bronce,True,False,True,0,0,0.0,50,1,9,True
1900,Ecuador,—,Plata,True,False,True,14,11,5079.0,67,3,7,True
1901,Colombia,Barranquilla,Bronce,False,True,False,1,0,0.0,9,3,7,True
1902,Colombia,Otras ciudades,Bronce,True,True,False,2,1,420.0,4,7,10,False
1903,Colombia,Medellín,Bronce,False,False,False,3,1,397.0,50,3,6,True
1904,Colombia,Bogotá D.C.,Bronce,True,False,False,4,3,1382.0,22,6,9,True
1905,Colombia,Cúcuta,Plata,False,True,True,24,15,7415.0,58,14,6,False
1906,Colombia,Medellín,Bronce,True,False,True,0,0,0.0,33,4,10,True
1907,Colombia,Cartagena,Bronce,False,True,False,2,1,444.0,36,6,10,True
1908,Colombia,Cali,Bronce,False,False,True,0,0,0.0,29,5,7,True
1909,México,—,Bronce,True,False,False,7,5,3013.0,32,3,5,True
1910,Perú,—,Bronce,False,False,True,7,5,2804.0,70,1,10,True
1911,Colombia,Otras ciudades,Bronce,False,False,True,3,2,798.0,31,11,6,False
1912,México,—,Bronce,False,False,False,2,1,295.0,38,9,10,False
1913,Colombia,Bogotá D.C.,Bronce,False,False,False,1,0,0.0,5,7,6,False
1914,México,—,Bronce,False,False,True,2,1,569.0,21,7,3,False
1915,Uruguay,—,Bronce,True,False,True,2,1,318.0,69,0,10,True
1916,Ecuador,—,Oro,True,False,True,26,16,9412.0,23,9,5,False
1917,Colombia,Villavicencio,Bronce,True,False,True,5,3,2056.0,26,12,8,False
1918,Uruguay,—,Bronce,True,False,True,0,0,0.0,63,2,8,True
1919,Colombia,Armenia,Bronce,True,True,True,1,0,0.0,87,2,10,True
1920,Perú,—,Bronce,False,False,False,0,0,0.0,13,10,10,False
1921,Ecuador,—,Bronce,False,False,True,3,1,597.0,12,8,6,False
1922,México,—,Bronce,False,True,True,1,0,0.0,19,10,3,False
1923,México,—,Bronce,True,True,True,0,0,0.0,24,4,4,True
1924,Colombia,Cali,Plata,True,False,True,13,7,3916.0,72,4,4,True
1925,Colombia,Medellín,Bronce,True,False,False,0,0,0.0,18,17,7,False
1926,Colombia,Bogotá D.C.,Bronce,True,False,True,2,1,541.0,21,2,8,True
1927,Colombia,Barranquilla,Bronce,True,False,True,0,0,0.0,12,3,2,True
1928,Colombia,Bogotá D.C.,Bronce,False,True,True,0,0,0.0,10,4,8,True
1929,Colombia,Barranquilla,Bronce,False,True,True,0,0,0.0,55,3,9,True
1930,Ecuador,—,Bronce,False,False,True,2,1,467.0,28,7,10,False
1931,Colombia,Bogotá D.C.,Bronce,False,False,True,0,0,0.0,18,5,10,True
1932,Colombia,Villavicencio,Bronce,True,True,True,2,1,430.0,16,2,6,True
1933,Colombia,Cali,Oro,False,False,False,25,16,7642.0,55,4,5,True
1934,Perú,—,Bronce,False,True,True,3,2,796.0,38,15,7,False
1935,Colombia,Ibagué,Plata,True,False,True,15,13,8173.0,18,1,8,True
1936,Colombia,Popayán,Bronce,False,False,True,3,2,806.0,75,4,3,True
1937,Colombia,Otras ciudades,Plata,False,True,True,9,8,5569.0,14,4,7,True
1938,Colombia,Barranquilla,Bronce,False,True,False,1,0,0.0,3,1,6,True
1939,Perú,—,Bronce,False,False,True,5,3,1791.0,47,0,9,True
1940,Ecuador,—,Bronce,False,True,False,1,0,0.0,32,6,8,True
1941,Ecuador,—,Bronce,True,False,False,0,0,0.0,36,2,9,True
1942,Colombia,Bogotá D.C.,Bronce,True,False,True,2,1,391.0,3,8,10,False
1943,Colombia,Barranquilla,Plata,False,False,True,8,5,1519.0,19,6,7,True
1944,Colombia,Cartagena,Bronce,True,False,True,0,0,0.0,9,5,7,True
1945,Colombia,Barranquilla,Bronce,True,True,True,2,1,599.0,10,1,8,True
1946,Colombia,Bogotá D.C.,Bronce,False,False,False,0,0,0.0,7,1,8,True
1947,Colombia,Villavicencio,Bronce,False,True,True,1,0,0.0,38,3,9,True
1948,Colombia,Ibagué,Bronce,True,True,True,0,0,0.0,3,14,2,False
1949,México,—,Bronce,False,False,True,0,0,0.0,72,3,6,True
1950,Colombia,Bogotá D.C.,Bronce,False,False,True,3,2,1251.0,90,8,9,False
1951,México,—,Bronce,True,True,True,0,0,0.0,32,1,7,True
1952,Colombia,Bogotá D.C.,Plata,True,True,True,16,9,5631.0,56,5,10,True
1953,Colombia,Villavicencio,Bronce,True,True,True,2,1,435.0,73,4,10,True
1954,Colombia,Cali,Bronce,False,False,False,0,0,0.0,25,2,8,True
1955,Ecuador,—,Plata,False,False,True,12,8,5978.0,35,7,6,False
1956,Colombia,Otras ciudades,Bronce,False,False,True,1,0,0.0,32,1,7,True
1957,Perú,—,Bronce,False,True,True,1,0,0.0,66,6,10,True
1958,Colombia,Pereira,Bronce,False,True,False,0,0,0.0,33,1,6,True
1959,Colombia,Bogotá D.C.,Bronce,False,False,True,2,1,668.0,29,9,9,False
1960,Ecuador,—,Bronce,True,False,True,0,0,0.0,20,9,8,False
1961,Colombia,Bogotá D.C.,Bronce,False,False,True,0,0,0.0,49,1,10,True
1962,México,—,Plata,True,True,True,16,14,7445.0,39,1,10,True
1963,Colombia,Barranquilla,Bronce,True,False,True,0,0,0.0,9,17,7,False
1964,Colombia,Medellín,Bronce,False,False,True,3,2,1052.0,31,5,7,True
1965,Colombia,Bogotá D.C.,Plata,True,False,True,8,6,3832.0,40,1,7,True
1966,Colombia,Cali,Bronce,False,True,True,2,1,168.0,4,12,10,False
1967,Colombia,Pereira,Bronce,False,False,True,6,4,2332.0,7,1,7,True
1968,Colombia,Cali,Bronce,True,True,True,1,0,0.0,32,25,10,False
1969,Colombia,Bogotá D.C.,Bronce,False,True,True,3,2,889.0,25,1,7,True
1970,Ecuador,—,Bronce,False,True,True,4,3,1332.0,7,5,10,True
1971,Colombia,Medellín,Bronce,True,False,True,7,5,3515.0,4,3,6,True
1972,Ecuador,—,Bronce,False,False,True,0,0,0.0,29,10,4,False
1973,Colombia,Bogotá D.C.,Bronce,True,False,True,0,0,0.0,11,3,10,True
1974,Ecuador,—,Bronce,False,False,True,4,2,894.0,6,3,10,True
1975,Ecuador,—,Bronce,True,False,True,3,2,1027.0,32,11,6,False
1976,Colombia,Otras ciudades,Bronce,True,False,True,0,0,0.0,34,5,5,True
1977,Colombia,Medellín,Bronce,True,True,True,0,0,0.0,28,3,9,True
1978,Colombia,Barranquilla,Plata,False,False,True,8,6,2452.0,12,8,8,False
1979,Colombia,Cali,Bronce,False,False,True,2,1,463.0,107,13,9,False
1980,Colombia,Medellín,Bronce,True,False,True,1,0,0.0,8,2,10,True
1981,México,—,Bronce,True,False,True,6,4,1764.0,8,3,6,True
1982,México,—,Bronce,False,False,False,0,0,0.0,10,4,9,True
1983,Colombia,Bogotá D.C.,Bronce,True,True,True,0,0,0.0,11,8,8,False
1984,Colombia,Bogotá D.C.,Plata,False,True,True,9,7,3341.0,47,5,9,True
1985,Colombia,Ibagué,Bronce,True,True,False,1,0,0.0,7,1,10,True
1986,Perú,—,Bronce,True,True,False,2,1,576.0,57,3,10,True
1987,Perú,—,Bronce,True,True,True,3,1,345.0,9,19,5,False
1988,Colombia,Armenia,Bronce,False,False,True,1,0,0.0,16,7,8,False
1989,Ecuador,—,Bronce,False,True,True,1,0,0.0,53,5,4,True
1990,Colombia,Bogotá D.C.,Bronce,False,False,True,1,0,0.0,26,6,10,True
1991,Colombia,Medellín,Bronce,True,False,True,2,1,474.0,25,2,8,True
1992,Colombia,Medellín,Bronce,True,False,True,0,0,0.0,19,15,9,False
1993,Colombia,Medellín,Bronce,False,False,False,1,0,0.0,4,8,6,False
1994,México,—,Bronce,True,True,True,5,4,1917.0,25,6,9,True
1995,Colombia,Bogotá D.C.,Bronce,False,True,True,4,2,845.0,54,10,7,False
1996,México,—,Bronce,False,True,True,2,1,528.0,14,3,9,True
1997,Ecuador,—,Bronce,False,False,False,4,3,1633.0,3,6,6,True
1998,México,—,Bronce,True,False,True,1,0,0.0,12,3,10,True
1999,Colombia,Barranquilla,Bronce,True,True,True,0,0,0.0,85,0,10,True
2000,Colombia,Bogotá D.C.,Bronce,False,False,True,2,1,464.0,14,6,9,True
2001,Colombia,Santa Marta,Bronce,False,True,True,0,0,0.0,17,17,5,False
2002,México,—,Bronce,False,True,True,1,0,0.0,1,5,7,True
2003,Colombia,Otras ciudades,Bronce,True,True,True,3,2,1015.0,33,0,8,True
2004,Colombia,Bogotá D.C.,Bronce,False,False,True,0,0,0.0,18,5,6,True
2005,Colombia,Bogotá D.C.,Bronce,True,False,True,3,2,606.0,64,9,10,False
2006,México,—,Plata,False,False,True,10,6,2720.0,21,3,8,True
2007,Uruguay,—,Bronce,True,False,True,6,4,1968.0,5,10,10,False
2008,Colombia,Neiva,Bronce,False,False,False,0,0,0.0,8,2,10,True
2009,Colombia,Cali,Bronce,True,False,True,0,0,0.0,24,1,9,True
2010,México,—,Bronce,True,True,True,0,0,0.0,79,2,8,True
2011,Uruguay,—,Bronce,False,True,False,0,0,0.0,42,3,3,True
2012,Colombia,Bogotá D.C.,Plata,True,False,True,15,13,3840.0,21,15,9,False
2013,Perú,—,Bronce,True,False,True,1,0,0.0,15,7,10,False
2014,México,—,Bronce,True,False,True,0,0,0.0,21,3,7,True
2015,Colombia,Bogotá D.C.,Bronce,False,False,True,7,5,1837.0,5,0,7,True
2016,Colombia,Bogotá D.C.,Bronce,False,False,False,5,3,1518.0,79,3,8,True
2017,México,—,Bronce,False,False,True,1,0,0.0,101,2,8,True
2018,Colombia,Popayán,Bronce,False,False,True,0,0,0.0,33,4,5,True
2019,Colombia,Ibagué,Plata,True,True,True,12,8,4511.0,27,10,7,False
2020,Ecuador,—,Bronce,False,False,True,4,2,1124.0,16,1,8,True
2021,México,—,Bronce,True,True,True,1,0,0.0,10,2,10,True
2022,Ecuador,—,Bronce,True,True,False,1,0,0.0,8,3,6,True
2023,Perú,—,Bronce,False,True,True,3,2,1050.0,75,4,6,True
2024,Colombia,Otras ciudades,Bronce,False,True,True,1,0,0.0,21,0,5,True
2025,Ecuador,—,Bronce,False,False,True,1,0,0.0,17,0,5,True
2026,México,—,Bronce,True,True,True,0,0,0.0,61,3,8,True
2027,Chile,—,Bronce,True,False,True,2,1,539.0,13,0,8,True
2028,Colombia,Bogotá D.C.,Bronce,True,False,False,6,4,1881.0,103,13,9,False
2029,Colombia,Pereira,Bronce,True,False,True,1,0,0.0,66,4,8,True
2030,Colombia,Bogotá D.C.,Bronce,True,False,True,1,0,0.0,28,4,6,True
2031,Colombia,Cali,Bronce,False,True,True,1,0,0.0,24,8,9,False
2032,Colombia,Otras ciudades,Oro,True,False,True,51,29,10328.0,6,12,10,False
2033,México,—,Bronce,False,False,True,1,0,0.0,42,2,6,True
2034,Colombia,Bogotá D.C.,Bronce,True,False,True,3,2,1449.0,26,1,7,True
2035,México,—,Bronce,False,False,True,4,2,1039.0,12,4,6,True
2036,Colombia,Barranquilla,Bronce,False,False,True,3,2,840.0,1,10,5,False
2037,Colombia,Pereira,Bronce,True,False,True,2,1,518.0,24,4,10,True
2038,Colombia,Barranquilla,Bronce,False,False,True,0,0,0.0,26,2,9,True
2039,Colombia,Barranquilla,Bronce,True,True,False,0,0,0.0,5,6,9,True
2040,Colombia,Bogotá D.C.,Bronce,True,False,True,0,0,0.0,13,3,4,True
2041,México,—,Bronce,True,False,True,2,1,377.0,9,15,10,False
2042,México,—,Bronce,False,False,True,1,0,0.0,19,16,10,False
2043,Perú,—,Bronce,False,True,True,5,4,1705.0,18,3,8,True
2044,Perú,—,Bronce,False,False,True,0,0,0.0,17,6,8,True
2045,México,—,Bronce,True,False,False,5,3,1389.0,29,3,8,True
2046,Colombia,Medellín,Bronce,True,False,True,3,2,1116.0,22,3,9,True
2047,Colombia,Cali,Bronce,True,False,False,1,0,0.0,7,3,10,True
2048,Colombia,Bogotá D.C.,Bronce,False,True,True,1,0,0.0,13,2,3,True
2049,México,—,Bronce,False,False,False,0,0,0.0,36,1,4,True
2050,Colombia,Medellín,Bronce,True,False,True,6,3,1587.0,27,4,3,True
2051,Colombia,Santa Marta,Plata,False,False,True,23,19,9435.0,27,4,5,True
2052,Colombia,Bogotá D.C.,Bronce,True,True,True,0,0,0.0,2,18,9,False
2053,Colombia,Cali,Bronce,False,False,True,5,3,1237.0,27,0,10,True
2054,México,—,Bronce,False,True,True,1,0,0.0,49,16,9,False
2055,Colombia,Otras ciudades,Platino,True,False,True,66,53,27932.0,17,5,5,True
2056,Colombia,Otras ciudades,Bronce,True,False,False,7,6,3548.0,41,6,8,True
2057,México,—,Bronce,False,False,True,4,2,852.0,8,13,9,False
2058,México,—,Plata,False,True,True,10,6,3546.0,1,8,10,False
2059,Ecuador,—,Bronce,False,False,False,5,3,1802.0,10,1,7,True
2060,Colombia,Cali,Oro,False,True,False,39,25,11014.0,100,4,8,True
2061,Perú,—,Plata,False,False,False,8,6,3185.0,30,5,6,True
2062,Colombia,Bogotá D.C.,Bronce,False,False,True,0,0,0.0,10,7,9,False
2063,Colombia,Bucaramanga,Bronce,False,True,True,2,1,600.0,121,2,10,True
2064,México,—,Bronce,True,False,True,0,0,0.0,16,7,7,False
2065,Colombia,Barranquilla,Bronce,False,False,True,0,0,0.0,7,1,5,True
2066,México,—,Bronce,False,False,True,0,0,0.0,40,10,4,False
2067,México,—,Bronce,True,False,False,1,0,0.0,15,2,8,True
2068,Colombia,Medellín,Bronce,True,False,True,0,0,0.0,52,5,10,True
2069,Colombia,Bogotá D.C.,Bronce,False,False,True,2,1,564.0,3,4,6,True
2070,Perú,—,Bronce,True,False,True,1,0,0.0,27,2,8,True
2071,Ecuador,—,Bronce,True,False,False,0,0,0.0,18,21,6,False
2072,Colombia,Bucaramanga,Platino,True,False,True,134,91,54570.0,15,2,5,True
2073,Perú,—,Bronce,False,False,True,2,1,571.0,11,2,7,True
2074,Ecuador,—,Bronce,False,False,False,4,2,902.0,51,6,8,True
2075,Perú,—,Bronce,False,False,True,1,0,0.0,3,9,9,False
2076,Colombia,Santa Marta,Bronce,True,False,True,4,3,1301.0,53,8,6,False
2077,México,—,Bronce,True,False,True,2,1,611.0,21,8,10,False
2078,Colombia,Bogotá D.C.,Plata,True,False,True,16,14,6821.0,17,2,8,True
2079,Colombia,Medellín,Bronce,True,False,True,1,0,0.0,21,3,10,True
2080,Colombia,Cali,Bronce,False,False,True,1,0,0.0,12,8,10,False
2081,Colombia,Bogotá D.C.,Bronce,False,False,True,4,3,1706.0,11,0,7,True
2082,Uruguay,—,Bronce,False,False,True,1,0,0.0,44,7,7,False
2083,Ecuador,—,Bronce,False,True,True,0,0,0.0,14,0,3,True
2084,Colombia,Medellín,Bronce,False,False,False,4,3,1601.0,27,3,10,True
2085,Ecuador,—,Bronce,False,False,True,6,3,1458.0,7,7,9,False
2086,Colombia,Bogotá D.C.,Bronce,True,False,False,0,0,0.0,36,2,9,True
2087,Uruguay,—,Bronce,False,True,False,0,0,0.0,22,0,4,True
2088,Ecuador,—,Bronce,False,False,True,0,0,0.0,32,0,10,True
2089,Colombia,Bogotá D.C.,Bronce,True,False,True,0,0,0.0,10,8,3,False
2090,Colombia,Medellín,Bronce,True,False,True,0,0,0.0,16,6,9,True
2091,Colombia,Bucaramanga,Bronce,False,False,True,7,6,1755.0,13,1,5,True
2092,Colombia,Cali,Bronce,False,False,True,0,0,0.0,3,1,8,True
2093,México,—,Bronce,True,True,True,1,0,0.0,42,4,8,True
2094,Perú,—,Bronce,True,False,True,0,0,0.0,8,1,9,True
2095,Colombia,Bogotá D.C.,Bronce,True,False,True,2,1,378.0,138,3,8,True
2096,Colombia,Barranquilla,Plata,False,False,True,9,7,2982.0,14,1,10,True
2097,Colombia,Santa Marta,Bronce,False,True,True,1,0,0.0,22,1,2,True
2098,Ecuador,—,Bronce,False,False,True,0,0,0.0,36,0,6,True
2099,México,—,Bronce,False,True,True,5,3,1022.0,5,5,2,True
2100,México,—,Bronce,True,False,False,1,0,0.0,10,8,10,False
2101,Colombia,Cali,Bronce,False,False,True,1,0,0.0,32,2,9,True
2102,Colombia,Cúcuta,Bronce,True,False,False,1,0,0.0,37,3,7,True
2103,Colombia,Otras ciudades,Bronce,True,False,True,0,0,0.0,50,1,6,True
2104,Colombia,Montería,Plata,False,False,False,21,13,5538.0,26,6,8,True
2105,Colombia,Cartagena,Plata,True,True,True,9,8,3969.0,23,5,7,True
2106,México,—,Bronce,True,True,True,1,0,0.0,31,3,7,True
2107,Colombia,Otras ciudades,Bronce,False,False,True,0,0,0.0,25,1,5,True
2108,Colombia,Villavicencio,Bronce,False,True,True,0,0,0.0,32,5,5,True
2109,México,—,Plata,True,True,True,12,10,4168.0,24,2,9,True
2110,Colombia,Bucaramanga,Plata,False,True,True,9,7,3091.0,25,8,5,False
2111,Ecuador,—,Bronce,False,False,False,0,0,0.0,16,1,8,True
2112,Ecuador,—,Bronce,False,False,True,0,0,0.0,6,1,8,True
2113,Colombia,Manizales,Bronce,False,True,True,2,1,478.0,76,17,7,False
2114,Ecuador,—,Bronce,True,True,False,4,3,1664.0,19,2,5,True
2115,Colombia,Cali,Bronce,True,False,True,3,2,1168.0,6,0,9,True
2116,México,—,Bronce,True,True,True,1,0,0.0,33,10,10,False
2117,Colombia,Bogotá D.C.,Bronce,True,False,True,0,0,0.0,26,7,10,False
2118,Colombia,Pereira,Bronce,False,False,True,0,0,0.0,24,7,6,False
2119,Colombia,Valledupar,Bronce,False,False,False,3,2,1028.0,13,2,2,True
2120,Colombia,Bogotá D.C.,Bronce,False,True,True,1,0,0.0,20,1,8,True
2121,Colombia,Bogotá D.C.,Bronce,True,False,True,1,0,0.0,5,17,7,False
2122,Colombia,Cartagena,Bronce,False,False,False,1,0,0.0,12,1,6,True
2123,Colombia,Bogotá D.C.,Bronce,False,False,False,1,0,0.0,32,9,5,False
2124,Uruguay,—,Bronce,False,True,True,0,0,0.0,36,12,2,False
2125,México,—,Bronce,True,False,True,6,4,1991.0,22,6,6,True
2126,Colombia,Manizales,Bronce,False,False,False,2,1,357.0,39,9,8,False
2127,Uruguay,—,Bronce,True,False,True,0,0,0.0,36,1,7,True
2128,Perú,—,Bronce,False,False,True,0,0,0.0,35,2,5,True
2129,Colombia,Otras ciudades,Bronce,True,False,True,1,0,0.0,52,6,6,True
2130,Colombia,Valledupar,Bronce,False,False,True,3,1,441.0,11,7,8,False
2131,Colombia,Bogotá D.C.,Bronce,False,False,False,0,0,0.0,37,15,7,False
2132,Colombia,Bogotá D.C.,Bronce,False,False,True,7,5,1628.0,3,0,7,True
2133,Colombia,Ibagué,Plata,False,False,True,9,7,4214.0,23,2,5,True
2134,México,—,Oro,True,True,False,56,36,19638.0,11,6,7,True
2135,Colombia,Cali,Bronce,False,False,False,0,0,0.0,51,6,10,True
2136,Colombia,Sincelejo,Bronce,True,False,True,3,2,1031.0,41,1,8,True
2137,Colombia,Bogotá D.C.,Bronce,False,False,True,1,0,0.0,52,12,10,False
2138,Ecuador,—,Bronce,False,False,False,1,0,0.0,2,5,7,True
2139,Colombia,Pereira,Bronce,False,False,False,1,0,0.0,20,1,5,True
2140,Colombia,Medellín,Bronce,True,True,True,1,0,0.0,25,5,3,True
2141,México,—,Bronce,False,False,False,3,2,1114.0,13,3,7,True
2142,Colombia,Otras ciudades,Bronce,False,False,True,2,1,531.0,14,5,8,True
2143,México,—,Bronce,True,True,True,1,0,0.0,36,4,8,True
2144,Colombia,Cali,Bronce,True,False,True,0,0,0.0,23,5,8,True
2145,México,—,Bronce,False,True,False,1,0,0.0,60,8,10,False
2146,Colombia,Barranquilla,Bronce,False,False,True,2,1,430.0,39,19,9,False
2147,Colombia,Pasto,Bronce,True,True,True,2,1,386.0,9,14,10,False
2148,Perú,—,Bronce,False,False,False,0,0,0.0,2,1,4,True
2149,Colombia,Valledupar,Plata,False,False,True,22,17,8503.0,42,5,2,True
2150,Colombia,Medellín,Bronce,False,False,False,5,4,2148.0,22,4,4,True
2151,México,—,Plata,True,False,False,11,8,2910.0,40,0,8,True
2152,Colombia,Cúcuta,Bronce,True,False,True,0,0,0.0,9,4,3,True
2153,Uruguay,—,Bronce,False,False,True,2,1,438.0,7,7,6,False
2154,Uruguay,—,Bronce,True,False,True,3,1,700.0,27,3,8,True
2155,Colombia,Bogotá D.C.,Bronce,False,True,True,0,0,0.0,1,1,8,True
2156,Colombia,Bogotá D.C.,Bronce,False,False,True,0,0,0.0,29,1,1,True
2157,Colombia,Otras ciudades,Bronce,False,False,True,0,0,0.0,28,15,6,False
2158,México,—,Bronce,False,False,True,3,1,438.0,62,10,1,False
2159,Colombia,Valledupar,Plata,True,True,True,20,14,8395.0,37,3,9,True
2160,Colombia,Bogotá D.C.,Plata,True,True,True,9,7,2974.0,19,2,9,True
2161,Perú,—,Bronce,False,False,False,2,1,486.0,11,1,5,True
2162,Colombia,Cúcuta,Bronce,False,False,True,0,0,0.0,18,0,7,True
2163,México,—,Bronce,False,False,False,5,4,1996.0,38,4,3,True
2164,Colombia,Ibagué,Bronce,False,True,False,0,0,0.0,26,1,9,True
2165,México,—,Bronce,False,True,True,0,0,0.0,16,4,10,True
2166,Colombia,Pereira,Bronce,True,False,True,0,0,0.0,44,5,10,True
2167,Colombia,Bogotá D.C.,Bronce,False,False,False,0,0,0.0,60,13,8,False
2168,Colombia,Barranquilla,Plata,False,False,True,9,8,4262.0,41,6,5,True
2169,Colombia,Bogotá D.C.,Bronce,True,True,False,0,0,0.0,29,1,10,True
2170,México,—,Plata,False,False,True,16,13,7022.0,12,21,8,False
2171,México,—,Bronce,True,False,False,0,0,0.0,34,8,10,False
2172,Colombia,Bogotá D.C.,Bronce,True,True,True,2,1,591.0,37,2,8,True
2173,Colombia,Bogotá D.C.,Bronce,True,True,True,0,0,0.0,13,2,3,True
2174,Colombia,Medellín,Bronce,True,False,True,3,1,411.0,77,9,7,False
2175,Uruguay,—,Bronce,True,False,True,0,0,0.0,24,4,4,True
2176,Colombia,Bogotá D.C.,Plata,True,False,True,8,6,2122.0,13,4,7,True
2177,Perú,—,Bronce,True,True,True,2,1,568.0,9,0,6,True
2178,México,—,Bronce,False,False,True,1,0,0.0,10,10,2,False
2179,Colombia,Bogotá D.C.,Plata,False,True,True,8,5,3265.0,12,7,6,False
2180,Colombia,Bogotá D.C.,Plata,True,True,True,8,4,2207.0,20,3,4,True
2181,Ecuador,—,Bronce,True,False,True,1,0,0.0,54,1,9,True
2182,Chile,—,Bronce,True,False,True,2,1,436.0,45,3,8,True
2183,Colombia,Bogotá D.C.,Bronce,False,False,True,7,5,2322.0,9,1,7,True
2184,Colombia,Bogotá D.C.,Bronce,True,True,True,6,3,1707.0,15,2,10,True
2185,Colombia,Villavicencio,Bronce,True,False,True,3,2,726.0,34,2,9,True
2186,Colombia,Bogotá D.C.,Bronce,False,False,True,0,0,0.0,79,2,7,True
2187,Colombia,Cali,Bronce,False,False,True,1,0,0.0,21,4,7,True
2188,Colombia,Medellín,Plata,False,True,False,8,5,1941.0,28,2,5,True
2189,México,—,Bronce,False,False,False,0,0,0.0,64,0,5,True
2190,Colombia,Barranquilla,Bronce,True,False,True,0,0,0.0,69,1,8,True
2191,Colombia,Montería,Bronce,False,False,False,6,5,2556.0,48,1,6,True
2192,Ecuador,—,Bronce,True,False,False,0,0,0.0,40,4,9,True
2193,Colombia,Bogotá D.C.,Bronce,False,True,False,0,0,0.0,14,0,5,True
2194,Colombia,Cali,Bronce,False,False,True,2,1,569.0,3,9,6,False
2195,México,—,Bronce,False,True,True,5,4,2823.0,36,7,5,False
2196,Uruguay,—,Bronce,False,True,True,0,0,0.0,15,4,9,True
2197,Colombia,Neiva,Bronce,False,True,True,7,5,2384.0,17,3,8,True
2198,Ecuador,—,Bronce,False,False,False,1,0,0.0,23,4,7,True
2199,Colombia,Bogotá D.C.,Bronce,True,True,True,1,0,0.0,35,10,6,False
2200,Uruguay,—,Bronce,False,False,True,2,1,555.0,20,13,7,False
2201,Ecuador,—,Bronce,True,False,True,0,0,0.0,78,3,6,True
2202,Colombia,Manizales,Plata,False,False,True,24,18,7841.0,54,9,6,False
2203,México,—,Bronce,False,False,False,3,2,1285.0,22,6,7,True
2204,Colombia,Bogotá D.C.,Bronce,True,False,True,3,2,1340.0,14,2,9,True
2205,Colombia,Bogotá D.C.,Platino,True,False,True,228,175,91887.0,18,4,6,True
2206,Colombia,Bucaramanga,Plata,False,False,True,16,13,5702.0,49,5,3,True
2207,Colombia,Bogotá D.C.,Bronce,False,True,True,2,1,467.0,39,9,7,False
2208,Colombia,Bogotá D.C.,Plata,True,False,True,11,9,6748.0,6,1,8,True
2209,Colombia,Bogotá D.C.,Plata,True,False,True,13,8,3852.0,26,1,10,True
2210,Colombia,Cartagena,Bronce,True,False,True,2,1,574.0,37,6,8,True
2211,Colombia,Popayán,Bronce,False,False,True,1,0,0.0,73,0,10,True
2212,Colombia,Villavicencio,Bronce,False,True,True,1,0,0.0,70,11,7,False
2213,Colombia,Pasto,Bronce,False,True,True,0,0,0.0,15,0,8,True
2214,Colombia,Manizales,Bronce,False,True,False,0,0,0.0,3,3,8,True
2215,Ecuador,—,Bronce,False,False,True,2,1,503.0,74,7,8,False
2216,Colombia,Cali,Plata,True,True,True,13,11,5280.0,31,13,9,False
2217,Colombia,Otras ciudades,Bronce,True,False,True,1,0,0.0,49,11,6,False
2218,Ecuador,—,Platino,False,False,False,289,190,61438.0,15,7,5,False
2219,Colombia,Bogotá D.C.,Bronce,True,False,True,0,0,0.0,15,14,10,False
2220,Colombia,Medellín,Bronce,True,True,False,3,2,1120.0,6,9,7,False
2221,Colombia,Bogotá D.C.,Bronce,True,False,False,2,1,621.0,15,11,5,False
2222,México,—,Bronce,True,True,True,0,0,0.0,21,5,6,True
2223,Colombia,Cali,Plata,False,False,True,12,8,3757.0,44,2,5,True
2224,Colombia,Medellín,Bronce,True,True,True,6,3,1751.0,16,6,10,True
2225,Colombia,Barranquilla,Bronce,True,False,True,2,1,373.0,16,1,10,True
2226,Colombia,Otras ciudades,Bronce,False,True,True,2,1,704.0,44,0,5,True
2227,Chile,—,Plata,False,True,True,12,11,7168.0,67,0,10,True
2228,Colombia,Barranquilla,Bronce,True,False,True,7,4,1528.0,13,1,10,True
2229,Colombia,Barranquilla,Bronce,False,False,True,0,0,0.0,64,1,5,True
2230,Colombia,Bogotá D.C.,Bronce,False,True,True,1,0,0.0,1,3,7,True
2231,Ecuador,—,Bronce,False,False,True,0,0,0.0,30,3,5,True
2232,Colombia,Bogotá D.C.,Bronce,True,True,True,3,2,886.0,9,2,5,True
2233,Colombia,Otras ciudades,Bronce,False,True,True,0,0,0.0,17,10,10,False
2234,Colombia,Bogotá D.C.,Bronce,True,False,True,0,0,0.0,1,1,5,True
2235,Colombia,Cali,Bronce,False,False,True,1,0,0.0,12,2,10,True
2236,México,—,Bronce,False,False,True,0,0,0.0,24,6,7,True
2237,México,—,Bronce,False,False,True,3,2,1126.0,40,3,7,True
2238,México,—,Bronce,False,False,True,0,0,0.0,11,6,10,True
2239,Colombia,Cali,Bronce,True,False,True,0,0,0.0,9,9,7,False
2240,Colombia,Bogotá D.C.,Bronce,True,False,True,1,0,0.0,22,5,10,True
2241,Ecuador,—,Bronce,True,False,False,0,0,0.0,77,1,5,True
2242,Colombia,Bucaramanga,Bronce,False,False,True,2,1,520.0,30,4,7,True
2243,Ecuador,—,Bronce,True,False,True,6,4,1914.0,23,4,9,True
2244,México,—,Bronce,True,False,True,4,2,758.0,40,1,6,True
2245,Colombia,Montería,Bronce,False,False,True,0,0,0.0,36,19,4,False
2246,Ecuador,—,Bronce,True,False,False,0,0,0.0,17,11,7,False
2247,Colombia,Medellín,Bronce,True,False,True,0,0,0.0,24,2,8,True
2248,Colombia,Medellín,Bronce,False,False,False,4,3,1551.0,5,8,10,False
2249,Colombia,Bogotá D.C.,Bronce,True,False,False,7,4,2410.0,34,1,5,True
2250,Colombia,Valledupar,Bronce,True,True,True,1,0,0.0,6,19,8,False
2251,México,—,Bronce,False,False,True,1,0,0.0,1,6,8,True
2252,Ecuador,—,Bronce,False,False,True,0,0,0.0,36,3,8,True
2253,Colombia,Bogotá D.C.,Bronce,False,False,True,2,1,466.0,38,0,8,True
2254,Colombia,Barranquilla,Bronce,True,False,True,0,0,0.0,23,13,5,False
2255,Colombia,Bogotá D.C.,Oro,True,False,False,31,28,12920.0,16,2,8,True
2256,Colombia,Medellín,Bronce,True,False,False,2,1,649.0,6,6,8,True
2257,Colombia,Cali,Plata,True,False,True,9,6,2391.0,20,1,10,True
2258,Colombia,Otras ciudades,Bronce,True,False,True,4,2,1028.0,20,3,9,True
2259,Uruguay,—,Bronce,False,False,True,0,0,0.0,17,8,7,False
2260,Ecuador,—,Bronce,True,False,True,4,2,1177.0,36,1,7,True
2261,Colombia,Cali,Bronce,False,False,False,2,1,314.0,14,0,6,True
2262,Ecuador,—,Bronce,False,False,False,1,0,0.0,1,8,5,False
2263,Colombia,Bogotá D.C.,Bronce,True,True,True,6,5,1922.0,55,6,3,True
2264,México,—,Bronce,False,False,True,1,0,0.0,14,12,6,False
2265,Ecuador,—,Bronce,True,False,True,2,1,655.0,119,3,3,True
2266,Colombia,Bogotá D.C.,Bronce,False,False,False,6,5,1719.0,9,11,8,False
2267,México,—,Bronce,False,False,True,2,1,447.0,52,2,8,True
2268,Ecuador,—,Bronce,False,False,False,2,1,495.0,13,4,8,True
2269,México,—,Bronce,True,False,False,0,0,0.0,3,2,4,True
2270,Colombia,Bogotá D.C.,Bronce,False,False,False,0,0,0.0,35,1,5,True
2271,Uruguay,—,Bronce,True,False,True,0,0,0.0,3,13,4,False
2272,Colombia,Barranquilla,Bronce,False,False,True,2,1,492.0,13,11,9,False
2273,Colombia,Bogotá D.C.,Bronce,True,True,True,0,0,0.0,37,4,8,True
2274,Colombia,Otras ciudades,Bronce,True,False,True,1,0,0.0,15,17,9,False
2275,Colombia,Bogotá D.C.,Bronce,False,False,True,1,0,0.0,22,6,6,True
2276,Colombia,Pereira,Bronce,True,True,True,1,0,0.0,3,13,8,False
2277,Colombia,Bogotá D.C.,Plata,False,False,True,17,14,7191.0,12,0,7,True
2278,Ecuador,—,Bronce,False,False,False,3,2,762.0,23,7,8,False
2279,Colombia,Otras ciudades,Bronce,True,False,True,2,1,390.0,41,5,9,True
2280,Colombia,Otras ciudades,Bronce,False,False,True,0,0,0.0,91,0,3,True
2281,Colombia,Medellín,Bronce,True,False,True,1,0,0.0,85,3,9,True
2282,Colombia,Bogotá D.C.,Bronce,False,True,False,0,0,0.0,87,2,7,True
2283,Colombia,Cali,Bronce,True,False,True,1,0,0.0,15,1,4,True
2284,Colombia,Medellín,Bronce,True,False,True,4,3,1510.0,7,4,6,True
2285,Colombia,Medellín,Bronce,True,False,True,0,0,0.0,2,3,7,True
2286,Colombia,Neiva,Plata,False,True,True,9,8,4329.0,36,0,9,True
2287,Colombia,Bogotá D.C.,Plata,False,False,True,13,10,2900.0,76,7,9,False
2288,Colombia,Bogotá D.C.,Bronce,True,True,True,2,1,474.0,4,7,8,False
2289,Colombia,Cartagena,Bronce,True,False,False,0,0,0.0,9,15,8,False
2290,Colombia,Bogotá D.C.,Bronce,False,False,True,0,0,0.0,77,10,4,False
2291,Perú,—,Bronce,True,False,True,0,0,0.0,23,5,10,True
2292,México,—,Bronce,False,False,True,3,2,848.0,25,10,10,False
2293,México,—,Bronce,False,False,True,1,0,0.0,48,5,6,True
2294,Colombia,Medellín,Bronce,False,False,False,1,0,0.0,3,2,4,True
2295,Ecuador,—,Bronce,False,False,False,2,1,521.0,11,1,8,True
2296,Colombia,Bogotá D.C.,Bronce,True,False,False,2,1,545.0,14,23,4,False
2297,México,—,Bronce,True,False,True,0,0,0.0,40,2,7,True
2298,Colombia,Bogotá D.C.,Bronce,True,True,False,2,1,342.0,58,13,6,False
2299,Colombia,Bucaramanga,Bronce,False,False,True,1,0,0.0,37,3,8,True
2300,Colombia,Santa Marta,Bronce,True,True,True,3,2,924.0,25,12,4,False
2301,Perú,—,Plata,False,False,True,24,14,4521.0,28,4,8,True
2302,Perú,—,Platino,False,False,True,96,56,26231.0,31,10,8,False
2303,Colombia,Otras ciudades,Bronce,True,False,True,3,1,313.0,9,1,6,True
2304,Ecuador,—,Bronce,True,True,False,0,0,0.0,36,6,6,True
2305,Colombia,Medellín,Bronce,True,False,True,0,0,0.0,7,5,8,True
2306,México,—,Bronce,True,False,False,4,3,1549.0,7,7,8,False
2307,México,—,Bronce,False,False,False,0,0,0.0,20,1,7,True
2308,Colombia,Bucaramanga,Bronce,False,True,True,0,0,0.0,33,7,8,False
2309,Chile,—,Bronce,True,False,True,0,0,0.0,33,11,9,False
2310,Colombia,Bogotá D.C.,Bronce,False,False,True,1,0,0.0,12,2,9,True
2311,Colombia,Bogotá D.C.,Bronce,False,True,True,4,2,838.0,4,1,10,True
2312,Colombia,Bucaramanga,Bronce,True,False,True,4,2,947.0,15,2,3,True
2313,Colombia,Cartagena,Bronce,False,False,True,7,4,1811.0,11,10,7,False
2314,Colombia,Cali,Bronce,False,False,False,5,3,1630.0,34,3,4,True
2315,Colombia,Bucaramanga,Bronce,False,True,True,2,1,446.0,41,2,7,True
2316,Colombia,Medellín,Bronce,False,True,True,0,0,0.0,16,4,5,True
2317,México,—,Bronce,False,False,True,0,0,0.0,25,3,9,True
2318,Colombia,Medellín,Bronce,False,False,False,1,0,0.0,41,2,8,True
2319,México,—,Plata,False,False,True,20,18,11959.0,20,3,7,True
2320,Chile,—,Bronce,False,False,True,0,0,0.0,18,8,5,False
2321,Colombia,Barranquilla,Oro,False,False,True,26,24,13189.0,48,1,9,True
2322,Colombia,Barranquilla,Bronce,True,False,True,3,2,1073.0,27,4,9,True
2323,Colombia,Bogotá D.C.,Bronce,False,False,True,2,1,699.0,43,10,8,False
2324,México,—,Bronce,True,False,True,0,0,0.0,41,12,4,False
2325,Colombia,Medellín,Bronce,True,False,True,0,0,0.0,34,2,10,True
2326,Ecuador,—,Bronce,False,True,True,1,0,0.0,45,4,5,True
2327,Uruguay,—,Plata,False,True,True,14,12,7120.0,15,7,7,False
2328,Colombia,Santa Marta,Bronce,True,False,True,4,3,1410.0,36,4,8,True
2329,Colombia,Otras ciudades,Bronce,True,False,False,2,1,306.0,6,1,6,True
2330,Colombia,Ibagué,Bronce,False,True,True,0,0,0.0,18,5,10,True
2331,México,—,Bronce,False,True,True,1,0,0.0,22,14,8,False
2332,Colombia,Otras ciudades,Bronce,False,True,True,1,0,0.0,2,12,8,False
2333,Colombia,Barranquilla,Bronce,False,False,True,1,0,0.0,17,17,5,False
2334,Colombia,Bogotá D.C.,Bronce,False,False,True,0,0,0.0,20,2,7,True
2335,Colombia,Cartagena,Bronce,False,True,True,4,2,910.0,7,5,8,True
2336,Perú,—,Plata,True,False,True,13,9,4530.0,27,9,10,False
2337,Colombia,Villavicencio,Bronce,False,False,True,0,0,0.0,41,14,9,False
2338,Colombia,Manizales,Bronce,True,False,False,0,0,0.0,42,1,7,True
2339,Colombia,Medellín,Bronce,False,False,True,0,0,0.0,11,2,10,True
2340,Colombia,Otras ciudades,Bronce,False,False,True,2,1,560.0,15,1,10,True
2341,Colombia,Pereira,Bronce,True,False,True,0,0,0.0,22,3,6,True
2342,Colombia,Barranquilla,Bronce,True,True,True,0,0,0.0,24,18,7,False
2343,Colombia,Montería,Bronce,True,False,False,0,0,0.0,4,0,6,True
2344,Perú,—,Bronce,True,False,True,4,2,562.0,39,4,5,True
2345,Uruguay,—,Plata,True,False,True,19,13,8121.0,26,6,7,True
2346,Ecuador,—,Bronce,True,False,False,1,0,0.0,33,2,6,True
2347,México,—,Bronce,False,True,True,5,3,1335.0,40,0,10,True
2348,Colombia,Cúcuta,Plata,False,False,True,15,9,6691.0,14,2,7,True
2349,Perú,—,Plata,True,True,True,11,7,2730.0,81,6,9,True
2350,Colombia,Cúcuta,Bronce,False,False,True,0,0,0.0,10,5,6,True
2351,Colombia,Medellín,Bronce,False,True,True,0,0,0.0,23,3,8,True
2352,Colombia,Bogotá D.C.,Bronce,False,False,True,0,0,0.0,17,2,6,True
2353,Colombia,Bogotá D.C.,Bronce,False,False,True,3,2,789.0,4,7,8,False
2354,Ecuador,—,Bronce,True,False,True,0,0,0.0,52,2,9,True
2355,Colombia,Bogotá D.C.,Bronce,False,True,False,5,3,1900.0,24,3,9,True
2356,Uruguay,—,Bronce,False,True,False,0,0,0.0,81,3,7,True
2357,México,—,Bronce,True,True,True,1,0,0.0,11,4,4,True
2358,México,—,Bronce,False,True,True,3,1,546.0,3,5,6,True
2359,México,—,Bronce,True,True,True,0,0,0.0,9,3,9,True
2360,México,—,Bronce,True,False,True,0,0,0.0,17,0,7,True
2361,Colombia,Otras ciudades,Bronce,False,False,False,4,3,2006.0,4,2,9,True
2362,Colombia,Pasto,Plata,True,False,True,11,10,6192.0,18,9,6,False
2363,Chile,—,Bronce,False,False,True,0,0,0.0,36,2,5,True
2364,México,—,Bronce,False,False,True,2,1,455.0,21,3,7,True
2365,Colombia,Cali,Bronce,False,False,True,2,1,536.0,9,3,9,True
2366,Colombia,Otras ciudades,Bronce,False,False,True,2,1,651.0,24,4,9,True
2367,México,—,Bronce,False,True,True,3,2,1119.0,30,1,7,True
2368,México,—,Bronce,True,False,True,0,0,0.0,9,4,10,True
2369,México,—,Plata,False,True,True,17,12,4814.0,42,20,8,False
2370,Colombia,Bogotá D.C.,Bronce,False,False,True,0,0,0.0,25,3,10,True
2371,Colombia,Bogotá D.C.,Bronce,False,False,False,6,3,1354.0,9,3,4,True
2372,Colombia,Cartagena,Bronce,True,True,True,0,0,0.0,8,6,9,True
2373,Colombia,Bogotá D.C.,Bronce,True,True,False,1,0,0.0,21,5,7,True
2374,México,—,Bronce,False,True,True,0,0,0.0,9,6,6,True
2375,Colombia,Bogotá D.C.,Bronce,True,False,True,0,0,0.0,63,2,9,True
2376,México,—,Bronce,True,False,True,5,4,1854.0,38,18,5,False
2377,Colombia,Otras ciudades,Bronce,False,True,True,0,0,0.0,7,5,4,True
2378,Uruguay,—,Plata,True,True,True,8,6,2834.0,22,3,8,True
2379,Colombia,Medellín,Bronce,False,True,True,0,0,0.0,20,2,10,True
2380,Colombia,Armenia,Bronce,True,False,True,7,5,2732.0,13,9,7,False
2381,Colombia,Bogotá D.C.,Plata,False,False,True,10,7,3212.0,13,2,5,True
2382,Colombia,Barranquilla,Bronce,False,True,True,0,0,0.0,27,3,10,True
2383,Colombia,Medellín,Bronce,True,False,True,1,0,0.0,13,10,6,False
2384,Colombia,Popayán,Bronce,False,True,True,2,1,595.0,9,0,8,True
2385,Colombia,Cali,Bronce,True,True,True,1,0,0.0,17,6,7,True
2386,Colombia,Bogotá D.C.,Bronce,False,False,True,0,0,0.0,23,7,9,False
2387,Colombia,Barranquilla,Bronce,True,False,True,7,4,1954.0,46,6,10,True
2388,Colombia,Medellín,Bronce,True,False,True,0,0,0.0,16,4,3,True
2389,México,—,Bronce,False,False,True,0,0,0.0,22,10,7,False
2390,Colombia,Bogotá D.C.,Bronce,False,False,True,1,0,0.0,1,10,6,False
2391,Ecuador,—,Bronce,True,True,True,2,1,643.0,20,3,4,True
2392,México,—,Bronce,True,True,False,0,0,0.0,17,1,7,True
2393,Colombia,Barranquilla,Bronce,True,False,True,0,0,0.0,20,7,10,False
2394,Colombia,Bogotá D.C.,Bronce,True,False,True,1,0,0.0,16,1,5,True
2395,Colombia,Pasto,Oro,False,False,True,44,29,22687.0,13,11,10,False
2396,Ecuador,—,Bronce,False,False,True,0,0,0.0,8,8,7,False
2397,Colombia,Ibagué,Bronce,False,True,True,0,0,0.0,33,3,7,True
2398,Colombia,Bogotá D.C.,Bronce,True,True,True,0,0,0.0,5,3,7,True
2399,Colombia,Otras ciudades,Bronce,False,False,True,5,4,1628.0,13,2,9,True
2400,Ecuador,—,Bronce,True,True,True,0,0,0.0,5,3,5,True
2401,México,—,Bronce,False,False,True,0,0,0.0,3,13,10,False
2402,México,—,Bronce,False,False,True,0,0,0.0,8,4,5,True
2403,Uruguay,—,Bronce,False,False,True,0,0,0.0,33,1,7,True
2404,México,—,Bronce,True,True,True,4,3,1122.0,28,4,6,True
2405,Ecuador,—,Bronce,True,False,True,2,1,581.0,40,2,9,True
2406,Colombia,Santa Marta,Bronce,True,True,False,6,4,2091.0,20,5,6,True
2407,Colombia,Medellín,Oro,True,False,True,29,24,12744.0,7,3,10,True
2408,Colombia,Bogotá D.C.,Oro,False,False,True,59,39,18238.0,21,5,10,True
2409,Perú,—,Bronce,False,False,False,0,0,0.0,41,11,8,False
2410,Colombia,Cali,Bronce,False,False,True,0,0,0.0,19,4,8,True
2411,Colombia,Cartagena,Plata,True,False,True,15,13,5991.0,4,0,8,True
2412,Colombia,Bogotá D.C.,Bronce,False,False,False,1,0,0.0,5,0,7,True
2413,Colombia,Medellín,Bronce,True,False,False,5,3,1138.0,4,4,9,True
2414,Ecuador,—,Bronce,True,False,True,1,0,0.0,12,0,6,True
2415,Perú,—,Bronce,False,False,True,0,0,0.0,10,3,4,True
2416,Colombia,Bogotá D.C.,Bronce,False,False,True,4,3,1426.0,1,2,6,True
2417,Ecuador,—,Bronce,True,True,True,1,0,0.0,32,5,7,True
2418,Colombia,Valledupar,Bronce,False,False,True,2,1,530.0,3,0,10,True
2419,Ecuador,—,Bronce,False,False,True,0,0,0.0,39,5,10,True
2420,Ecuador,—,Bronce,True,False,False,2,1,398.0,9,4,7,True
2421,México,—,Bronce,True,False,True,2,1,572.0,106,12,9,False
2422,Colombia,Barranquilla,Platino,False,False,True,63,51,27661.0,99,2,7,True
2423,Colombia,Bogotá D.C.,Bronce,False,False,True,0,0,0.0,9,5,7,True
2424,Colombia,Medellín,Plata,False,False,True,24,19,9675.0,46,7,7,False
2425,Colombia,Otras ciudades,Bronce,False,False,True,1,0,0.0,39,6,9,True
2426,Colombia,Cali,Bronce,False,False,True,6,5,2054.0,5,4,3,True
2427,Colombia,Bogotá D.C.,Bronce,True,False,True,0,0,0.0,2,13,7,False
2428,Colombia,Barranquilla,Bronce,False,False,True,2,1,556.0,4,1,7,True
2429,Colombia,Armenia,Bronce,True,False,True,0,0,0.0,20,21,8,False
2430,México,—,Bronce,False,False,True,5,3,1293.0,17,3,7,True
2431,Ecuador,—,Bronce,False,False,True,7,5,2386.0,37,8,5,False
2432,Perú,—,Bronce,False,False,False,0,0,0.0,35,3,8,True
2433,Colombia,Bogotá D.C.,Bronce,True,False,True,0,0,0.0,23,5,8,True
2434,Colombia,Otras ciudades,Oro,False,False,True,32,25,8962.0,37,11,6,False
2435,Colombia,Bogotá D.C.,Plata,False,False,False,17,15,7740.0,61,5,5,True
2436,Colombia,Bogotá D.C.,Bronce,False,False,True,4,2,1222.0,11,3,6,True
2437,Colombia,Otras ciudades,Plata,True,False,True,24,20,7500.0,18,11,6,False
2438,Colombia,Bogotá D.C.,Bronce,True,False,True,1,0,0.0,36,4,7,True
2439,Perú,—,Bronce,False,False,True,3,2,1139.0,40,9,9,False
2440,Ecuador,—,Platino,True,False,True,62,50,24587.0,28,5,5,True
2441,Colombia,Cali,Bronce,False,True,False,0,0,0.0,25,3,7,True
2442,Colombia,Bogotá D.C.,Bronce,False,False,False,0,0,0.0,31,2,4,True
2443,Colombia,Bucaramanga,Bronce,True,False,False,3,2,858.0,23,0,8,True
2444,Colombia,Bogotá D.C.,Bronce,True,False,True,3,2,1108.0,9,3,6,True
2445,Colombia,Bogotá D.C.,Bronce,True,False,True,0,0,0.0,40,2,10,True
2446,Colombia,Barranquilla,Bronce,False,False,True,2,1,437.0,13,4,5,True
2447,Ecuador,—,Plata,False,False,True,8,4,2068.0,47,28,6,False
2448,Colombia,Cartagena,Bronce,True,True,False,4,3,1558.0,4,1,5,True
2449,Colombia,Cali,Bronce,False,False,True,1,0,0.0,14,0,7,True
2450,Colombia,Barranquilla,Bronce,False,False,True,2,1,615.0,12,10,10,False
2451,Colombia,Medellín,Bronce,True,False,False,0,0,0.0,16,6,4,True
2452,Colombia,Barranquilla,Bronce,True,True,True,1,0,0.0,28,3,6,True
2453,Colombia,Cali,Bronce,False,False,True,2,1,330.0,41,0,4,True
2454,Colombia,Cartagena,Bronce,False,False,True,0,0,0.0,27,7,7,False
2455,Perú,—,Bronce,True,False,False,0,0,0.0,33,9,8,False
2456,Colombia,Manizales,Bronce,False,False,False,0,0,0.0,22,2,6,True
2457,Colombia,Bogotá D.C.,Bronce,False,False,True,2,1,468.0,7,7,2,False
2458,Colombia,Bogotá D.C.,Bronce,False,False,True,1,0,0.0,36,7,10,False
2459,Uruguay,—,Bronce,False,False,True,1,0,0.0,9,2,10,True
2460,México,—,Bronce,True,False,False,0,0,0.0,22,4,6,True
2461,Colombia,Bogotá D.C.,Bronce,False,True,True,2,1,522.0,56,5,10,True
2462,Ecuador,—,Bronce,True,False,False,0,0,0.0,23,1,6,True
2463,México,—,Bronce,True,False,False,2,1,411.0,55,2,9,True
2464,Colombia,Bogotá D.C.,Bronce,False,True,False,2,1,389.0,105,5,10,True
2465,México,—,Bronce,False,True,True,0,0,0.0,27,6,9,True
2466,Colombia,Bogotá D.C.,Bronce,True,False,True,5,4,1734.0,17,1,7,True
2467,México,—,Bronce,True,False,True,4,3,1164.0,23,0,9,True
2468,México,—,Bronce,True,False,True,1,0,0.0,30,9,7,False
2469,México,—,Bronce,False,False,True,0,0,0.0,36,0,10,True
2470,México,—,Bronce,True,True,True,1,0,0.0,3,2,9,True
2471,Colombia,Bogotá D.C.,Bronce,False,False,True,7,5,2390.0,11,6,10,True
2472,Colombia,Otras ciudades,Bronce,False,False,True,1,0,0.0,51,2,3,True
2473,Colombia,Otras ciudades,Bronce,True,False,False,7,4,1682.0,44,1,8,True
2474,Colombia,Otras ciudades,Bronce,True,False,False,4,3,1347.0,60,7,7,False
2475,Perú,—,Bronce,False,True,True,0,0,0.0,26,21,8,False
2476,Ecuador,—,Bronce,True,True,True,3,1,479.0,50,4,9,True
2477,Ecuador,—,Bronce,False,True,True,0,0,0.0,7,4,10,True
2478,México,—,Bronce,True,True,True,2,1,384.0,49,6,10,True
2479,Colombia,Medellín,Bronce,False,False,True,0,0,0.0,49,4,6,True
2480,Colombia,Bogotá D.C.,Bronce,False,True,False,0,0,0.0,127,3,5,True
2481,Colombia,Bogotá D.C.,Bronce,False,False,True,2,1,602.0,24,0,10,True
2482,Colombia,Medellín,Oro,True,False,True,36,21,6991.0,55,21,6,False
2483,Uruguay,—,Bronce,False,True,True,1,0,0.0,37,4,6,True
2484,Colombia,Cartagena,Plata,True,True,True,19,15,7611.0,4,8,8,False
2485,Perú,—,Bronce,False,False,True,0,0,0.0,14,7,5,False
2486,Chile,—,Bronce,False,False,True,1,0,0.0,18,5,9,True
2487,Colombia,Bogotá D.C.,Bronce,True,False,True,3,1,608.0,4,11,6,False
2488,Colombia,Bucaramanga,Bronce,False,False,False,7,4,2662.0,56,7,9,False
2489,Colombia,Bucaramanga,Bronce,False,False,True,1,0,0.0,10,5,8,True
2490,Ecuador,—,Bronce,False,True,True,3,2,878.0,30,3,10,True
2491,México,—,Bronce,True,False,True,0,0,0.0,12,2,6,True
2492,Colombia,Bogotá D.C.,Bronce,False,False,True,0,0,0.0,36,0,10,True
2493,Colombia,Cali,Bronce,True,True,True,0,0,0.0,10,17,3,False
2494,Colombia,Bogotá D.C.,Bronce,True,False,True,5,4,1670.0,9,4,7,True
2495,Colombia,Medellín,Bronce,False,False,True,6,3,1581.0,19,5,10,True
2496,Colombia,Medellín,Plata,True,False,False,9,5,2482.0,8,0,10,True
2497,Perú,—,Plata,False,False,True,20,16,11398.0,2,4,8,True
2498,Colombia,Ibagué,Bronce,False,False,True,7,5,3399.0,56,6,6,True
2499,Perú,—,Bronce,True,False,True,0,0,0.0,23,5,8,True
2500,México,—,Bronce,False,True,True,2,1,395.0,11,5,10,True
2501,Colombia,Cali,Bronce,False,False,False,0,0,0.0,23,2,5,True
2502,Colombia,Medellín,Bronce,False,False,True,0,0,0.0,30,4,8,True
2503,Ecuador,—,Bronce,True,False,False,4,2,964.0,3,7,7,False
2504,Colombia,Otras ciudades,Bronce,False,False,True,2,1,463.0,31,14,7,False
2505,México,—,Bronce,False,False,True,1,0,0.0,132,7,8,False
2506,Colombia,Medellín,Plata,False,True,True,9,5,1793.0,2,7,5,False
2507,México,—,Bronce,True,True,False,6,5,2731.0,38,3,10,True
2508,Colombia,Pereira,Bronce,False,False,False,1,0,0.0,67,4,7,True
2509,Ecuador,—,Bronce,True,True,False,2,1,457.0,10,5,5,True
2510,Ecuador,—,Bronce,True,True,True,0,0,0.0,43,2,8,True
2511,Ecuador,—,Bronce,False,False,True,1,0,0.0,30,12,7,False
2512,México,—,Bronce,False,True,True,0,0,0.0,45,1,9,True
2513,México,—,Bronce,False,False,True,4,3,900.0,88,7,10,False
2514,Colombia,Bucaramanga,Bronce,False,False,True,1,0,0.0,47,31,10,False
2515,Colombia,Medellín,Plata,False,False,True,14,8,5896.0,31,21,7,False
2516,México,—,Bronce,True,False,False,0,0,0.0,17,3,5,True
2517,México,—,Bronce,False,False,True,0,0,0.0,6,2,8,True
2518,Colombia,Cúcuta,Bronce,False,True,True,0,0,0.0,13,4,10,True
2519,México,—,Bronce,True,False,True,2,1,408.0,11,8,10,False
2520,Ecuador,—,Bronce,False,True,True,0,0,0.0,19,5,9,True
2521,Colombia,Manizales,Bronce,True,False,False,3,2,960.0,12,4,9,True
2522,México,—,Bronce,False,False,True,6,5,2038.0,40,0,10,True
2523,Colombia,Bogotá D.C.,Bronce,True,False,True,0,0,0.0,66,1,5,True
2524,Colombia,Cali,Bronce,False,True,True,0,0,0.0,10,8,7,False
2525,Colombia,Cali,Bronce,False,False,True,1,0,0.0,34,6,5,True
2526,Colombia,Otras ciudades,Bronce,True,True,True,4,3,1700.0,22,6,7,True
2527,Colombia,Bogotá D.C.,Bronce,False,False,True,0,0,0.0,32,6,7,True
2528,Colombia,Medellín,Bronce,True,False,True,0,0,0.0,49,3,9,True
2529,Colombia,Bucaramanga,Bronce,True,False,False,0,0,0.0,24,2,6,True
2530,Uruguay,—,Oro,False,False,True,40,28,15336.0,1,9,10,False
2531,Ecuador,—,Bronce,False,True,True,3,2,1194.0,14,15,6,False
2532,Perú,—,Bronce,False,False,True,2,1,600.0,18,7,7,False
2533,Colombia,Cali,Bronce,True,False,True,1,0,0.0,12,0,5,True
2534,Colombia,Medellín,Bronce,True,False,True,3,1,511.0,8,9,10,False
2535,Colombia,Medellín,Bronce,False,True,True,0,0,0.0,19,4,7,True
2536,Colombia,Bogotá D.C.,Bronce,True,False,True,6,4,2509.0,27,11,9,False
2537,Ecuador,—,Bronce,True,False,True,0,0,0.0,16,4,10,True
2538,Perú,—,Bronce,True,False,True,0,0,0.0,17,1,10,True
2539,Colombia,Bogotá D.C.,Bronce,False,False,True,0,0,0.0,2,0,6,True
2540,Colombia,Bogotá D.C.,Bronce,True,False,True,0,0,0.0,32,9,5,False
2541,Colombia,Cartagena,Bronce,True,True,True,4,3,914.0,23,1,10,True
2542,Colombia,Bogotá D.C.,Bronce,False,False,True,1,0,0.0,27,2,6,True
2543,Colombia,Bogotá D.C.,Plata,False,True,True,8,6,2941.0,24,3,2,True
2544,Colombia,Medellín,Bronce,False,False,True,3,2,940.0,19,8,3,False
2545,Ecuador,—,Bronce,False,False,False,0,0,0.0,26,8,10,False
2546,Colombia,Villavicencio,Bronce,True,False,True,3,1,393.0,17,2,7,True
2547,Colombia,Bucaramanga,Bronce,False,False,True,0,0,0.0,17,9,8,False
2548,Chile,—,Bronce,True,True,False,4,3,1473.0,21,9,4,False
2549,México,—,Bronce,False,True,True,2,1,431.0,35,6,9,True
2550,Perú,—,Oro,False,False,True,30,17,9633.0,74,3,7,True
2551,Ecuador,—,Bronce,False,False,True,5,4,2256.0,7,1,8,True
2552,Chile,—,Bronce,False,True,True,1,0,0.0,30,0,1,True
2553,Perú,—,Bronce,False,True,True,3,2,1192.0,18,7,6,False
2554,México,—,Bronce,False,False,False,5,3,1026.0,11,2,10,True
2555,Perú,—,Bronce,True,False,True,4,3,692.0,121,13,7,False
2556,México,—,Bronce,True,False,True,1,0,0.0,12,8,10,False
2557,Colombia,Cúcuta,Bronce,False,False,True,2,1,545.0,23,5,1,True
2558,Colombia,Otras ciudades,Bronce,True,True,True,0,0,0.0,57,1,9,True
2559,Colombia,Bogotá D.C.,Bronce,True,False,True,4,2,952.0,32,1,7,True
2560,Colombia,Montería,Bronce,False,True,False,3,2,1118.0,38,1,10,True
2561,Colombia,Bogotá D.C.,Bronce,False,False,True,2,1,381.0,54,9,10,False
2562,Colombia,Bogotá D.C.,Bronce,True,True,True,2,1,585.0,21,12,10,False
2563,México,—,Bronce,True,False,True,0,0,0.0,43,1,6,True
2564,Colombia,Medellín,Bronce,False,False,True,2,1,662.0,22,3,8,True
2565,Colombia,Otras ciudades,Bronce,False,False,True,0,0,0.0,22,8,6,False
2566,México,—,Plata,True,False,False,8,7,4080.0,6,1,6,True
2567,Colombia,Pereira,Bronce,True,False,False,7,5,2661.0,73,6,5,True
2568,Colombia,Bogotá D.C.,Bronce,True,False,False,5,3,1591.0,24,6,4,True
2569,Colombia,Medellín,Plata,True,False,True,17,10,4120.0,20,0,2,True
2570,Perú,—,Bronce,False,False,True,1,0,0.0,67,3,1,True
2571,Perú,—,Bronce,False,False,True,5,2,1345.0,35,5,10,True
2572,Colombia,Bogotá D.C.,Bronce,False,True,True,1,0,0.0,10,6,7,True
2573,Colombia,Medellín,Bronce,False,False,True,5,3,1806.0,25,32,3,False
2574,Colombia,Otras ciudades,Bronce,True,True,True,6,4,1960.0,12,2,6,True
2575,México,—,Bronce,False,False,True,3,1,346.0,43,18,2,False
2576,Colombia,Medellín,Bronce,True,False,False,0,0,0.0,12,6,10,True
2577,Colombia,Medellín,Bronce,False,False,True,1,0,0.0,36,9,5,False
2578,México,—,Oro,False,False,True,26,20,8719.0,68,0,7,True
2579,Colombia,Cali,Bronce,False,False,False,1,0,0.0,88,8,5,False
2580,Colombia,Medellín,Plata,True,True,True,8,5,2151.0,34,0,5,True
2581,Uruguay,—,Bronce,True,True,True,6,4,1851.0,24,8,10,False
2582,Colombia,Popayán,Bronce,False,True,True,2,1,430.0,18,8,5,False
2583,Perú,—,Bronce,False,False,True,1,0,0.0,8,12,10,False
2584,Colombia,Cali,Bronce,False,True,True,1,0,0.0,49,5,6,True
2585,Colombia,Valledupar,Bronce,True,False,False,0,0,0.0,17,5,10,True
2586,Uruguay,—,Bronce,False,False,True,0,0,0.0,15,11,9,False
2587,Colombia,Otras ciudades,Bronce,False,False,True,1,0,0.0,2,4,6,True
2588,Colombia,Bogotá D.C.,Bronce,False,True,True,4,3,1594.0,44,4,4,True
2589,Colombia,Sincelejo,Bronce,False,True,True,0,0,0.0,17,1,4,True
2590,Colombia,Bogotá D.C.,Bronce,True,True,True,4,2,1006.0,32,0,10,True
2591,Colombia,Bogotá D.C.,Bronce,False,False,True,0,0,0.0,47,23,10,False
2592,México,—,Plata,False,False,True,12,9,4145.0,14,2,4,True
2593,Colombia,Ibagué,Plata,False,False,True,17,10,5057.0,93,2,8,True
2594,Colombia,Bogotá D.C.,Bronce,False,False,True,2,1,292.0,12,5,10,True
2595,México,—,Bronce,True,False,False,1,0,0.0,55,1,10,True
2596,Colombia,Bogotá D.C.,Bronce,False,True,False,2,1,486.0,6,3,8,True
2597,Colombia,Cartagena,Bronce,False,False,False,1,0,0.0,7,6,5,True
2598,Chile,—,Bronce,False,False,False,0,0,0.0,21,10,9,False
2599,México,—,Bronce,True,False,False,0,0,0.0,15,6,10,True
2600,Ecuador,—,Bronce,False,True,True,1,0,0.0,27,4,4,True
2601,Colombia,Cartagena,Plata,True,True,True,8,4,2341.0,27,3,7,True
2602,Ecuador,—,Bronce,True,True,True,3,2,859.0,30,22,7,False
2603,Colombia,Bucaramanga,Bronce,True,True,True,0,0,0.0,95,10,10,False
2604,México,—,Oro,True,False,False,26,17,5563.0,49,18,10,False
2605,Uruguay,—,Bronce,False,True,True,0,0,0.0,77,5,4,True
2606,Colombia,Bogotá D.C.,Bronce,False,True,True,5,4,1582.0,70,0,8,True
2607,México,—,Bronce,True,True,True,1,0,0.0,41,5,10,True
2608,Perú,—,Bronce,False,False,True,1,0,0.0,69,0,4,True
2609,Colombia,Santa Marta,Bronce,True,False,True,1,0,0.0,85,6,4,True
2610,Colombia,Cali,Bronce,False,False,False,1,0,0.0,53,11,7,False
2611,Colombia,Cúcuta,Bronce,True,False,False,0,0,0.0,6,4,7,True
2612,México,—,Bronce,False,False,False,4,2,1032.0,21,1,5,True
2613,Colombia,Manizales,Bronce,False,True,False,0,0,0.0,24,1,9,True
2614,México,—,Bronce,True,True,True,2,1,598.0,35,5,6,True
2615,México,—,Bronce,True,False,True,0,0,0.0,9,3,3,True
2616,Colombia,Barranquilla,Bronce,True,False,True,0,0,0.0,37,2,10,True
2617,Colombia,Cali,Bronce,False,False,False,0,0,0.0,56,3,5,True
2618,Colombia,Medellín,Bronce,False,True,True,0,0,0.0,23,0,7,True
2619,Colombia,Bogotá D.C.,Plata,False,False,True,11,8,3790.0,65,2,10,True
2620,Colombia,Bogotá D.C.,Oro,False,False,False,43,34,16785.0,50,6,7,True
2621,Colombia,Bogotá D.C.,Bronce,False,False,False,0,0,0.0,86,4,6,True
2622,Colombia,Valledupar,Bronce,True,False,True,2,1,277.0,21,3,5,True
2623,Ecuador,—,Oro,False,True,True,25,15,6848.0,13,9,5,False
2624,Colombia,Cali,Bronce,True,False,True,2,1,407.0,23,2,8,True
2625,México,—,Bronce,False,True,True,2,1,514.0,25,0,10,True
2626,Colombia,Manizales,Bronce,True,False,True,0,0,0.0,22,4,9,True
2627,Ecuador,—,Bronce,False,True,True,0,0,0.0,16,1,6,True
2628,México,—,Bronce,True,False,True,1,0,0.0,11,8,8,False
2629,Ecuador,—,Bronce,False,False,True,0,0,0.0,40,5,7,True
2630,Colombia,Manizales,Bronce,False,False,True,0,0,0.0,76,3,5,True
2631,Ecuador,—,Bronce,False,False,True,2,1,415.0,20,11,10,False
2632,Colombia,Manizales,Bronce,True,False,True,0,0,0.0,27,15,8,False
2633,Colombia,Cartagena,Bronce,False,True,True,1,0,0.0,14,3,4,True
2634,Perú,—,Bronce,False,False,True,1,0,0.0,13,3,5,True
2635,Perú,—,Bronce,False,False,True,3,1,562.0,41,2,10,True
2636,Colombia,Cartagena,Bronce,False,True,True,2,1,504.0,7,3,4,True
2637,Colombia,Cúcuta,Bronce,True,False,True,0,0,0.0,5,12,6,False
2638,Colombia,Bogotá D.C.,Bronce,False,False,True,4,2,777.0,76,3,1,True
2639,Colombia,Cali,Plata,True,False,True,9,6,1937.0,20,7,3,False
2640,Colombia,Otras ciudades,Bronce,False,True,True,1,0,0.0,12,21,8,False
2641,Uruguay,—,Bronce,False,False,True,0,0,0.0,20,2,5,True
2642,Colombia,Medellín,Bronce,True,False,True,0,0,0.0,55,10,10,False
2643,Colombia,Bogotá D.C.,Bronce,True,True,True,4,2,835.0,4,4,7,True
2644,Uruguay,—,Bronce,True,True,False,0,0,0.0,63,10,5,False
2645,Perú,—,Bronce,False,True,True,1,0,0.0,8,17,4,False
2646,Colombia,Bogotá D.C.,Bronce,False,False,True,2,1,337.0,12,4,7,True
2647,Colombia,Medellín,Bronce,False,True,True,1,0,0.0,66,5,7,True
2648,Chile,—,Bronce,True,False,True,0,0,0.0,6,9,10,False
2649,Colombia,Bogotá D.C.,Bronce,True,False,True,2,1,464.0,28,9,7,False
2650,Colombia,Bogotá D.C.,Bronce,False,False,False,0,0,0.0,70,12,6,False
2651,Ecuador,—,Bronce,True,False,True,0,0,0.0,11,8,8,False
2652,Colombia,Bogotá D.C.,Bronce,False,False,True,0,0,0.0,71,2,7,True
2653,Colombia,Cali,Bronce,False,True,False,0,0,0.0,9,2,10,True
2654,Colombia,Pereira,Bronce,True,True,True,0,0,0.0,24,2,8,True
2655,Colombia,Bogotá D.C.,Bronce,False,False,True,2,1,630.0,23,4,6,True
2656,México,—,Bronce,True,False,False,0,0,0.0,2,21,10,False
2657,Colombia,Otras ciudades,Bronce,False,False,True,1,0,0.0,27,3,10,True
2658,Colombia,Bogotá D.C.,Bronce,False,True,True,0,0,0.0,43,3,7,True
2659,Chile,—,Bronce,False,True,True,5,4,2094.0,94,6,10,True
2660,México,—,Plata,False,True,True,17,15,4994.0,17,1,7,True
2661,México,—,Plata,False,False,False,21,15,7213.0,8,3,9,True
2662,Colombia,Bogotá D.C.,Plata,False,False,True,17,14,3516.0,24,1,10,True
2663,México,—,Plata,False,False,True,14,11,5025.0,75,1,7,True
2664,Colombia,Cali,Bronce,False,False,True,2,1,491.0,9,14,10,False
2665,Colombia,Bogotá D.C.,Bronce,True,True,False,4,3,1865.0,90,10,10,False
2666,México,—,Bronce,True,False,True,7,5,2890.0,52,3,5,True
2667,Colombia,Pereira,Bronce,False,False,True,0,0,0.0,32,5,4,True
2668,Colombia,Bogotá D.C.,Bronce,False,False,True,0,0,0.0,1,5,3,True
2669,México,—,Bronce,True,False,False,4,2,1404.0,31,1,8,True
2670,Colombia,Cali,Oro,False,False,True,26,21,10477.0,39,3,8,True
2671,Colombia,Pasto,Bronce,False,True,False,3,2,1598.0,28,11,5,False
2672,Ecuador,—,Bronce,False,False,True,3,2,845.0,39,5,4,True
2673,Uruguay,—,Bronce,False,True,False,0,0,0.0,14,2,7,True
2674,Colombia,Santa Marta,Plata,True,False,False,10,6,2885.0,14,10,6,False
2675,Colombia,Bucaramanga,Bronce,False,False,False,4,3,1654.0,16,6,9,True
2676,Colombia,Otras ciudades,Plata,False,True,False,20,17,9762.0,65,6,7,True
2677,Colombia,Armenia,Bronce,False,False,True,0,0,0.0,67,3,7,True
2678,Colombia,Villavicencio,Bronce,False,False,True,1,0,0.0,20,5,8,True
2679,Colombia,Barranquilla,Bronce,True,False,True,2,1,362.0,47,3,10,True
2680,Colombia,Barranquilla,Plata,False,False,True,11,8,4141.0,46,5,2,True
2681,Colombia,Neiva,Bronce,False,False,True,4,3,1267.0,64,5,5,True
2682,Perú,—,Bronce,False,False,True,3,1,731.0,18,13,4,False
2683,México,—,Bronce,True,False,True,2,1,336.0,58,2,10,True
2684,Colombia,Santa Marta,Bronce,False,True,False,0,0,0.0,30,0,4,True
2685,Colombia,Pasto,Bronce,True,False,True,2,1,580.0,73,3,6,True
2686,Colombia,Cali,Bronce,False,False,True,2,1,578.0,27,4,7,True
2687,Colombia,Pereira,Bronce,True,False,True,4,2,1001.0,31,3,6,True
2688,Colombia,Bogotá D.C.,Bronce,False,False,True,6,4,1784.0,17,1,9,True
2689,Ecuador,—,Bronce,False,True,True,2,1,494.0,21,10,8,False
2690,Colombia,Otras ciudades,Bronce,False,True,True,0,0,0.0,34,0,4,True
2691,Ecuador,—,Bronce,True,False,True,0,0,0.0,7,4,5,True
2692,Colombia,Bogotá D.C.,Bronce,True,True,True,2,1,353.0,13,5,6,True
2693,Colombia,Barranquilla,Bronce,True,False,True,2,1,594.0,24,0,10,True
2694,México,—,Bronce,True,True,True,0,0,0.0,64,3,10,True
2695,Colombia,Bogotá D.C.,Bronce,False,False,True,3,2,814.0,17,1,6,True
2696,Perú,—,Bronce,False,False,True,7,5,1921.0,32,6,9,True
2697,Colombia,Bucaramanga,Bronce,True,False,True,0,0,0.0,6,5,6,True
2698,Colombia,Medellín,Bronce,False,False,True,4,3,1353.0,21,14,9,False
2699,México,—,Bronce,True,True,True,7,5,2606.0,17,15,8,False
2700,Colombia,Medellín,Plata,True,True,False,9,6,3152.0,42,2,10,True
2701,Colombia,Valledupar,Plata,True,False,True,9,5,3227.0,4,3,7,True
2702,Colombia,Otras ciudades,Bronce,True,True,False,2,1,460.0,71,3,3,True
2703,Colombia,Bogotá D.C.,Plata,False,False,True,12,10,4378.0,16,9,10,False
2704,Colombia,Armenia,Bronce,False,True,False,4,2,986.0,37,4,6,True
2705,Colombia,Otras ciudades,Bronce,False,True,True,3,2,687.0,20,0,9,True
2706,Chile,—,Bronce,True,False,False,1,0,0.0,28,8,4,False
2707,Colombia,Neiva,Bronce,False,False,True,3,2,774.0,33,7,10,False
2708,Colombia,Barranquilla,Bronce,True,True,True,0,0,0.0,16,7,8,False
2709,Perú,—,Bronce,False,True,True,0,0,0.0,56,2,5,True
2710,Colombia,Cartagena,Bronce,True,False,True,0,0,0.0,37,6,10,True
2711,Ecuador,—,Bronce,False,False,True,0,0,0.0,40,15,10,False
2712,Colombia,Bogotá D.C.,Oro,False,True,True,26,16,6496.0,37,2,6,True
2713,Colombia,Armenia,Plata,True,False,True,8,5,2464.0,51,6,5,True
2714,Colombia,Medellín,Bronce,False,False,True,0,0,0.0,32,1,2,True
2715,Colombia,Cali,Bronce,False,True,True,0,0,0.0,136,14,5,False
2716,Colombia,Bogotá D.C.,Bronce,True,False,False,0,0,0.0,13,16,9,False
2717,Colombia,Cali,Bronce,False,False,False,0,0,0.0,15,1,10,True
2718,Colombia,Otras ciudades,Bronce,True,False,True,1,0,0.0,43,3,8,True
2719,Colombia,Bogotá D.C.,Bronce,True,False,True,1,0,0.0,8,0,5,True
2720,Colombia,Bogotá D.C.,Plata,False,False,True,11,9,4813.0,22,3,7,True
2721,México,—,Bronce,False,False,False,0,0,0.0,22,4,6,True
2722,Colombia,Villavicencio,Bronce,False,True,True,0,0,0.0,5,7,9,False
2723,Colombia,Barranquilla,Bronce,True,False,True,0,0,0.0,72,6,6,True
2724,Colombia,Cartagena,Bronce,False,True,False,2,1,484.0,7,7,8,False
2725,Chile,—,Bronce,True,False,True,2,1,609.0,11,0,9,True
2726,Colombia,Villavicencio,Bronce,True,True,True,1,0,0.0,72,0,8,True
2727,Colombia,Bucaramanga,Bronce,True,True,True,3,2,915.0,25,3,9,True
2728,Colombia,Barranquilla,Bronce,False,False,True,1,0,0.0,25,10,9,False
2729,México,—,Bronce,True,False,True,0,0,0.0,24,7,8,False
2730,Colombia,Cali,Bronce,False,False,False,1,0,0.0,34,4,8,True
2731,Colombia,Bogotá D.C.,Bronce,False,False,True,0,0,0.0,29,4,8,True
2732,Colombia,Bogotá D.C.,Bronce,True,False,True,0,0,0.0,3,6,7,True
2733,Uruguay,—,Plata,True,False,True,11,8,5264.0,36,7,8,False
2734,Colombia,Barranquilla,Bronce,False,False,True,1,0,0.0,40,10,6,False
2735,México,—,Bronce,True,False,False,0,0,0.0,26,3,4,True
2736,Perú,—,Bronce,False,True,True,0,0,0.0,32,6,10,True
2737,México,—,Plata,False,False,True,23,20,10590.0,67,0,7,True
2738,México,—,Bronce,True,False,True,0,0,0.0,53,12,6,False
2739,Uruguay,—,Bronce,True,True,True,0,0,0.0,15,5,9,True
2740,Colombia,Medellín,Plata,False,True,True,16,10,4018.0,24,6,10,True
2741,Colombia,Medellín,Bronce,False,False,True,1,0,0.0,54,4,10,True
2742,Colombia,Cartagena,Oro,False,True,True,50,32,14144.0,84,3,7,True
2743,Colombia,Bogotá D.C.,Bronce,False,False,True,0,0,0.0,19,5,7,True
2744,Colombia,Bogotá D.C.,Bronce,False,False,True,0,0,0.0,37,1,8,True
2745,Colombia,Bogotá D.C.,Bronce,False,False,True,4,3,1407.0,13,4,7,True
2746,Colombia,Pasto,Bronce,True,False,True,0,0,0.0,34,3,8,True
2747,Colombia,Bogotá D.C.,Bronce,True,True,True,1,0,0.0,8,18,6,False
2748,México,—,Bronce,False,True,True,6,3,1387.0,9,5,7,True
2749,Colombia,Bogotá D.C.,Bronce,True,True,True,0,0,0.0,19,2,5,True
2750,Colombia,Bogotá D.C.,Plata,False,False,True,11,7,3452.0,47,6,2,True
2751,Colombia,Cali,Bronce,False,False,False,0,0,0.0,13,10,10,False
2752,Chile,—,Bronce,False,True,True,0,0,0.0,8,10,9,False
2753,Ecuador,—,Bronce,False,False,True,0,0,0.0,15,3,8,True
2754,Ecuador,—,Bronce,False,False,True,0,0,0.0,38,1,3,True
2755,Colombia,Bogotá D.C.,Bronce,False,False,True,7,6,2315.0,40,4,10,True
2756,México,—,Bronce,False,True,True,1,0,0.0,74,6,8,True
2757,Perú,—,Plata,False,False,True,13,9,3531.0,14,4,6,True
2758,México,—,Bronce,False,True,True,2,1,409.0,24,7,5,False
2759,Uruguay,—,Bronce,False,False,True,5,3,1514.0,22,0,9,True
2760,México,—,Bronce,True,True,True,0,0,0.0,31,3,9,True
2761,Colombia,Bogotá D.C.,Bronce,False,False,True,1,0,0.0,27,17,6,False
2762,Colombia,Cali,Bronce,False,False,False,5,4,1567.0,34,1,9,True
2763,Perú,—,Bronce,True,True,True,0,0,0.0,10,4,4,True
2764,Colombia,Bogotá D.C.,Bronce,True,False,True,1,0,0.0,56,4,8,True
2765,Colombia,Medellín,Bronce,False,False,True,1,0,0.0,4,9,10,False
2766,Colombia,Cali,Bronce,False,False,True,4,3,1480.0,34,4,10,True
2767,Colombia,Cali,Bronce,False,False,True,1,0,0.0,71,3,8,True
2768,Colombia,Bucaramanga,Bronce,True,False,True,1,0,0.0,28,6,10,True
2769,Colombia,Medellín,Bronce,False,False,True,1,0,0.0,33,4,10,True
2770,México,—,Bronce,False,False,False,4,3,1884.0,41,5,4,True
2771,Ecuador,—,Bronce,False,False,False,0,0,0.0,18,11,6,False
2772,Colombia,Medellín,Bronce,False,True,True,0,0,0.0,33,18,7,False
2773,Colombia,Bogotá D.C.,Bronce,True,True,True,0,0,0.0,45,2,6,True
2774,Colombia,Bogotá D.C.,Plata,True,False,True,13,7,2948.0,17,4,10,True
2775,Colombia,Bogotá D.C.,Bronce,True,True,False,0,0,0.0,49,4,7,True
2776,México,—,Bronce,True,False,True,0,0,0.0,39,19,7,False
2777,Colombia,Bogotá D.C.,Oro,False,True,False,58,51,29334.0,55,1,8,True
2778,México,—,Bronce,True,False,True,1,0,0.0,43,13,4,False
2779,Colombia,Cúcuta,Plata,False,False,True,17,13,6177.0,11,9,6,False
2780,Colombia,Bogotá D.C.,Bronce,True,False,True,0,0,0.0,81,2,7,True
2781,Colombia,Bogotá D.C.,Bronce,False,True,False,0,0,0.0,30,11,7,False
2782,Colombia,Medellín,Bronce,True,False,True,0,0,0.0,28,5,10,True
2783,México,—,Bronce,True,False,False,3,2,1176.0,25,0,9,True
2784,Colombia,Medellín,Bronce,True,True,True,1,0,0.0,71,19,4,False
2785,Colombia,Bucaramanga,Bronce,False,True,True,0,0,0.0,43,3,4,True
2786,Colombia,Cartagena,Bronce,False,False,True,1,0,0.0,14,7,8,False
2787,Chile,—,Bronce,True,False,True,2,1,627.0,38,1,10,True
2788,Colombia,Cúcuta,Bronce,False,False,True,3,2,1243.0,49,7,7,False
2789,Colombia,Bogotá D.C.,Bronce,True,False,False,3,2,937.0,37,5,7,True
2790,Colombia,Bogotá D.C.,Bronce,True,False,True,6,3,958.0,9,1,6,True
2791,Colombia,Bogotá D.C.,Bronce,True,False,True,6,3,1393.0,29,0,8,True
2792,Colombia,Otras ciudades,Bronce,False,False,True,0,0,0.0,90,4,6,True
2793,México,—,Bronce,False,False,True,2,1,423.0,55,9,5,False
2794,Colombia,Cartagena,Bronce,False,False,True,2,1,564.0,2,24,6,False
2795,Chile,—,Bronce,False,False,True,0,0,0.0,91,0,7,True
2796,Perú,—,Bronce,False,True,False,1,0,0.0,52,5,8,True
2797,Perú,—,Bronce,False,True,True,1,0,0.0,45,3,4,True
2798,Colombia,Neiva,Plata,True,False,True,22,13,6956.0,7,7,4,False
2799,México,—,Bronce,True,False,True,1,0,0.0,24,12,6,False
2800,Uruguay,—,Bronce,True,True,True,0,0,0.0,40,9,6,False
2801,Colombia,Bogotá D.C.,Bronce,False,True,True,0,0,0.0,5,5,8,True
2802,México,—,Bronce,False,True,True,1,0,0.0,17,2,10,True
2803,México,—,Bronce,True,True,False,0,0,0.0,2,3,8,True
2804,Colombia,Medellín,Bronce,True,False,True,1,0,0.0,23,1,6,True
2805,México,—,Bronce,False,False,True,6,5,2240.0,18,10,8,False
2806,Colombia,Neiva,Bronce,False,False,True,4,3,1662.0,35,2,7,True
2807,Colombia,Manizales,Bronce,True,False,True,1,0,0.0,55,4,8,True
2808,Colombia,Medellín,Bronce,True,True,True,3,2,1189.0,24,3,6,True
2809,Colombia,Popayán,Bronce,False,False,True,2,1,368.0,56,1,9,True
2810,Colombia,Bogotá D.C.,Bronce,True,False,True,1,0,0.0,4,1,7,True
2811,Colombia,Bogotá D.C.,Bronce,True,True,False,3,1,438.0,23,8,4,False
2812,Colombia,Bogotá D.C.,Bronce,True,True,False,2,1,547.0,55,1,10,True
2813,México,—,Bronce,True,False,True,4,2,954.0,52,6,10,True
2814,Colombia,Bogotá D.C.,Bronce,True,False,True,0,0,0.0,3,4,9,True
2815,Colombia,Bogotá D.C.,Bronce,False,True,True,3,2,1086.0,49,2,10,True
2816,Colombia,Bogotá D.C.,Bronce,True,False,True,0,0,0.0,3,1,10,True
2817,Uruguay,—,Bronce,True,False,True,1,0,0.0,54,17,7,False
2818,Colombia,Bogotá D.C.,Bronce,False,False,True,0,0,0.0,30,4,5,True
2819,Colombia,Cali,Bronce,True,False,True,2,1,575.0,1,1,8,True
2820,Colombia,Cali,Bronce,False,False,True,1,0,0.0,18,3,7,True
2821,Colombia,Bogotá D.C.,Bronce,False,True,False,2,1,451.0,62,13,8,False
2822,Ecuador,—,Bronce,False,True,True,1,0,0.0,25,7,4,False
2823,Chile,—,Bronce,True,False,True,2,1,442.0,29,16,6,False
2824,Colombia,Bucaramanga,Bronce,True,False,False,3,2,838.0,22,13,9,False
2825,México,—,Plata,True,False,True,11,9,3524.0,14,3,9,True
2826,Colombia,Neiva,Bronce,False,False,False,0,0,0.0,29,9,4,False
2827,Colombia,Medellín,Bronce,False,False,True,1,0,0.0,39,12,7,False
2828,Colombia,Bogotá D.C.,Bronce,False,False,True,0,0,0.0,9,0,8,True
2829,Colombia,Cali,Plata,False,False,True,11,8,3929.0,12,4,8,True
2830,Colombia,Bogotá D.C.,Bronce,True,False,True,0,0,0.0,36,4,10,True
2831,Colombia,Medellín,Bronce,False,True,True,1,0,0.0,19,6,5,True
2832,Colombia,Cartagena,Bronce,True,False,True,0,0,0.0,33,1,7,True
2833,Colombia,Cali,Bronce,False,False,True,2,1,518.0,1,1,10,True
2834,Colombia,Neiva,Bronce,False,False,False,0,0,0.0,8,15,7,False
2835,Colombia,Medellín,Bronce,True,False,False,0,0,0.0,27,0,8,True
2836,Colombia,Cúcuta,Bronce,True,False,True,3,2,1157.0,54,3,5,True
2837,Colombia,Cali,Bronce,True,False,True,4,3,1098.0,18,6,8,True
2838,Ecuador,—,Bronce,True,True,False,4,3,1529.0,7,5,6,True
2839,Colombia,Neiva,Bronce,True,True,True,0,0,0.0,17,9,10,False
2840,Colombia,Bogotá D.C.,Plata,True,False,True,17,12,5673.0,29,5,6,True
2841,Uruguay,—,Bronce,False,False,True,0,0,0.0,17,1,10,True
2842,Colombia,Cali,Oro,False,False,True,33,22,6423.0,34,4,8,True
2843,Colombia,Cali,Bronce,True,False,True,0,0,0.0,32,5,7,True
2844,Colombia,Medellín,Bronce,False,True,True,4,2,1011.0,20,2,5,True
2845,Colombia,Cali,Bronce,True,True,True,6,4,2011.0,5,5,7,True
2846,Colombia,Villavicencio,Bronce,True,False,True,1,0,0.0,3,5,8,True
2847,Colombia,Otras ciudades,Bronce,False,False,True,0,0,0.0,97,4,4,True
2848,Colombia,Cartagena,Plata,True,False,True,13,8,4211.0,33,17,3,False
2849,México,—,Bronce,True,False,True,6,5,2302.0,11,8,6,False
2850,Colombia,Santa Marta,Bronce,True,True,True,3,2,1246.0,25,3,7,True
2851,Colombia,Otras ciudades,Bronce,True,False,False,1,0,0.0,44,3,5,True
2852,Colombia,Bogotá D.C.,Bronce,True,False,True,0,0,0.0,49,0,7,True
2853,Colombia,Bogotá D.C.,Bronce,True,False,False,4,3,1549.0,119,2,5,True
2854,Colombia,Ibagué,Bronce,True,False,True,5,4,1119.0,7,6,7,True
2855,Colombia,Bogotá D.C.,Plata,False,False,False,22,16,5259.0,21,15,7,False
2856,Colombia,Otras ciudades,Bronce,False,False,True,0,0,0.0,43,3,4,True
2857,Colombia,Medellín,Bronce,True,False,True,4,2,948.0,50,4,4,True
2858,Colombia,Bogotá D.C.,Platino,False,False,True,113,65,25972.0,37,6,6,True
2859,Colombia,Bogotá D.C.,Bronce,False,False,True,2,1,568.0,2,2,4,True
2860,Colombia,Sincelejo,Bronce,True,True,True,0,0,0.0,31,5,10,True
2861,Perú,—,Bronce,True,True,True,7,6,2622.0,14,8,6,False
2862,Colombia,Bogotá D.C.,Bronce,False,True,True,1,0,0.0,9,6,9,True
2863,Ecuador,—,Platino,True,False,False,71,63,31636.0,156,1,3,True
2864,Colombia,Medellín,Bronce,True,True,True,0,0,0.0,75,9,4,False
2865,Ecuador,—,Bronce,True,False,True,3,2,946.0,4,3,8,True
2866,Perú,—,Bronce,False,True,True,2,1,642.0,67,7,2,False
2867,Colombia,Barranquilla,Plata,True,False,True,8,6,4023.0,18,5,7,True
2868,Perú,—,Bronce,False,True,False,2,1,476.0,6,5,9,True
2869,Colombia,Otras ciudades,Bronce,False,False,True,4,3,1404.0,13,5,10,True
2870,Ecuador,—,Bronce,False,False,True,2,1,579.0,12,7,10,False
2871,Colombia,Popayán,Bronce,True,True,True,4,2,1166.0,21,9,5,False
2872,Colombia,Otras ciudades,Bronce,True,False,True,2,1,607.0,41,2,10,True
2873,Colombia,Bogotá D.C.,Bronce,False,True,True,2,1,480.0,48,7,8,False
2874,Colombia,Bogotá D.C.,Bronce,True,False,True,0,0,0.0,23,9,7,False
2875,Colombia,Otras ciudades,Bronce,True,False,True,5,2,852.0,12,4,9,True
2876,Colombia,Medellín,Bronce,True,True,True,5,3,1552.0,12,15,9,False
2877,Colombia,Bogotá D.C.,Plata,False,True,True,16,13,5456.0,22,2,10,True
2878,Colombia,Bogotá D.C.,Oro,False,False,True,34,20,12592.0,19,12,6,False
2879,Colombia,Manizales,Bronce,True,True,True,7,4,1835.0,60,4,7,True
2880,Colombia,Bogotá D.C.,Bronce,False,False,True,3,2,802.0,9,11,8,False
2881,México,—,Bronce,True,False,True,0,0,0.0,20,7,9,False
2882,México,—,Bronce,True,False,True,0,0,0.0,7,9,5,False
2883,Colombia,Bogotá D.C.,Bronce,False,False,True,2,1,280.0,18,0,8,True
2884,Colombia,Bogotá D.C.,Bronce,False,True,True,1,0,0.0,32,2,9,True
2885,Perú,—,Bronce,True,True,True,1,0,0.0,34,4,5,True
2886,Colombia,Barranquilla,Bronce,True,False,True,0,0,0.0,15,1,4,True
2887,Colombia,Bogotá D.C.,Bronce,True,False,True,0,0,0.0,23,4,10,True
2888,Colombia,Medellín,Bronce,True,True,False,3,2,1110.0,29,8,3,False
2889,Colombia,Bogotá D.C.,Plata,True,False,False,23,21,10383.0,15,9,8,False
2890,Ecuador,—,Bronce,False,False,True,0,0,0.0,25,4,8,True
2891,Colombia,Otras ciudades,Bronce,False,True,True,0,0,0.0,63,7,5,False
2892,Colombia,Bogotá D.C.,Plata,False,False,False,12,9,3668.0,54,7,6,False
2893,Colombia,Pereira,Bronce,False,True,True,0,0,0.0,30,2,4,True
2894,México,—,Bronce,True,False,True,1,0,0.0,25,4,3,True
2895,Colombia,Cali,Bronce,False,False,True,3,1,473.0,11,3,3,True
2896,Colombia,Barranquilla,Bronce,False,False,False,0,0,0.0,26,4,6,True
2897,Colombia,Bogotá D.C.,Bronce,False,False,True,5,3,1209.0,5,8,4,False
2898,Chile,—,Bronce,False,False,True,4,2,903.0,9,6,8,True
2899,Uruguay,—,Bronce,True,True,False,0,0,0.0,30,9,8,False
2900,México,—,Bronce,False,False,True,0,0,0.0,10,8,8,False
2901,Ecuador,—,Bronce,True,False,True,5,3,852.0,21,0,10,True
2902,México,—,Bronce,True,False,True,3,2,927.0,22,4,7,True
2903,México,—,Bronce,False,False,True,0,0,0.0,21,12,7,False
2904,Colombia,Medellín,Oro,False,False,True,58,42,23738.0,30,2,8,True
2905,Ecuador,—,Bronce,False,False,True,0,0,0.0,27,2,10,True
2906,México,—,Bronce,False,True,False,3,2,1012.0,18,16,9,False
2907,Colombia,Valledupar,Bronce,True,False,True,2,1,443.0,1,0,6,True
2908,Colombia,Montería,Bronce,True,True,True,4,2,934.0,8,4,10,True
2909,Colombia,Montería,Bronce,True,True,True,4,3,1596.0,45,18,10,False
2910,Colombia,Bogotá D.C.,Bronce,True,True,True,0,0,0.0,20,0,5,True
2911,Colombia,Bucaramanga,Bronce,True,False,True,0,0,0.0,12,9,8,False
2912,Colombia,Cartagena,Bronce,False,True,True,0,0,0.0,3,1,8,True
2913,Perú,—,Bronce,True,True,True,1,0,0.0,15,4,7,True
2914,México,—,Bronce,False,False,True,1,0,0.0,15,13,7,False
2915,México,—,Bronce,True,True,True,1,0,0.0,39,7,6,False
2916,Colombia,Bucaramanga,Oro,True,False,True,37,22,13691.0,31,11,4,False
2917,Colombia,Barranquilla,Bronce,True,False,True,0,0,0.0,56,0,7,True
2918,Colombia,Pereira,Bronce,False,False,False,0,0,0.0,39,2,5,True
2919,Chile,—,Bronce,False,False,True,1,0,0.0,21,2,9,True
2920,Colombia,Santa Marta,Bronce,False,False,False,0,0,0.0,19,3,7,True
2921,Perú,—,Bronce,True,True,True,1,0,0.0,50,1,7,True
2922,México,—,Bronce,False,False,True,3,2,1031.0,31,1,10,True
2923,Colombia,Cúcuta,Bronce,True,True,True,3,1,476.0,22,1,3,True
2924,Colombia,Bogotá D.C.,Bronce,False,False,True,0,0,0.0,28,3,8,True
2925,Colombia,Bogotá D.C.,Bronce,False,False,True,2,1,592.0,13,19,10,False
2926,Colombia,Cartagena,Platino,True,True,True,103,89,46296.0,24,3,4,True
2927,Colombia,Bogotá D.C.,Bronce,True,False,True,2,1,454.0,55,6,6,True
2928,Colombia,Medellín,Bronce,True,False,False,0,0,0.0,10,0,7,True
2929,Colombia,Otras ciudades,Bronce,True,False,True,1,0,0.0,15,2,8,True
2930,Colombia,Manizales,Bronce,True,True,True,0,0,0.0,33,4,5,True
2931,México,—,Bronce,True,False,True,1,0,0.0,16,8,6,False
2932,Uruguay,—,Bronce,False,False,True,0,0,0.0,21,3,9,True
2933,Colombia,Bogotá D.C.,Plata,True,False,False,13,10,6139.0,35,10,7,False
2934,Ecuador,—,Bronce,True,False,True,7,5,1850.0,42,5,7,True
2935,Colombia,Villavicencio,Plata,False,True,False,11,6,3402.0,17,4,7,True
2936,Perú,—,Bronce,True,False,True,3,1,659.0,9,2,10,True
2937,Colombia,Cali,Bronce,False,False,False,2,1,515.0,68,1,6,True
2938,Colombia,Otras ciudades,Bronce,True,False,False,3,2,977.0,8,2,9,True
2939,Colombia,Bogotá D.C.,Bronce,False,False,True,2,1,385.0,36,2,9,True
2940,Colombia,Medellín,Bronce,False,False,True,0,0,0.0,6,7,5,False
2941,Colombia,Pereira,Bronce,True,True,True,5,3,1429.0,13,0,8,True
2942,Colombia,Bogotá D.C.,Bronce,False,False,True,1,0,0.0,3,12,4,False
2943,Ecuador,—,Plata,True,False,True,10,8,4928.0,29,13,8,False
2944,Colombia,Medellín,Bronce,True,False,True,0,0,0.0,36,3,8,True
2945,Ecuador,—,Bronce,False,True,True,1,0,0.0,13,6,5,True
2946,México,—,Bronce,False,False,True,1,0,0.0,27,5,7,True
2947,Perú,—,Platino,False,False,False,226,135,50328.0,28,9,8,False
2948,Colombia,Bogotá D.C.,Bronce,True,False,True,4,3,1677.0,9,12,6,False
2949,Colombia,Medellín,Bronce,True,True,True,1,0,0.0,19,4,9,True
2950,México,—,Bronce,True,False,True,2,1,559.0,42,1,7,True
2951,Colombia,Barranquilla,Bronce,True,False,True,0,0,0.0,17,1,10,True
2952,Chile,—,Bronce,True,False,False,1,0,0.0,51,7,6,False
2953,México,—,Plata,False,False,True,13,9,3865.0,24,1,4,True
2954,Colombia,Bogotá D.C.,Bronce,False,False,True,2,1,544.0,20,9,9,False
2955,Perú,—,Bronce,False,False,True,0,0,0.0,17,4,6,True
2956,Ecuador,—,Bronce,True,False,False,0,0,0.0,67,3,10,True
2957,Colombia,Medellín,Plata,True,False,False,8,5,2977.0,148,10,9,False
2958,Colombia,Medellín,Bronce,False,False,True,0,0,0.0,32,11,6,False
2959,México,—,Bronce,False,True,True,1,0,0.0,25,8,9,False
2960,Colombia,Bogotá D.C.,Bronce,False,False,True,2,1,527.0,11,3,10,True
2961,Colombia,Bogotá D.C.,Bronce,True,False,False,5,3,2175.0,19,5,8,True
2962,Colombia,Bogotá D.C.,Bronce,True,False,True,2,1,578.0,17,5,6,True
2963,Colombia,Bogotá D.C.,Bronce,False,False,True,0,0,0.0,16,1,7,True
2964,Perú,—,Plata,False,False,True,9,7,2953.0,4,1,5,True
2965,México,—,Plata,True,False,True,13,10,5131.0,12,5,5,True
2966,Colombia,Bogotá D.C.,Bronce,False,False,False,1,0,0.0,13,10,9,False
2967,Colombia,Bucaramanga,Bronce,False,False,True,1,0,0.0,10,11,5,False
2968,Colombia,Otras ciudades,Bronce,True,False,True,0,0,0.0,15,5,9,True
2969,Colombia,Bogotá D.C.,Bronce,False,False,True,2,1,690.0,23,10,8,False
2970,Colombia,Bogotá D.C.,Bronce,True,False,True,0,0,0.0,68,7,7,False
2971,Colombia,Bogotá D.C.,Bronce,True,False,True,2,1,536.0,15,8,4,False
2972,México,—,Bronce,True,False,True,3,2,751.0,6,2,9,True
2973,México,—,Bronce,True,False,True,3,2,1074.0,7,1,6,True
2974,Ecuador,—,Bronce,False,False,True,3,2,982.0,77,5,6,True
2975,Colombia,Cúcuta,Plata,False,False,True,14,10,5003.0,8,7,10,False
2976,Perú,—,Bronce,True,False,True,0,0,0.0,24,5,10,True
2977,Colombia,Medellín,Bronce,True,False,True,2,1,382.0,6,3,6,True
2978,Colombia,Armenia,Platino,False,False,True,85,61,20416.0,32,5,8,True
2979,Colombia,Popayán,Bronce,True,False,True,3,2,1028.0,25,9,9,False
2980,Colombia,Ibagué,Bronce,True,True,True,0,0,0.0,8,3,7,True
2981,Colombia,Bogotá D.C.,Bronce,False,False,True,2,1,464.0,32,2,8,True
2982,Colombia,Villavicencio,Bronce,False,True,True,5,3,918.0,14,11,9,False
2983,Colombia,Bogotá D.C.,Plata,False,True,False,14,9,4511.0,13,7,10,False
2984,Colombia,Medellín,Bronce,True,False,True,0,0,0.0,5,5,7,True
2985,México,—,Bronce,True,True,True,0,0,0.0,13,5,9,True
2986,Colombia,Otras ciudades,Bronce,False,False,True,4,2,1085.0,47,10,8,False
2987,Chile,—,Plata,False,True,True,11,8,3482.0,12,3,7,True
2988,Ecuador,—,Plata,False,False,True,10,6,2817.0,36,1,9,True
2989,Colombia,Bogotá D.C.,Bronce,False,True,True,0,0,0.0,48,15,7,False
2990,Colombia,Bogotá D.C.,Bronce,True,True,True,0,0,0.0,38,3,5,True
2991,Colombia,Bogotá D.C.,Bronce,False,False,True,0,0,0.0,22,6,7,True
2992,Ecuador,—,Bronce,False,False,True,1,0,0.0,51,5,8,True
2993,Colombia,Cali,Bronce,False,False,True,1,0,0.0,95,6,8,True
2994,Colombia,Bucaramanga,Plata,False,False,True,8,7,3835.0,23,8,10,False
2995,Colombia,Pereira,Bronce,True,False,True,0,0,0.0,12,2,7,True
2996,Colombia,Manizales,Bronce,False,False,True,0,0,0.0,18,3,5,True
2997,Colombia,Otras ciudades,Bronce,True,False,True,0,0,0.0,129,7,7,False
2998,Colombia,Neiva,Bronce,False,True,True,0,0,0.0,25,2,7,True
2999,Colombia,Bogotá D.C.,Bronce,False,False,True,4,2,918.0,25,4,4,True
3000,México,—,Bronce,True,False,True,0,0,0.0,42,0,9,True
3001,Ecuador,—,Bronce,False,False,True,4,2,624.0,2,4,7,True
3002,Colombia,Bogotá D.C.,Bronce,False,False,True,0,0,0.0,9,7,10,False
3003,Perú,—,Bronce,False,False,False,0,0,0.0,21,5,5,True
3004,México,—,Bronce,True,False,True,2,1,355.0,32,4,10,True
3005,México,—,Bronce,False,False,False,1,0,0.0,28,4,6,True
3006,Colombia,Bogotá D.C.,Bronce,False,False,True,0,0,0.0,110,12,8,False
3007,Colombia,Cali,Bronce,True,True,True,3,1,679.0,7,10,7,False
3008,Colombia,Popayán,Plata,False,False,True,11,8,3523.0,4,7,10,False
3009,Colombia,Ibagué,Bronce,False,False,False,2,1,726.0,16,3,7,True
3010,Colombia,Manizales,Bronce,False,False,True,4,2,635.0,27,0,8,True
3011,Colombia,Bogotá D.C.,Bronce,False,False,True,0,0,0.0,44,6,10,True
3012,Ecuador,—,Bronce,True,False,False,0,0,0.0,36,6,9,True
3013,Colombia,Cartagena,Bronce,False,False,True,0,0,0.0,16,14,7,False
3014,Colombia,Otras ciudades,Bronce,True,False,True,4,3,1905.0,13,2,3,True
3015,Colombia,Otras ciudades,Plata,True,True,True,10,8,4265.0,13,3,8,True
3016,Colombia,Bucaramanga,Bronce,False,False,True,0,0,0.0,6,5,8,True
3017,México,—,Bronce,True,True,True,3,2,1050.0,48,10,7,False
3018,Colombia,Neiva,Bronce,True,False,False,0,0,0.0,14,5,9,True
3019,Colombia,Cali,Bronce,False,False,True,4,2,883.0,32,5,5,True
3020,Perú,—,Bronce,False,False,True,1,0,0.0,7,7,10,False
3021,Colombia,Cúcuta,Bronce,True,False,True,1,0,0.0,20,26,9,False
3022,Colombia,Bogotá D.C.,Bronce,False,False,True,0,0,0.0,9,7,10,False
3023,Colombia,Valledupar,Bronce,True,False,True,4,3,1655.0,3,2,2,True
3024,Colombia,Ibagué,Bronce,True,True,True,0,0,0.0,35,1,7,True
3025,Ecuador,—,Bronce,False,False,True,1,0,0.0,21,10,8,False
3026,Uruguay,—,Bronce,False,False,True,1,0,0.0,22,18,8,False
3027,Colombia,Medellín,Bronce,True,True,True,0,0,0.0,24,9,8,False
3028,Perú,—,Bronce,True,False,True,4,2,942.0,31,15,9,False
3029,Colombia,Villavicencio,Bronce,True,True,True,0,0,0.0,22,11,5,False
3030,Ecuador,—,Bronce,False,False,False,0,0,0.0,26,4,9,True
3031,Colombia,Pereira,Bronce,False,False,True,0,0,0.0,24,2,7,True
3032,Ecuador,—,Bronce,False,True,True,3,2,1253.0,31,1,7,True
3033,Colombia,Manizales,Bronce,True,False,True,2,1,574.0,26,21,10,False
3034,Colombia,Cali,Bronce,True,False,True,1,0,0.0,65,38,10,False
3035,Colombia,Pereira,Bronce,True,False,True,1,0,0.0,3,0,8,True
3036,Colombia,Bogotá D.C.,Bronce,False,False,True,2,1,541.0,35,3,5,True
3037,Uruguay,—,Bronce,False,False,False,1,0,0.0,9,7,7,False
3038,Colombia,Pereira,Bronce,True,True,True,0,0,0.0,24,13,5,False
3039,México,—,Bronce,True,True,True,1,0,0.0,52,26,10,False
3040,Perú,—,Bronce,True,False,True,0,0,0.0,24,5,6,True
3041,Colombia,Bogotá D.C.,Bronce,True,False,True,2,1,311.0,16,2,10,True
3042,Colombia,Cali,Bronce,False,False,False,0,0,0.0,21,7,6,False
3043,Colombia,Otras ciudades,Bronce,True,False,True,0,0,0.0,6,1,8,True
3044,Colombia,Cúcuta,Bronce,False,True,True,2,1,489.0,22,6,10,True
3045,Colombia,Medellín,Bronce,False,True,True,1,0,0.0,20,0,6,True
3046,Ecuador,—,Bronce,True,False,True,0,0,0.0,31,1,7,True
3047,Colombia,Otras ciudades,Bronce,True,False,True,0,0,0.0,5,4,4,True
3048,México,—,Bronce,False,False,True,0,0,0.0,12,15,10,False
3049,Colombia,Cartagena,Bronce,True,True,True,0,0,0.0,45,6,6,True
3050,Colombia,Bogotá D.C.,Plata,False,False,True,19,15,6716.0,32,8,7,False
3051,Colombia,Popayán,Bronce,False,False,True,3,1,510.0,34,11,10,False
3052,Colombia,Villavicencio,Bronce,True,False,True,1,0,0.0,42,5,7,True
3053,Colombia,Bogotá D.C.,Bronce,False,False,True,0,0,0.0,28,3,5,True
3054,México,—,Bronce,True,False,True,0,0,0.0,9,2,7,True
3055,Colombia,Cali,Bronce,True,False,True,0,0,0.0,36,0,7,True
3056,Colombia,Villavicencio,Oro,False,False,False,40,34,21611.0,9,1,5,True
3057,Colombia,Cali,Bronce,False,False,True,2,1,438.0,62,0,10,True
3058,Colombia,Valledupar,Plata,False,False,True,22,20,6842.0,35,11,9,False
3059,Colombia,Bogotá D.C.,Platino,False,False,True,95,63,43109.0,24,4,7,True
3060,Colombia,Cali,Bronce,True,False,False,0,0,0.0,3,1,5,True
3061,Colombia,Barranquilla,Bronce,True,False,True,4,3,986.0,40,0,6,True
3062,Colombia,Otras ciudades,Bronce,False,False,True,0,0,0.0,14,3,5,True
3063,Colombia,Bogotá D.C.,Bronce,True,False,True,0,0,0.0,86,2,8,True
3064,Colombia,Barranquilla,Bronce,True,False,True,0,0,0.0,8,6,10,True
3065,Colombia,Montería,Bronce,False,False,True,0,0,0.0,20,5,8,True
3066,Ecuador,—,Bronce,False,False,True,5,4,1811.0,43,1,8,True
3067,Uruguay,—,Bronce,True,False,True,0,0,0.0,54,12,5,False
3068,Colombia,Cali,Oro,False,False,True,38,31,15436.0,32,0,10,True
3069,Colombia,Barranquilla,Bronce,False,False,True,2,1,506.0,18,2,9,True
3070,Colombia,Bogotá D.C.,Bronce,True,True,True,6,4,2097.0,37,7,6,False
3071,Colombia,Medellín,Bronce,True,True,True,1,0,0.0,10,1,9,True
3072,Perú,—,Plata,False,True,True,19,11,5114.0,87,1,10,True
3073,México,—,Bronce,False,False,True,5,3,1396.0,37,6,6,True
3074,Colombia,Barranquilla,Plata,False,False,True,12,10,6250.0,4,4,8,True
3075,México,—,Bronce,True,False,True,0,0,0.0,16,8,6,False
3076,Colombia,Otras ciudades,Bronce,True,False,True,0,0,0.0,92,4,5,True
3077,Colombia,Bogotá D.C.,Bronce,False,True,True,0,0,0.0,41,6,6,True
3078,Colombia,Cali,Bronce,True,True,True,0,0,0.0,12,5,10,True
3079,Colombia,Otras ciudades,Bronce,False,False,True,0,0,0.0,44,3,7,True
3080,Colombia,Bogotá D.C.,Bronce,True,True,True,0,0,0.0,34,10,10,False
3081,Colombia,Cali,Bronce,True,False,True,2,1,525.0,1,5,8,True
3082,Ecuador,—,Bronce,False,False,False,0,0,0.0,34,12,7,False
3083,Uruguay,—,Bronce,False,False,True,1,0,0.0,16,2,10,True
3084,Colombia,Medellín,Bronce,False,True,True,6,4,1539.0,12,10,10,False
3085,Colombia,Villavicencio,Bronce,False,False,True,0,0,0.0,20,7,9,False
3086,Colombia,Medellín,Bronce,False,True,True,4,2,1064.0,17,1,6,True
3087,Colombia,Medellín,Bronce,True,False,True,0,0,0.0,19,9,10,False
3088,Colombia,Medellín,Bronce,False,False,True,0,0,0.0,7,1,6,True
3089,México,—,Bronce,False,False,True,0,0,0.0,9,2,8,True
3090,Chile,—,Bronce,False,True,True,0,0,0.0,7,3,8,True
3091,Ecuador,—,Bronce,False,True,True,1,0,0.0,10,3,10,True
3092,Perú,—,Bronce,False,True,True,2,1,607.0,22,2,6,True
3093,Perú,—,Bronce,True,True,False,0,0,0.0,32,3,9,True
3094,Colombia,Cali,Bronce,True,False,True,7,5,2294.0,4,5,9,True
3095,Colombia,Barranquilla,Plata,True,False,True,21,15,4942.0,13,14,5,False
3096,Colombia,Cartagena,Bronce,True,False,True,4,3,2001.0,15,2,3,True
3097,Colombia,Medellín,Plata,False,False,True,13,9,3438.0,10,2,9,True
3098,Colombia,Bogotá D.C.,Bronce,False,False,True,0,0,0.0,34,6,7,True
3099,Colombia,Barranquilla,Bronce,False,False,False,3,2,1273.0,44,3,8,True
3100,Colombia,Armenia,Bronce,True,False,True,1,0,0.0,41,16,8,False
3101,Colombia,Bogotá D.C.,Bronce,True,False,True,3,2,1199.0,12,10,10,False
3102,Colombia,Bogotá D.C.,Bronce,True,False,True,0,0,0.0,49,10,3,False
3103,Chile,—,Bronce,True,False,False,1,0,0.0,17,6,8,True
3104,Colombia,Bogotá D.C.,Bronce,False,False,True,0,0,0.0,22,20,5,False
3105,Colombia,Ibagué,Bronce,False,False,True,0,0,0.0,58,8,0,False
3106,Colombia,Barranquilla,Bronce,False,False,False,0,0,0.0,88,6,10,True
3107,Colombia,Pereira,Bronce,True,False,False,0,0,0.0,30,14,6,False
3108,Uruguay,—,Platino,False,False,False,62,51,33101.0,22,2,7,True
3109,México,—,Bronce,True,True,False,1,0,0.0,58,5,6,True
3110,Colombia,Santa Marta,Bronce,False,True,True,3,2,764.0,6,12,10,False
3111,Colombia,Bogotá D.C.,Bronce,False,False,True,1,0,0.0,15,1,9,True
3112,Perú,—,Bronce,True,False,True,0,0,0.0,86,7,3,False
3113,Colombia,Otras ciudades,Bronce,False,True,False,3,2,1006.0,47,7,10,False
3114,Colombia,Barranquilla,Bronce,False,False,False,0,0,0.0,16,4,8,True
3115,Colombia,Otras ciudades,Bronce,False,False,True,6,4,1531.0,41,2,7,True
3116,Colombia,Pereira,Bronce,True,True,True,1,0,0.0,2,4,8,True
3117,Colombia,Bogotá D.C.,Bronce,False,False,True,0,0,0.0,57,4,8,True
3118,México,—,Bronce,True,False,True,2,1,399.0,80,0,6,True
3119,México,—,Bronce,True,False,True,0,0,0.0,28,3,6,True
3120,México,—,Bronce,False,False,True,0,0,0.0,23,3,10,True
3121,México,—,Plata,False,False,False,10,5,2061.0,16,1,8,True
3122,México,—,Bronce,False,False,True,3,2,911.0,31,16,6,False
3123,Ecuador,—,Bronce,False,False,True,4,2,1012.0,16,1,7,True
3124,Colombia,Sincelejo,Bronce,False,True,True,3,2,1138.0,2,0,5,True
3125,México,—,Bronce,False,False,True,0,0,0.0,52,1,6,True
3126,Colombia,Cartagena,Bronce,True,True,False,4,2,767.0,8,1,9,True
3127,Colombia,Villavicencio,Oro,False,False,True,27,20,11772.0,7,1,7,True
3128,Colombia,Bogotá D.C.,Bronce,True,False,False,6,3,1297.0,122,1,10,True
3129,Ecuador,—,Bronce,False,False,True,0,0,0.0,44,2,9,True
3130,Colombia,Otras ciudades,Bronce,False,False,True,0,0,0.0,29,8,10,False
3131,México,—,Bronce,True,False,True,1,0,0.0,16,7,6,False
3132,Ecuador,—,Bronce,False,False,True,0,0,0.0,71,1,7,True
3133,Colombia,Medellín,Bronce,False,False,True,0,0,0.0,20,0,8,True
3134,Colombia,Bogotá D.C.,Bronce,False,False,True,3,2,708.0,32,7,10,False
3135,Ecuador,—,Bronce,True,True,False,6,4,1807.0,59,6,9,True
3136,Colombia,Barranquilla,Bronce,True,True,True,0,0,0.0,39,27,10,False
3137,Colombia,Bogotá D.C.,Bronce,True,False,True,0,0,0.0,57,7,6,False
3138,Colombia,Bogotá D.C.,Bronce,True,False,True,1,0,0.0,40,3,9,True
3139,Colombia,Bogotá D.C.,Bronce,True,True,True,1,0,0.0,4,0,8,True
3140,Colombia,Bogotá D.C.,Bronce,False,True,True,0,0,0.0,15,3,9,True
3141,México,—,Bronce,True,True,False,4,3,1649.0,3,5,10,True
3142,Colombia,Medellín,Bronce,False,True,True,1,0,0.0,45,5,6,True
3143,México,—,Bronce,False,False,False,0,0,0.0,72,22,9,False
3144,Colombia,Barranquilla,Plata,False,False,True,10,6,2834.0,6,0,6,True
3145,Colombia,Bogotá D.C.,Bronce,True,False,True,4,3,1194.0,9,10,8,False
3146,México,—,Plata,True,True,True,11,6,2176.0,62,4,5,True
3147,Colombia,Bucaramanga,Bronce,False,False,True,7,6,2518.0,5,10,6,False
3148,Colombia,Bogotá D.C.,Bronce,False,False,True,0,0,0.0,5,0,3,True
3149,Ecuador,—,Plata,False,False,True,8,5,1971.0,5,1,5,True
3150,Ecuador,—,Bronce,False,False,True,2,1,471.0,46,3,9,True
3151,México,—,Bronce,True,True,True,0,0,0.0,21,2,10,True
3152,Colombia,Pasto,Bronce,True,True,True,0,0,0.0,20,7,7,False
3153,Colombia,Neiva,Bronce,True,False,True,0,0,0.0,22,1,4,True
3154,México,—,Bronce,True,False,True,7,4,2395.0,32,18,4,False
3155,Perú,—,Bronce,False,False,True,0,0,0.0,10,5,5,True
3156,México,—,Bronce,True,False,True,0,0,0.0,50,10,4,False
3157,Colombia,Cúcuta,Bronce,False,True,True,0,0,0.0,18,7,9,False
3158,Colombia,Manizales,Bronce,False,True,True,0,0,0.0,21,12,10,False
3159,Colombia,Bogotá D.C.,Bronce,True,False,True,0,0,0.0,11,2,3,True
3160,Ecuador,—,Bronce,True,True,True,4,2,746.0,23,4,1,True
3161,México,—,Bronce,False,False,True,3,2,1230.0,26,7,6,False
3162,Colombia,Barranquilla,Bronce,True,False,True,0,0,0.0,28,4,7,True
3163,Colombia,Otras ciudades,Bronce,False,False,True,5,4,2121.0,40,3,9,True
3164,Colombia,Cali,Bronce,False,False,True,5,3,1489.0,27,9,9,False
3165,México,—,Bronce,True,False,True,0,0,0.0,7,11,6,False
3166,Colombia,Cúcuta,Bronce,False,True,True,2,1,592.0,28,3,6,True
3167,Colombia,Medellín,Bronce,False,False,True,2,1,471.0,16,9,6,False
3168,México,—,Bronce,False,True,True,0,0,0.0,66,7,10,False
3169,Colombia,Bogotá D.C.,Bronce,False,True,True,5,4,2334.0,39,14,10,False
3170,Colombia,Bogotá D.C.,Bronce,False,True,True,0,0,0.0,15,34,8,False
3171,Colombia,Cali,Bronce,False,False,True,7,5,2405.0,24,1,9,True
3172,México,—,Plata,True,True,False,8,7,3872.0,5,8,10,False
3173,Perú,—,Plata,True,False,True,13,9,5013.0,26,8,10,False
3174,Colombia,Villavicencio,Bronce,False,True,True,3,1,444.0,44,3,5,True
3175,Colombia,Medellín,Bronce,False,False,True,1,0,0.0,12,8,7,False
3176,Colombia,Barranquilla,Bronce,False,False,True,0,0,0.0,24,0,8,True
3177,Colombia,Bogotá D.C.,Bronce,False,False,True,0,0,0.0,21,0,8,True
3178,Ecuador,—,Bronce,False,False,False,2,1,672.0,30,6,7,True
3179,México,—,Bronce,False,False,True,1,0,0.0,18,2,7,True
3180,México,—,Bronce,False,True,True,1,0,0.0,103,7,9,False
3181,Colombia,Otras ciudades,Plata,False,False,True,8,4,2304.0,20,5,9,True
3182,Colombia,Bogotá D.C.,Bronce,True,True,True,2,1,516.0,75,9,10,False
3183,México,—,Bronce,False,False,False,2,1,435.0,6,4,5,True
3184,Colombia,Bogotá D.C.,Bronce,True,False,True,1,0,0.0,29,2,6,True
3185,México,—,Bronce,True,False,True,1,0,0.0,41,2,10,True
3186,Chile,—,Bronce,True,False,True,5,4,1686.0,53,13,10,False
3187,México,—,Bronce,False,False,True,0,0,0.0,14,4,8,True
3188,Perú,—,Bronce,True,True,True,3,2,896.0,40,21,8,False
3189,Colombia,Bogotá D.C.,Bronce,True,False,True,3,2,896.0,22,8,4,False
3190,Perú,—,Bronce,True,False,False,0,0,0.0,21,1,10,True
3191,Ecuador,—,Bronce,False,True,False,3,2,908.0,14,3,8,True
3192,Colombia,Santa Marta,Bronce,False,True,True,2,1,656.0,24,2,6,True
3193,Colombia,Ibagué,Bronce,False,False,True,0,0,0.0,104,5,9,True
3194,Ecuador,—,Plata,False,False,True,8,7,2818.0,1,17,8,False
3195,Colombia,Bogotá D.C.,Bronce,False,True,True,4,3,1503.0,33,20,4,False
3196,Colombia,Bogotá D.C.,Bronce,False,False,True,6,5,2727.0,26,4,8,True
3197,Colombia,Popayán,Bronce,False,True,False,0,0,0.0,11,18,8,False
3198,Colombia,Bogotá D.C.,Bronce,False,True,True,1,0,0.0,22,3,3,True
3199,Colombia,Cali,Bronce,False,False,True,0,0,0.0,46,13,9,False
3200,Colombia,Pereira,Bronce,False,False,True,0,0,0.0,23,10,9,False
3201,Colombia,Medellín,Bronce,False,False,False,6,3,1472.0,19,11,10,False
3202,Ecuador,—,Bronce,True,False,False,2,1,372.0,38,0,5,True
3203,Uruguay,—,Bronce,False,True,True,3,1,458.0,12,6,4,True
3204,Colombia,Bogotá D.C.,Bronce,True,False,True,0,0,0.0,12,8,5,False
3205,Colombia,Barranquilla,Bronce,True,True,True,5,3,2159.0,33,13,8,False
3206,México,—,Bronce,False,False,True,2,1,462.0,40,1,8,True
3207,Colombia,Cartagena,Bronce,False,False,True,2,1,378.0,12,1,10,True
3208,Ecuador,—,Bronce,True,True,True,3,2,579.0,84,13,8,False
3209,Ecuador,—,Bronce,True,True,True,2,1,383.0,67,1,7,True
3210,Colombia,Bogotá D.C.,Bronce,True,False,True,0,0,0.0,64,8,4,False
3211,Uruguay,—,Bronce,False,True,False,0,0,0.0,33,4,9,True
3212,Colombia,Cali,Bronce,True,False,True,0,0,0.0,6,3,5,True
3213,Colombia,Medellín,Bronce,True,False,True,3,2,841.0,46,2,7,True
3214,Colombia,Medellín,Bronce,False,False,True,1,0,0.0,7,11,9,False
3215,Colombia,Neiva,Bronce,False,False,True,3,1,697.0,20,6,4,True
3216,Colombia,Bucaramanga,Plata,False,True,True,8,7,4428.0,35,7,8,False
3217,Colombia,Bogotá D.C.,Bronce,False,False,True,5,3,1675.0,17,3,10,True
3218,México,—,Bronce,False,False,True,0,0,0.0,5,6,8,True
3219,Chile,—,Bronce,False,True,True,2,1,508.0,31,2,4,True
3220,Ecuador,—,Plata,True,False,True,17,13,6408.0,35,13,10,False
3221,México,—,Bronce,False,False,True,1,0,0.0,51,0,9,True
3222,Ecuador,—,Bronce,False,False,True,1,0,0.0,19,2,5,True
3223,Colombia,Cartagena,Bronce,False,False,True,1,0,0.0,32,2,8,True
3224,Colombia,Medellín,Plata,True,False,True,20,16,7672.0,13,2,8,True
3225,Colombia,Otras ciudades,Bronce,True,False,True,7,6,2761.0,4,4,8,True
3226,Uruguay,—,Bronce,False,False,False,1,0,0.0,9,2,6,True
3227,Colombia,Neiva,Plata,True,False,True,9,8,4102.0,22,2,9,True
3228,Colombia,Bogotá D.C.,Bronce,True,True,False,7,6,3004.0,13,7,6,False
3229,Ecuador,—,Plata,True,False,True,12,9,3268.0,31,7,9,False
3230,Colombia,Bogotá D.C.,Bronce,True,True,False,1,0,0.0,22,4,6,True
3231,Colombia,Otras ciudades,Bronce,False,True,True,0,0,0.0,16,9,6,False
3232,Colombia,Bogotá D.C.,Bronce,False,False,False,0,0,0.0,26,1,6,True
3233,Ecuador,—,Bronce,False,False,True,1,0,0.0,11,3,6,True
3234,Colombia,Bogotá D.C.,Bronce,True,False,True,5,3,1921.0,20,1,6,True
3235,Colombia,Bogotá D.C.,Bronce,True,True,True,0,0,0.0,38,4,9,True
3236,Colombia,Neiva,Plata,False,False,False,8,5,2310.0,61,0,3,True
3237,Colombia,Sincelejo,Bronce,True,False,True,0,0,0.0,14,2,6,True
3238,Colombia,Bogotá D.C.,Bronce,False,True,True,4,3,1693.0,24,3,9,True
3239,México,—,Bronce,True,True,True,2,1,474.0,85,31,5,False
3240,Colombia,Bogotá D.C.,Bronce,True,False,True,3,2,698.0,35,2,6,True
3241,Colombia,Bogotá D.C.,Bronce,True,True,True,0,0,0.0,40,1,9,True
3242,Uruguay,—,Bronce,False,False,True,0,0,0.0,45,1,10,True
3243,Colombia,Bogotá D.C.,Bronce,False,False,True,0,0,0.0,11,0,6,True
3244,México,—,Bronce,True,True,True,0,0,0.0,19,1,10,True
3245,Colombia,Bogotá D.C.,Plata,False,False,False,11,6,2618.0,7,1,6,True
3246,México,—,Bronce,False,False,True,0,0,0.0,20,7,8,False
3247,Colombia,Medellín,Bronce,True,True,True,0,0,0.0,36,10,8,False
3248,Colombia,Cúcuta,Bronce,True,False,False,1,0,0.0,22,5,10,True
3249,México,—,Bronce,True,False,True,0,0,0.0,10,9,10,False
3250,Colombia,Villavicencio,Bronce,False,False,False,4,2,1149.0,51,3,9,True
3251,Colombia,Bogotá D.C.,Plata,True,False,True,19,11,6610.0,14,5,5,True
3252,Colombia,Barranquilla,Bronce,False,False,True,4,2,742.0,29,2,5,True
3253,Perú,—,Bronce,True,False,True,0,0,0.0,35,3,5,True
3254,México,—,Bronce,False,False,True,0,0,0.0,19,6,5,True
3255,Colombia,Barranquilla,Bronce,True,True,True,6,3,1611.0,28,5,4,True
3256,Colombia,Pereira,Bronce,True,False,True,1,0,0.0,7,4,7,True
3257,Colombia,Bogotá D.C.,Bronce,True,False,True,0,0,0.0,14,3,3,True
3258,Colombia,Medellín,Bronce,False,False,False,1,0,0.0,10,4,4,True
3259,México,—,Bronce,False,True,True,0,0,0.0,49,8,9,False
3260,México,—,Bronce,False,True,True,0,0,0.0,21,6,8,True
3261,Colombia,Medellín,Bronce,False,False,True,0,0,0.0,56,10,5,False
3262,Colombia,Medellín,Bronce,True,False,True,0,0,0.0,22,10,7,False
3263,Colombia,Ibagué,Plata,True,False,True,15,13,9530.0,111,4,7,True
3264,Colombia,Medellín,Bronce,False,False,True,0,0,0.0,13,0,9,True
3265,Colombia,Otras ciudades,Bronce,False,False,False,1,0,0.0,24,6,6,True
3266,Colombia,Medellín,Bronce,False,False,True,2,1,469.0,5,18,9,False
3267,Colombia,Santa Marta,Plata,True,True,True,12,7,4142.0,19,12,7,False
3268,Colombia,Cali,Bronce,False,False,True,3,1,392.0,20,1,9,True
3269,Colombia,Medellín,Bronce,False,False,True,0,0,0.0,69,0,6,True
3270,Colombia,Bogotá D.C.,Bronce,False,False,False,0,0,0.0,25,4,7,True
3271,Colombia,Bogotá D.C.,Plata,True,False,True,8,6,3654.0,13,0,5,True
3272,México,—,Bronce,True,False,True,2,1,334.0,16,12,7,False
3273,Colombia,Bogotá D.C.,Bronce,False,False,True,6,5,2196.0,29,1,5,True
3274,Colombia,Cali,Bronce,False,False,True,0,0,0.0,45,8,6,False
3275,Colombia,Medellín,Bronce,True,True,True,0,0,0.0,30,4,5,True
3276,Colombia,Cali,Bronce,True,True,True,0,0,0.0,13,8,6,False
3277,Colombia,Bogotá D.C.,Bronce,True,False,True,5,4,1584.0,4,0,9,True
3278,México,—,Bronce,True,False,True,0,0,0.0,4,5,9,True
3279,Colombia,Cali,Bronce,False,False,True,1,0,0.0,46,3,7,True
3280,Uruguay,—,Bronce,True,False,True,0,0,0.0,13,6,2,True
3281,Colombia,Medellín,Bronce,False,False,True,1,0,0.0,13,2,8,True
3282,Colombia,Otras ciudades,Plata,False,True,False,12,9,4748.0,27,0,10,True
3283,Colombia,Bogotá D.C.,Bronce,True,True,True,2,1,589.0,23,3,4,True
3284,Colombia,Sincelejo,Bronce,False,False,True,1,0,0.0,7,8,9,False
3285,Perú,—,Bronce,False,True,True,4,3,1410.0,31,2,3,True
3286,Colombia,Bogotá D.C.,Bronce,False,False,True,5,4,1051.0,15,2,5,True
3287,Ecuador,—,Plata,True,False,True,8,7,4410.0,13,1,8,True
3288,Colombia,Bucaramanga,Bronce,False,False,True,3,2,900.0,5,10,10,False
3289,Perú,—,Plata,False,True,True,11,6,2920.0,47,0,9,True
3290,Colombia,Bogotá D.C.,Bronce,True,False,True,2,1,449.0,26,6,8,True
3291,Colombia,Medellín,Bronce,True,False,True,0,0,0.0,13,1,8,True
3292,Colombia,Bucaramanga,Bronce,True,False,True,2,1,564.0,9,12,4,False
3293,Colombia,Armenia,Bronce,True,False,True,1,0,0.0,31,12,7,False
3294,Colombia,Medellín,Plata,False,False,True,12,8,4085.0,3,0,9,True
3295,Perú,—,Bronce,False,False,True,3,2,900.0,7,4,4,True
3296,Colombia,Barranquilla,Plata,True,False,True,8,4,2344.0,16,7,7,False
3297,Perú,—,Bronce,False,False,False,4,3,1461.0,20,6,9,True
3298,Colombia,Medellín,Bronce,True,True,True,3,2,847.0,8,6,8,True
3299,Colombia,Otras ciudades,Bronce,False,False,True,0,0,0.0,50,3,6,True
3300,Colombia,Bogotá D.C.,Bronce,False,False,True,0,0,0.0,23,6,6,True
3301,Colombia,Manizales,Bronce,False,False,True,1,0,0.0,41,26,6,False
3302,México,—,Bronce,True,True,False,0,0,0.0,12,9,9,False
3303,México,—,Bronce,True,False,True,0,0,0.0,9,4,6,True
3304,Colombia,Bogotá D.C.,Platino,False,False,False,295,175,65531.0,22,17,10,False
3305,México,—,Bronce,True,True,True,1,0,0.0,30,2,7,True
3306,Colombia,Bogotá D.C.,Bronce,True,False,False,2,1,416.0,36,12,8,False
3307,Colombia,Bogotá D.C.,Bronce,True,False,True,0,0,0.0,5,9,4,False
3308,Ecuador,—,Bronce,False,False,True,0,0,0.0,13,1,5,True
3309,Colombia,Bogotá D.C.,Bronce,True,True,True,1,0,0.0,8,3,9,True
3310,Chile,—,Bronce,True,False,True,0,0,0.0,44,2,10,True
3311,Colombia,Bogotá D.C.,Bronce,False,False,True,4,3,1208.0,2,5,10,True
3312,Colombia,Neiva,Bronce,True,False,True,0,0,0.0,17,6,8,True
3313,Colombia,Bogotá D.C.,Plata,False,False,False,10,8,3332.0,27,11,7,False
3314,Colombia,Bogotá D.C.,Bronce,True,True,False,4,3,1851.0,1,2,9,True
3315,Colombia,Cali,Bronce,True,True,True,0,0,0.0,14,10,3,False
3316,Chile,—,Bronce,True,False,True,3,2,822.0,7,1,5,True
3317,Colombia,Medellín,Bronce,False,False,True,0,0,0.0,120,8,8,False
3318,Colombia,Medellín,Bronce,False,False,True,7,5,2077.0,6,10,6,False
3319,Colombia,Montería,Bronce,True,False,True,1,0,0.0,19,2,10,True
3320,México,—,Bronce,False,True,True,4,3,1484.0,51,6,6,True
3321,Uruguay,—,Bronce,False,False,True,5,4,2346.0,69,2,4,True
3322,Ecuador,—,Bronce,True,False,True,3,2,811.0,42,15,3,False
3323,México,—,Bronce,True,False,True,4,3,1624.0,9,10,7,False
3324,México,—,Bronce,False,False,True,2,1,569.0,20,13,5,False
3325,Colombia,Cali,Plata,False,False,True,12,11,4520.0,57,4,7,True
3326,México,—,Bronce,False,False,False,2,1,355.0,2,1,7,True
3327,Perú,—,Bronce,False,False,True,5,3,1639.0,29,1,9,True
3328,Colombia,Bogotá D.C.,Bronce,True,False,True,0,0,0.0,34,6,5,True
3329,Ecuador,—,Bronce,False,True,True,1,0,0.0,39,4,7,True
3330,Colombia,Bucaramanga,Bronce,True,False,False,0,0,0.0,39,12,5,False
3331,Colombia,Bogotá D.C.,Bronce,False,False,True,3,2,1172.0,7,13,7,False
3332,Colombia,Bogotá D.C.,Bronce,False,False,True,0,0,0.0,92,1,10,True
3333,Chile,—,Bronce,False,False,False,0,0,0.0,25,5,4,True
3334,Colombia,Medellín,Plata,True,False,True,11,6,3190.0,5,3,10,True
3335,Colombia,Medellín,Plata,False,False,True,11,7,1176.0,11,13,8,False
3336,Colombia,Bogotá D.C.,Bronce,False,False,False,0,0,0.0,41,5,5,True
3337,Ecuador,—,Bronce,False,False,False,1,0,0.0,13,9,4,False
3338,Colombia,Montería,Bronce,True,True,False,1,0,0.0,11,5,4,True
3339,Colombia,Barranquilla,Bronce,False,False,True,0,0,0.0,12,14,3,False
3340,Colombia,Medellín,Bronce,True,False,True,0,0,0.0,30,2,9,True
3341,Ecuador,—,Bronce,False,False,True,1,0,0.0,9,1,8,True
3342,México,—,Bronce,False,True,True,1,0,0.0,7,4,10,True
3343,Colombia,Cali,Bronce,False,True,True,0,0,0.0,3,2,5,True
3344,Perú,—,Bronce,False,False,True,2,1,495.0,7,0,10,True
3345,México,—,Bronce,True,False,True,6,4,1782.0,12,1,8,True
3346,Perú,—,Oro,True,False,True,26,15,10075.0,19,16,7,False
3347,Colombia,Bucaramanga,Bronce,False,False,True,0,0,0.0,19,5,10,True
3348,Colombia,Barranquilla,Bronce,True,False,True,0,0,0.0,13,2,7,True
3349,Colombia,Ibagué,Bronce,True,False,True,4,3,1036.0,94,3,5,True
3350,Colombia,Cali,Bronce,False,False,False,0,0,0.0,18,2,8,True
3351,Perú,—,Bronce,True,False,True,3,1,496.0,58,4,7,True
3352,Perú,—,Bronce,False,False,True,2,1,303.0,16,4,5,True
3353,Colombia,Bogotá D.C.,Bronce,True,True,True,1,0,0.0,5,0,5,True
3354,Ecuador,—,Plata,False,True,False,20,18,11215.0,28,18,7,False
3355,Colombia,Popayán,Bronce,False,False,True,0,0,0.0,28,9,7,False
3356,Colombia,Bogotá D.C.,Plata,True,True,True,10,8,3155.0,33,5,6,True
3357,Colombia,Pereira,Bronce,True,True,True,2,1,611.0,17,3,8,True
3358,Chile,—,Bronce,False,False,True,2,1,540.0,10,5,3,True
3359,México,—,Bronce,False,True,True,1,0,0.0,3,4,6,True
3360,México,—,Bronce,False,False,False,6,3,1367.0,14,3,7,True
3361,Colombia,Bogotá D.C.,Bronce,True,False,False,1,0,0.0,25,3,7,True
3362,Uruguay,—,Bronce,True,False,True,0,0,0.0,34,1,10,True
3363,Colombia,Cartagena,Bronce,False,False,True,0,0,0.0,7,14,8,False
3364,México,—,Bronce,True,False,False,0,0,0.0,16,0,8,True
3365,México,—,Bronce,False,False,True,2,1,538.0,21,3,10,True
3366,Ecuador,—,Bronce,False,True,True,3,2,922.0,13,24,6,False
3367,México,—,Plata,False,True,True,10,8,3294.0,23,3,9,True
3368,Colombia,Armenia,Bronce,True,True,True,0,0,0.0,77,1,7,True
3369,Chile,—,Bronce,False,True,True,1,0,0.0,18,6,5,True
3370,Colombia,Otras ciudades,Bronce,False,False,True,2,1,401.0,57,10,8,False
3371,Colombia,Bogotá D.C.,Bronce,True,False,True,0,0,0.0,63,5,4,True
3372,Colombia,Villavicencio,Bronce,False,True,True,0,0,0.0,48,7,8,False
3373,México,—,Bronce,False,False,True,1,0,0.0,50,1,3,True
3374,Colombia,Cali,Bronce,False,False,True,6,3,1334.0,38,6,9,True
3375,Ecuador,—,Bronce,True,False,True,1,0,0.0,7,1,9,True
3376,Colombia,Montería,Bronce,False,True,True,1,0,0.0,18,3,9,True
3377,Ecuador,—,Bronce,True,False,True,1,0,0.0,42,9,8,False
3378,Colombia,Bogotá D.C.,Plata,False,False,True,9,7,3889.0,33,1,4,True
3379,Colombia,Barranquilla,Bronce,False,False,False,0,0,0.0,27,1,9,True
3380,Colombia,Cali,Bronce,False,False,True,0,0,0.0,18,1,5,True
3381,Ecuador,—,Bronce,False,False,False,0,0,0.0,11,4,10,True
3382,Perú,—,Plata,True,False,True,11,6,2068.0,47,5,7,True
3383,Colombia,Pasto,Bronce,True,True,True,5,4,2032.0,15,8,10,False
3384,Chile,—,Bronce,True,False,True,0,0,0.0,13,14,6,False
3385,Colombia,Bogotá D.C.,Bronce,True,True,False,0,0,0.0,24,8,10,False
3386,México,—,Oro,True,True,True,29,25,8191.0,39,2,8,True
3387,Colombia,Bogotá D.C.,Bronce,False,False,True,0,0,0.0,12,1,6,True
3388,México,—,Bronce,False,False,True,0,0,0.0,52,7,4,False
3389,Colombia,Bogotá D.C.,Bronce,False,False,True,0,0,0.0,22,5,8,True
3390,México,—,Bronce,True,False,True,3,1,644.0,12,11,9,False
3391,Colombia,Barranquilla,Bronce,True,False,False,0,0,0.0,7,6,8,True
3392,Colombia,Otras ciudades,Bronce,True,True,True,1,0,0.0,27,0,6,True
3393,Colombia,Cúcuta,Plata,False,True,True,10,6,2571.0,34,2,6,True
3394,Colombia,Bogotá D.C.,Oro,False,False,True,28,24,11595.0,70,1,6,True
3395,Perú,—,Bronce,False,True,True,1,0,0.0,17,6,6,True
3396,Ecuador,—,Bronce,True,False,True,7,4,2249.0,45,7,10,False
3397,Colombia,Bogotá D.C.,Bronce,False,False,True,3,1,496.0,18,3,8,True
3398,Perú,—,Bronce,True,False,False,0,0,0.0,33,3,5,True
3399,Colombia,Medellín,Bronce,True,False,False,1,0,0.0,41,2,9,True
3400,Chile,—,Bronce,False,False,True,1,0,0.0,21,5,5,True
3401,Perú,—,Bronce,True,True,False,1,0,0.0,9,11,6,False
3402,México,—,Bronce,True,False,True,3,2,1021.0,51,9,5,False
3403,Colombia,Bogotá D.C.,Bronce,True,False,True,0,0,0.0,40,10,10,False
3404,Colombia,Bogotá D.C.,Bronce,False,False,True,2,1,394.0,63,2,8,True
3405,Ecuador,—,Bronce,True,False,True,5,3,1378.0,23,8,4,False
3406,Colombia,Cartagena,Bronce,True,False,True,0,0,0.0,13,4,7,True
3407,México,—,Bronce,False,False,True,0,0,0.0,1,2,5,True
3408,México,—,Bronce,False,True,True,1,0,0.0,63,28,7,False
3409,México,—,Bronce,False,False,True,1,0,0.0,38,16,8,False
3410,Colombia,Bogotá D.C.,Bronce,False,False,True,0,0,0.0,74,4,6,True
3411,Uruguay,—,Bronce,True,False,True,0,0,0.0,45,14,8,False
3412,Colombia,Neiva,Bronce,True,True,True,5,3,1446.0,17,22,5,False
3413,Colombia,Medellín,Bronce,False,False,True,0,0,0.0,6,2,2,True
3414,Colombia,Pereira,Bronce,False,True,False,1,0,0.0,9,0,8,True
3415,Colombia,Cúcuta,Bronce,False,False,True,3,1,309.0,26,2,6,True
3416,Colombia,Pereira,Bronce,False,False,True,0,0,0.0,49,8,3,False
3417,Ecuador,—,Bronce,False,False,True,2,1,531.0,29,4,4,True
3418,Colombia,Bogotá D.C.,Plata,False,True,True,8,5,2092.0,16,0,8,True
3419,Colombia,Pasto,Bronce,True,False,False,0,0,0.0,34,11,10,False
3420,Colombia,Santa Marta,Bronce,True,False,True,1,0,0.0,75,11,8,False
3421,Ecuador,—,Bronce,False,False,True,6,3,1548.0,25,2,6,True
3422,Colombia,Bogotá D.C.,Bronce,False,False,True,0,0,0.0,76,0,10,True
3423,Colombia,Barranquilla,Plata,True,True,True,24,17,6048.0,7,0,6,True
3424,Colombia,Barranquilla,Bronce,True,True,False,1,0,0.0,20,4,7,True
3425,Colombia,Otras ciudades,Bronce,False,True,True,0,0,0.0,146,5,8,True
3426,Colombia,Manizales,Oro,False,False,True,25,15,5553.0,17,1,5,True
3427,Colombia,Bogotá D.C.,Bronce,True,True,True,0,0,0.0,47,8,8,False
3428,Perú,—,Platino,False,False,True,95,82,38751.0,5,6,8,True
3429,Colombia,Ibagué,Plata,False,False,False,8,6,2722.0,14,2,6,True
3430,Colombia,Montería,Bronce,False,False,True,2,1,519.0,2,2,8,True
3431,Colombia,Popayán,Plata,False,True,True,8,6,1840.0,2,15,7,False
3432,Colombia,Otras ciudades,Plata,True,False,False,15,13,3859.0,27,14,7,False
3433,Colombia,Pereira,Bronce,True,False,True,1,0,0.0,79,9,8,False
3434,Colombia,Bogotá D.C.,Plata,False,True,True,8,7,2989.0,4,1,7,True
3435,Colombia,Medellín,Bronce,False,True,True,1,0,0.0,15,5,8,True
3436,Colombia,Cúcuta,Bronce,False,False,True,4,2,1103.0,16,5,7,True
3437,Perú,—,Bronce,False,False,True,0,0,0.0,51,4,10,True
3438,Colombia,Barranquilla,Plata,False,False,True,8,5,3564.0,3,12,5,False
3439,Perú,—,Bronce,True,True,True,3,2,919.0,8,3,9,True
3440,Colombia,Medellín,Bronce,False,True,True,2,1,649.0,42,9,10,False
3441,México,—,Bronce,False,False,False,0,0,0.0,71,6,8,True
3442,Colombia,Medellín,Bronce,True,False,True,6,4,1182.0,22,2,8,True
3443,Colombia,Otras ciudades,Bronce,True,False,True,0,0,0.0,47,14,8,False
3444,Colombia,Medellín,Bronce,False,True,True,0,0,0.0,68,5,10,True
3445,Colombia,Bogotá D.C.,Platino,False,False,True,99,74,36431.0,46,8,9,False
3446,Colombia,Bogotá D.C.,Bronce,False,False,True,0,0,0.0,49,4,9,True
3447,Colombia,Medellín,Bronce,False,True,True,1,0,0.0,86,3,7,True
3448,México,—,Bronce,True,True,True,2,1,561.0,16,12,7,False
3449,Ecuador,—,Bronce,False,True,False,2,1,445.0,22,8,7,False
3450,México,—,Bronce,True,False,True,0,0,0.0,41,2,10,True
3451,Colombia,Medellín,Bronce,True,False,True,5,3,2072.0,33,7,7,False
3452,Colombia,Bogotá D.C.,Bronce,False,True,True,1,0,0.0,7,6,4,True
3453,México,—,Bronce,False,True,True,0,0,0.0,18,0,7,True
3454,Colombia,Medellín,Bronce,True,True,True,0,0,0.0,18,2,7,True
3455,Colombia,Bogotá D.C.,Bronce,True,True,True,2,1,569.0,27,11,10,False
3456,Perú,—,Bronce,False,True,True,3,2,873.0,45,18,8,False
3457,Perú,—,Bronce,False,False,True,1,0,0.0,3,7,10,False
3458,Perú,—,Bronce,True,False,True,1,0,0.0,22,16,7,False
3459,Colombia,Valledupar,Bronce,False,False,True,0,0,0.0,8,2,8,True
3460,Colombia,Bogotá D.C.,Bronce,False,False,True,0,0,0.0,15,4,9,True
3461,Colombia,Cartagena,Bronce,False,False,True,4,2,1246.0,42,17,10,False
3462,Colombia,Cali,Bronce,False,False,False,2,1,416.0,24,2,10,True
3463,Colombia,Cartagena,Bronce,True,False,True,0,0,0.0,4,6,9,True
3464,Colombia,Medellín,Bronce,True,False,True,3,2,1036.0,51,1,7,True
3465,Colombia,Bogotá D.C.,Bronce,False,False,True,0,0,0.0,39,4,8,True
3466,Colombia,Bogotá D.C.,Bronce,True,False,True,3,2,802.0,2,3,8,True
3467,México,—,Bronce,True,False,False,0,0,0.0,1,4,8,True
3468,Colombia,Bogotá D.C.,Plata,False,False,True,21,12,3272.0,39,1,3,True
3469,Ecuador,—,Bronce,False,True,False,2,1,420.0,25,19,9,False
3470,Colombia,Cartagena,Bronce,False,True,True,3,2,836.0,23,0,10,True
3471,Perú,—,Bronce,True,False,True,1,0,0.0,27,1,3,True
3472,Colombia,Santa Marta,Bronce,False,False,True,3,2,466.0,18,2,8,True
3473,Colombia,Barranquilla,Bronce,True,False,True,3,2,1111.0,27,3,9,True
3474,México,—,Bronce,False,True,True,3,2,771.0,34,0,10,True
3475,Ecuador,—,Oro,True,False,True,50,39,17675.0,58,9,5,False
3476,Colombia,Bogotá D.C.,Platino,False,True,True,86,52,15785.0,59,0,8,True
3477,Colombia,Otras ciudades,Bronce,False,False,True,1,0,0.0,42,4,10,True
3478,Colombia,Bogotá D.C.,Bronce,False,False,True,3,2,870.0,23,2,6,True
3479,Colombia,Bogotá D.C.,Bronce,False,False,True,0,0,0.0,42,14,8,False
3480,Colombia,Cali,Bronce,False,False,True,0,0,0.0,7,8,8,False
3481,Colombia,Bogotá D.C.,Bronce,False,False,True,6,4,2522.0,98,5,1,True
3482,Colombia,Otras ciudades,Bronce,False,False,True,0,0,0.0,3,0,10,True
3483,México,—,Bronce,True,False,True,1,0,0.0,12,3,10,True
3484,México,—,Plata,False,False,True,8,7,2633.0,24,5,9,True
3485,Colombia,Cúcuta,Bronce,False,True,False,0,0,0.0,102,3,7,True
3486,Colombia,Otras ciudades,Bronce,True,False,True,1,0,0.0,12,7,3,False
3487,Colombia,Bogotá D.C.,Bronce,False,True,True,0,0,0.0,22,3,8,True
3488,Ecuador,—,Oro,False,False,True,58,44,20939.0,25,26,5,False
3489,Colombia,Pereira,Plata,False,True,True,9,7,3847.0,90,6,5,True
3490,Colombia,Cartagena,Bronce,True,False,True,0,0,0.0,81,4,2,True
3491,Uruguay,—,Bronce,True,False,False,4,3,1449.0,40,7,9,False
3492,México,—,Bronce,True,False,True,0,0,0.0,52,16,10,False
3493,México,—,Plata,False,False,False,16,14,5384.0,54,5,10,True
3494,Colombia,Bogotá D.C.,Bronce,False,True,False,0,0,0.0,14,3,10,True
3495,Colombia,Medellín,Bronce,True,True,True,2,1,458.0,27,5,10,True
3496,Colombia,Barranquilla,Bronce,False,True,True,1,0,0.0,25,8,9,False
3497,Colombia,Cúcuta,Plata,False,False,True,14,10,7271.0,26,15,5,False
3498,Ecuador,—,Bronce,True,True,False,6,4,1376.0,10,22,6,False
3499,Colombia,Cali,Bronce,False,False,True,1,0,0.0,34,3,9,True
3500,Colombia,Otras ciudades,Plata,False,False,True,22,15,7794.0,24,16,7,False
3501,Perú,—,Plata,False,False,False,12,11,4361.0,87,4,10,True
3502,Colombia,Cartagena,Bronce,False,False,True,1,0,0.0,70,1,6,True
3503,Uruguay,—,Bronce,False,True,True,0,0,0.0,13,4,8,True
3504,México,—,Bronce,False,False,True,0,0,0.0,24,1,8,True
3505,Colombia,Cali,Bronce,False,False,True,1,0,0.0,39,16,7,False
3506,México,—,Bronce,False,False,True,0,0,0.0,25,18,10,False
3507,Colombia,Manizales,Bronce,True,False,False,0,0,0.0,21,5,4,True
3508,Colombia,Bucaramanga,Bronce,True,True,True,0,0,0.0,5,13,8,False
3509,Perú,—,Bronce,False,False,True,3,1,460.0,17,12,4,False
3510,Colombia,Bogotá D.C.,Bronce,False,True,True,3,1,402.0,40,3,3,True
3511,Colombia,Neiva,Bronce,False,False,True,1,0,0.0,62,2,10,True
3512,Colombia,Medellín,Bronce,False,False,True,1,0,0.0,4,8,9,False
3513,Colombia,Bogotá D.C.,Bronce,False,False,True,0,0,0.0,48,6,2,True
3514,Colombia,Bogotá D.C.,Bronce,True,True,False,0,0,0.0,43,6,8,True
3515,Colombia,Barranquilla,Bronce,True,True,True,2,1,446.0,28,2,7,True
3516,Colombia,Bogotá D.C.,Bronce,False,True,True,3,1,251.0,12,4,8,True
3517,Perú,—,Bronce,True,False,True,0,0,0.0,1,6,7,True
3518,México,—,Bronce,False,True,True,4,2,1048.0,3,2,4,True
3519,Colombia,Bogotá D.C.,Bronce,False,False,False,6,5,1496.0,25,4,10,True
3520,Ecuador,—,Oro,False,True,False,28,23,12241.0,13,12,9,False
3521,México,—,Bronce,True,False,True,1,0,0.0,54,2,10,True
3522,Colombia,Bogotá D.C.,Bronce,True,True,True,1,0,0.0,60,7,6,False
3523,México,—,Bronce,True,True,True,3,2,909.0,27,7,10,False
3524,Colombia,Bucaramanga,Bronce,True,True,True,1,0,0.0,14,6,9,True
3525,Colombia,Cali,Bronce,True,True,False,1,0,0.0,11,12,9,False
3526,Colombia,Barranquilla,Bronce,True,False,True,1,0,0.0,18,2,7,True
3527,Colombia,Medellín,Oro,False,False,True,39,36,17971.0,9,3,5,True
3528,Ecuador,—,Bronce,True,True,True,7,6,4234.0,5,7,7,False
3529,Colombia,Bogotá D.C.,Bronce,False,False,True,2,1,521.0,13,7,8,False
3530,Colombia,Cúcuta,Bronce,True,True,True,1,0,0.0,25,7,6,False
3531,Colombia,Barranquilla,Bronce,False,True,True,0,0,0.0,50,9,5,False
3532,México,—,Bronce,True,False,True,0,0,0.0,13,12,4,False
3533,México,—,Bronce,False,False,True,0,0,0.0,41,3,7,True
3534,Ecuador,—,Bronce,True,True,True,0,0,0.0,2,12,8,False
3535,Ecuador,—,Bronce,False,False,False,0,0,0.0,41,6,7,True
3536,Uruguay,—,Bronce,True,True,True,2,1,703.0,39,4,5,True
3537,Chile,—,Plata,True,False,True,8,7,2812.0,50,6,6,True
3538,Colombia,Montería,Bronce,True,False,False,1,0,0.0,28,10,5,False
3539,Colombia,Medellín,Bronce,False,False,True,0,0,0.0,15,7,8,False
3540,Colombia,Bucaramanga,Bronce,False,False,True,0,0,0.0,46,4,10,True
3541,México,—,Bronce,True,False,True,1,0,0.0,94,4,2,True
3542,Colombia,Otras ciudades,Bronce,True,True,True,0,0,0.0,9,0,10,True
3543,Colombia,Otras ciudades,Bronce,True,False,False,0,0,0.0,58,6,7,True
3544,México,—,Bronce,True,False,True,3,2,856.0,4,6,7,True
3545,Colombia,Manizales,Bronce,False,False,True,0,0,0.0,68,3,6,True
3546,Colombia,Bogotá D.C.,Bronce,False,False,True,3,1,349.0,25,9,6,False
3547,Chile,—,Bronce,False,False,True,2,1,677.0,7,6,8,True
3548,México,—,Bronce,False,False,True,0,0,0.0,57,3,5,True
3549,Ecuador,—,Bronce,True,False,True,6,4,1318.0,19,4,10,True
3550,Colombia,Bogotá D.C.,Bronce,False,True,True,3,2,1059.0,33,6,4,True
3551,Colombia,Cali,Bronce,True,False,False,1,0,0.0,26,2,8,True
3552,Colombia,Otras ciudades,Bronce,True,False,True,0,0,0.0,49,19,5,False
3553,Colombia,Popayán,Bronce,False,False,True,3,1,632.0,4,2,8,True
3554,Colombia,Barranquilla,Bronce,False,True,True,0,0,0.0,24,16,10,False
3555,Colombia,Medellín,Bronce,True,False,False,5,4,2305.0,1,2,5,True
3556,Colombia,Medellín,Plata,False,False,True,16,10,4931.0,56,2,6,True
3557,México,—,Bronce,False,True,True,6,4,2277.0,27,5,8,True
3558,Uruguay,—,Bronce,False,False,True,1,0,0.0,9,6,7,True
3559,Colombia,Bogotá D.C.,Bronce,False,False,True,0,0,0.0,19,1,8,True
3560,Colombia,Cartagena,Bronce,False,False,True,6,4,2044.0,9,0,7,True
3561,Colombia,Bogotá D.C.,Bronce,False,False,True,5,4,985.0,5,5,4,True
3562,Colombia,Cali,Bronce,False,False,True,1,0,0.0,13,7,9,False
3563,México,—,Bronce,False,True,True,0,0,0.0,13,9,6,False
3564,Colombia,Bucaramanga,Plata,False,False,True,12,8,2963.0,27,4,9,True
3565,Colombia,Bogotá D.C.,Plata,False,True,True,13,9,2970.0,30,12,10,False
3566,Colombia,Bogotá D.C.,Bronce,True,False,False,1,0,0.0,34,9,10,False
3567,Colombia,Bogotá D.C.,Oro,False,False,False,30,21,10797.0,48,10,10,False
3568,Colombia,Otras ciudades,Bronce,False,False,True,0,0,0.0,25,5,10,True
3569,México,—,Bronce,True,True,True,0,0,0.0,10,2,8,True
3570,Colombia,Bogotá D.C.,Bronce,False,True,True,3,2,717.0,11,2,9,True
3571,Colombia,Otras ciudades,Bronce,False,True,True,0,0,0.0,16,18,10,False
3572,Colombia,Medellín,Bronce,False,True,True,1,0,0.0,32,3,6,True
3573,Colombia,Bogotá D.C.,Bronce,False,False,False,4,3,1519.0,12,2,7,True
3574,Uruguay,—,Plata,False,False,True,16,10,5798.0,23,10,7,False
3575,Colombia,Bogotá D.C.,Bronce,True,False,True,2,1,494.0,31,26,10,False
3576,Colombia,Cartagena,Oro,False,True,True,27,16,11315.0,5,10,10,False
3577,México,—,Plata,True,False,False,8,4,2398.0,2,9,10,False
3578,Colombia,Cali,Bronce,True,False,False,2,1,391.0,166,3,4,True
3579,Colombia,Otras ciudades,Bronce,False,False,True,1,0,0.0,27,7,10,False
3580,Colombia,Medellín,Plata,True,False,True,10,8,3303.0,62,8,8,False
3581,Colombia,Cali,Bronce,False,False,True,0,0,0.0,5,10,8,False
3582,Colombia,Medellín,Bronce,False,False,True,0,0,0.0,11,0,8,True
3583,Colombia,Neiva,Bronce,False,False,True,0,0,0.0,1,10,6,False
3584,México,—,Plata,False,False,True,13,9,2536.0,19,19,6,False
3585,Uruguay,—,Bronce,True,False,True,2,1,680.0,14,10,10,False
3586,Colombia,Otras ciudades,Bronce,False,False,True,4,3,1361.0,13,7,8,False
3587,Colombia,Pasto,Bronce,False,False,True,5,2,494.0,9,3,6,True
3588,Colombia,Medellín,Bronce,False,False,True,2,1,458.0,18,8,9,False
3589,México,—,Bronce,False,False,True,0,0,0.0,32,24,10,False
3590,Ecuador,—,Bronce,True,False,True,0,0,0.0,44,11,8,False
3591,Colombia,Barranquilla,Bronce,False,False,True,2,1,540.0,29,3,4,True
3592,Colombia,Cartagena,Bronce,False,False,False,3,2,860.0,32,10,8,False
3593,México,—,Bronce,True,False,False,0,0,0.0,6,3,7,True
3594,Uruguay,—,Bronce,True,True,True,2,1,556.0,16,7,10,False
3595,Colombia,Santa Marta,Bronce,False,False,True,0,0,0.0,47,7,5,False
3596,México,—,Plata,True,True,True,12,7,3577.0,21,5,8,True
3597,Colombia,Bogotá D.C.,Bronce,False,True,True,6,5,2770.0,23,2,9,True
3598,Uruguay,—,Bronce,False,False,True,0,0,0.0,23,7,6,False
3599,Uruguay,—,Bronce,True,False,False,0,0,0.0,13,4,2,True
3600,Colombia,Bogotá D.C.,Bronce,True,False,True,0,0,0.0,16,0,6,True
3601,Perú,—,Bronce,True,False,False,0,0,0.0,45,1,10,True
3602,Perú,—,Bronce,False,False,True,3,2,816.0,17,19,9,False
3603,Ecuador,—,Bronce,False,False,True,1,0,0.0,24,2,7,True
3604,Colombia,Bogotá D.C.,Bronce,True,False,True,0,0,0.0,51,3,7,True
3605,Colombia,Medellín,Bronce,True,True,True,1,0,0.0,19,3,8,True
3606,Colombia,Cali,Bronce,False,False,False,0,0,0.0,13,1,10,True
3607,Colombia,Otras ciudades,Bronce,False,True,False,0,0,0.0,58,1,8,True
3608,Colombia,Bogotá D.C.,Bronce,True,False,False,3,2,1042.0,2,6,2,True
3609,Colombia,Otras ciudades,Bronce,False,False,True,1,0,0.0,12,14,6,False
3610,México,—,Bronce,True,False,True,5,3,1602.0,11,2,5,True
3611,México,—,Bronce,False,False,False,0,0,0.0,4,2,5,True
3612,Colombia,Cali,Bronce,False,True,False,0,0,0.0,23,18,7,False
3613,México,—,Bronce,True,False,True,0,0,0.0,46,0,6,True
3614,Colombia,Bogotá D.C.,Bronce,True,True,True,0,0,0.0,14,0,8,True
3615,Uruguay,—,Bronce,False,True,True,1,0,0.0,6,10,5,False
3616,Colombia,Bogotá D.C.,Bronce,False,True,True,3,2,861.0,4,5,10,True
3617,Colombia,Medellín,Bronce,False,False,True,1,0,0.0,59,3,6,True
3618,Perú,—,Plata,False,False,True,11,9,4334.0,60,1,6,True
3619,Ecuador,—,Bronce,False,False,True,1,0,0.0,11,2,10,True
3620,Perú,—,Bronce,True,True,True,1,0,0.0,13,4,8,True
3621,Colombia,Pereira,Bronce,True,True,True,0,0,0.0,63,11,5,False
3622,Colombia,Bogotá D.C.,Bronce,True,False,True,2,1,539.0,55,16,8,False
3623,Uruguay,—,Bronce,False,False,True,2,1,376.0,17,21,7,False
3624,Uruguay,—,Bronce,False,False,True,4,2,769.0,16,3,7,True
3625,Uruguay,—,Bronce,True,False,True,2,1,665.0,3,0,7,True
3626,Colombia,Manizales,Bronce,False,False,True,0,0,0.0,10,1,7,True
3627,Ecuador,—,Bronce,True,True,True,4,3,1392.0,1,3,9,True
3628,Colombia,Medellín,Bronce,False,False,True,0,0,0.0,24,4,8,True
3629,Colombia,Medellín,Bronce,True,False,True,6,4,1157.0,44,4,9,True
3630,Colombia,Bogotá D.C.,Bronce,True,False,True,3,2,1112.0,18,0,6,True
3631,Colombia,Bogotá D.C.,Bronce,True,True,False,2,1,449.0,10,6,6,True
3632,Colombia,Bogotá D.C.,Bronce,False,True,True,1,0,0.0,13,7,3,False
3633,México,—,Bronce,True,True,False,1,0,0.0,23,1,9,True
3634,Colombia,Cali,Bronce,True,False,True,3,1,495.0,12,18,6,False
3635,México,—,Oro,False,False,True,25,17,7888.0,1,12,10,False
3636,México,—,Bronce,False,False,True,0,0,0.0,5,5,10,True
3637,Perú,—,Bronce,False,False,True,0,0,0.0,12,8,7,False
3638,Colombia,Cali,Plata,False,False,True,20,13,5604.0,9,3,7,True
3639,Colombia,Bogotá D.C.,Bronce,True,False,True,4,3,1438.0,9,0,6,True
3640,Perú,—,Bronce,True,False,True,2,1,414.0,15,6,8,True
3641,Perú,—,Bronce,False,True,True,7,5,1920.0,2,8,7,False
3642,Colombia,Bogotá D.C.,Bronce,True,False,True,0,0,0.0,35,2,10,True
3643,Ecuador,—,Bronce,False,False,True,2,1,463.0,3,4,6,True
3644,Colombia,Bogotá D.C.,Bronce,True,False,False,3,2,1054.0,29,5,4,True
3645,Colombia,Otras ciudades,Bronce,True,False,True,1,0,0.0,106,7,7,False
3646,Perú,—,Bronce,True,False,True,0,0,0.0,16,7,8,False
3647,Colombia,Armenia,Bronce,True,True,False,6,5,3033.0,5,10,10,False
3648,Colombia,Bogotá D.C.,Oro,True,False,True,25,16,9096.0,31,5,4,True
3649,Colombia,Bogotá D.C.,Plata,False,False,True,17,15,7008.0,5,6,10,True
3650,Colombia,Otras ciudades,Bronce,True,True,False,0,0,0.0,22,11,8,False
3651,México,—,Bronce,False,True,True,1,0,0.0,22,6,6,True
3652,Colombia,Valledupar,Bronce,False,False,True,1,0,0.0,41,7,4,False
3653,Colombia,Cali,Bronce,True,False,True,0,0,0.0,4,8,10,False
3654,Perú,—,Bronce,False,False,True,0,0,0.0,22,13,9,False
3655,Colombia,Armenia,Bronce,False,True,True,1,0,0.0,7,5,10,True
3656,México,—,Bronce,True,True,True,0,0,0.0,55,5,7,True
3657,Colombia,Santa Marta,Bronce,True,False,False,1,0,0.0,36,9,8,False
3658,Colombia,Otras ciudades,Oro,False,False,True,55,45,18555.0,9,3,9,True
3659,Colombia,Otras ciudades,Bronce,True,False,False,0,0,0.0,21,0,9,True
3660,Uruguay,—,Bronce,True,False,True,5,3,1149.0,34,6,8,True
3661,Colombia,Bucaramanga,Bronce,True,True,False,0,0,0.0,13,5,5,True
3662,Uruguay,—,Bronce,False,False,True,1,0,0.0,18,13,8,False
3663,Perú,—,Bronce,True,True,False,4,3,1201.0,90,13,8,False
3664,Colombia,Bogotá D.C.,Bronce,True,False,True,7,6,3819.0,9,16,6,False
3665,Perú,—,Bronce,False,True,True,2,1,687.0,28,3,5,True
3666,Colombia,Otras ciudades,Bronce,True,True,True,5,4,2678.0,16,2,8,True
3667,Colombia,Medellín,Bronce,False,False,True,0,0,0.0,17,2,5,True
3668,México,—,Bronce,True,False,True,2,1,399.0,15,0,10,True
3669,Perú,—,Bronce,False,True,False,2,1,512.0,9,9,5,False
3670,México,—,Bronce,False,False,False,0,0,0.0,12,7,8,False
3671,Colombia,Villavicencio,Plata,True,False,True,17,15,9601.0,64,2,8,True
3672,Colombia,Cartagena,Bronce,False,False,True,0,0,0.0,32,7,5,False
3673,Perú,—,Bronce,False,False,False,4,3,2104.0,1,1,10,True
3674,Chile,—,Bronce,True,False,False,0,0,0.0,14,27,9,False
3675,Colombia,Cali,Bronce,False,False,True,1,0,0.0,14,1,4,True
3676,Chile,—,Bronce,False,False,True,4,2,1315.0,29,5,10,True
3677,Colombia,Medellín,Bronce,False,True,True,0,0,0.0,32,5,10,True
3678,Colombia,Cali,Bronce,False,False,True,0,0,0.0,8,5,6,True
3679,Colombia,Bogotá D.C.,Oro,False,False,True,42,34,15600.0,16,2,6,True
3680,México,—,Bronce,True,False,False,1,0,0.0,32,25,5,False
3681,Colombia,Bogotá D.C.,Bronce,True,False,True,0,0,0.0,29,2,7,True
3682,Colombia,Bogotá D.C.,Bronce,True,False,False,0,0,0.0,31,2,10,True
3683,Colombia,Barranquilla,Bronce,False,False,True,1,0,0.0,11,1,10,True
3684,Colombia,Bogotá D.C.,Bronce,True,False,True,0,0,0.0,30,0,6,True
3685,Colombia,Medellín,Bronce,True,False,True,1,0,0.0,67,18,7,False
3686,México,—,Plata,True,True,True,9,6,3190.0,38,3,3,True
3687,Colombia,Popayán,Bronce,False,False,True,2,1,366.0,8,1,8,True
3688,Perú,—,Bronce,True,False,True,2,1,399.0,1,4,7,True
3689,Colombia,Bucaramanga,Bronce,True,False,True,0,0,0.0,34,5,8,True
3690,Colombia,Medellín,Bronce,False,False,True,4,3,1649.0,28,2,4,True
3691,Colombia,Armenia,Bronce,True,False,True,1,0,0.0,25,0,10,True
3692,Colombia,Cali,Bronce,True,False,False,7,4,2450.0,29,0,8,True
3693,Colombia,Cali,Plata,True,False,True,13,11,3267.0,21,10,8,False
3694,Colombia,Cúcuta,Bronce,False,True,True,0,0,0.0,30,3,9,True
3695,Colombia,Bogotá D.C.,Bronce,False,False,True,0,0,0.0,31,16,8,False
3696,Colombia,Bogotá D.C.,Bronce,True,False,True,4,2,963.0,8,6,10,True
3697,Colombia,Bogotá D.C.,Platino,False,False,True,73,61,26431.0,53,0,8,True
3698,Colombia,Montería,Plata,True,False,True,16,14,5980.0,7,0,10,True
3699,México,—,Bronce,False,True,True,2,1,390.0,9,3,4,True
3700,Colombia,Cali,Bronce,False,True,True,4,3,1218.0,20,3,5,True
3701,Ecuador,—,Bronce,True,True,True,0,0,0.0,102,4,6,True
3702,Colombia,Medellín,Bronce,False,False,False,1,0,0.0,58,7,7,False
3703,Colombia,Armenia,Bronce,False,True,True,0,0,0.0,20,3,6,True
3704,Colombia,Medellín,Bronce,False,False,True,4,3,1378.0,50,11,7,False
3705,Colombia,Bogotá D.C.,Bronce,True,True,True,1,0,0.0,28,6,8,True
3706,Colombia,Bogotá D.C.,Bronce,True,True,False,0,0,0.0,20,3,2,True
3707,Ecuador,—,Bronce,True,False,False,2,1,638.0,45,16,3,False
3708,Colombia,Bogotá D.C.,Bronce,True,False,True,0,0,0.0,4,6,9,True
3709,Colombia,Bogotá D.C.,Bronce,False,False,True,5,3,1608.0,34,19,5,False
3710,Colombia,Bogotá D.C.,Bronce,False,False,True,0,0,0.0,6,2,7,True
3711,México,—,Plata,False,True,True,19,17,9800.0,15,2,6,True
3712,Colombia,Cali,Bronce,False,True,True,0,0,0.0,2,0,5,True
3713,México,—,Bronce,True,False,True,4,3,946.0,63,4,5,True
3714,México,—,Bronce,True,False,True,0,0,0.0,21,2,7,True
3715,Colombia,Manizales,Plata,False,False,True,9,7,5471.0,30,3,6,True
3716,Colombia,Medellín,Bronce,False,False,True,0,0,0.0,16,14,7,False
3717,Colombia,Bogotá D.C.,Oro,True,False,True,51,35,11713.0,52,11,4,False
3718,Uruguay,—,Bronce,False,False,False,5,4,2469.0,51,5,9,True
3719,Uruguay,—,Bronce,False,False,False,7,6,3823.0,57,13,9,False
3720,México,—,Plata,True,True,True,10,7,2073.0,27,0,10,True
3721,Colombia,Villavicencio,Bronce,False,False,True,2,1,483.0,16,1,10,True
3722,México,—,Bronce,False,False,True,0,0,0.0,10,6,8,True
3723,Colombia,Villavicencio,Bronce,False,False,True,0,0,0.0,60,6,5,True
3724,Colombia,Cali,Bronce,True,True,True,2,1,545.0,6,1,8,True
3725,Uruguay,—,Bronce,False,True,False,0,0,0.0,21,11,10,False
3726,Colombia,Otras ciudades,Bronce,True,True,True,1,0,0.0,25,11,10,False
3727,México,—,Bronce,False,True,False,0,0,0.0,12,3,10,True
3728,Colombia,Valledupar,Plata,True,False,False,18,12,5514.0,62,2,8,True
3729,Uruguay,—,Bronce,False,False,True,0,0,0.0,54,6,8,True
3730,Colombia,Barranquilla,Bronce,False,False,True,1,0,0.0,46,19,7,False
3731,Colombia,Bogotá D.C.,Bronce,True,False,False,0,0,0.0,7,16,9,False
3732,Colombia,Pereira,Bronce,True,False,True,0,0,0.0,29,4,10,True
3733,Perú,—,Bronce,False,True,False,0,0,0.0,6,10,4,False
3734,México,—,Bronce,False,False,True,0,0,0.0,74,13,7,False
3735,Perú,—,Bronce,True,False,True,2,1,467.0,30,9,6,False
3736,Uruguay,—,Bronce,False,True,True,3,2,829.0,21,4,8,True
3737,Colombia,Otras ciudades,Bronce,True,False,True,6,4,1679.0,65,5,10,True
3738,Colombia,Bogotá D.C.,Bronce,False,False,False,0,0,0.0,22,6,7,True
3739,Colombia,Bogotá D.C.,Bronce,True,False,False,5,4,1799.0,63,5,10,True
3740,Ecuador,—,Bronce,False,False,True,0,0,0.0,15,11,6,False
3741,Colombia,Otras ciudades,Plata,False,True,False,10,6,2863.0,9,2,9,True
3742,Colombia,Bogotá D.C.,Bronce,False,True,True,2,1,557.0,10,13,10,False
3743,Colombia,Medellín,Bronce,False,False,False,1,0,0.0,14,10,3,False
3744,Colombia,Pereira,Bronce,True,True,True,0,0,0.0,66,17,8,False
3745,Perú,—,Plata,False,False,True,15,8,4664.0,45,3,9,True
3746,Colombia,Bogotá D.C.,Bronce,False,False,True,6,5,1251.0,20,1,8,True
3747,Colombia,Otras ciudades,Bronce,False,False,True,3,2,1132.0,43,2,2,True
3748,Colombia,Bogotá D.C.,Bronce,False,False,True,1,0,0.0,4,6,5,True
3749,México,—,Bronce,True,True,True,4,3,1303.0,13,0,7,True
3750,Colombia,Otras ciudades,Oro,True,False,False,44,39,25830.0,1,5,9,True
3751,Colombia,Bogotá D.C.,Bronce,True,False,True,0,0,0.0,44,6,7,True
3752,Colombia,Pasto,Bronce,True,True,True,5,3,1645.0,33,22,10,False
3753,Colombia,Bogotá D.C.,Bronce,False,True,True,2,1,301.0,103,0,10,True
3754,Colombia,Bucaramanga,Bronce,True,True,True,1,0,0.0,33,12,10,False
3755,Colombia,Bogotá D.C.,Bronce,False,False,True,1,0,0.0,50,7,9,False
3756,Colombia,Pereira,Bronce,False,False,True,3,2,1051.0,18,2,10,True
3757,Colombia,Medellín,Plata,True,False,True,11,6,3420.0,11,2,9,True
3758,Colombia,Pasto,Bronce,False,False,True,1,0,0.0,72,1,8,True
3759,México,—,Bronce,False,True,False,0,0,0.0,17,2,5,True
3760,Colombia,Bogotá D.C.,Bronce,False,True,True,1,0,0.0,2,1,5,True
3761,Colombia,Bogotá D.C.,Bronce,False,False,True,7,6,2609.0,37,6,9,True
3762,Colombia,Bogotá D.C.,Oro,True,False,True,25,19,4919.0,19,1,10,True
3763,Ecuador,—,Bronce,True,True,False,1,0,0.0,73,8,10,False
3764,Colombia,Villavicencio,Bronce,True,False,True,5,4,2033.0,39,10,4,False
3765,México,—,Bronce,False,True,True,0,0,0.0,18,4,9,True
3766,Colombia,Bogotá D.C.,Bronce,False,False,True,1,0,0.0,21,2,8,True
3767,México,—,Bronce,False,True,True,0,0,0.0,30,18,10,False
3768,Colombia,Medellín,Bronce,False,True,True,1,0,0.0,24,1,8,True
3769,Colombia,Bogotá D.C.,Oro,False,True,True,26,19,9296.0,5,6,5,True
3770,Perú,—,Platino,True,False,True,63,52,21919.0,22,0,10,True
3771,Colombia,Bogotá D.C.,Bronce,False,False,True,0,0,0.0,11,3,10,True
3772,México,—,Bronce,False,True,True,6,3,2455.0,46,6,7,True
3773,México,—,Plata,True,False,True,23,15,6177.0,11,1,10,True
3774,México,—,Bronce,False,False,True,0,0,0.0,41,11,8,False
3775,Uruguay,—,Bronce,True,True,True,4,2,997.0,6,0,9,True
3776,Colombia,Bogotá D.C.,Bronce,False,False,True,0,0,0.0,24,1,9,True
3777,Colombia,Otras ciudades,Bronce,False,True,True,3,2,1079.0,22,1,7,True
3778,Colombia,Bogotá D.C.,Bronce,False,False,True,0,0,0.0,21,4,10,True
3779,Colombia,Cartagena,Bronce,True,False,True,1,0,0.0,30,5,10,True
3780,Colombia,Otras ciudades,Bronce,False,False,True,0,0,0.0,43,1,9,True
3781,Colombia,Pereira,Plata,False,False,False,8,6,3010.0,42,0,2,True
3782,México,—,Bronce,True,False,True,0,0,0.0,4,18,6,False
3783,México,—,Platino,True,False,True,75,59,39829.0,52,4,10,True
3784,Perú,—,Bronce,True,False,True,7,5,2549.0,41,8,8,False
3785,Colombia,Otras ciudades,Bronce,False,True,True,3,1,511.0,12,5,6,True
3786,Uruguay,—,Bronce,False,False,True,5,4,1279.0,9,6,9,True
3787,Colombia,Cartagena,Bronce,True,False,True,1,0,0.0,91,1,3,True
3788,Colombia,Cali,Bronce,True,False,True,5,3,1501.0,6,3,5,True
3789,Perú,—,Bronce,True,False,True,0,0,0.0,43,3,10,True
3790,Chile,—,Bronce,False,False,True,3,2,572.0,67,3,5,True
3791,Colombia,Barranquilla,Bronce,True,True,False,0,0,0.0,10,7,8,False
3792,Colombia,Bogotá D.C.,Bronce,True,False,True,0,0,0.0,6,2,9,True
3793,Perú,—,Bronce,False,False,False,1,0,0.0,16,8,10,False
3794,Perú,—,Oro,False,False,False,32,20,7494.0,34,4,6,True
3795,Colombia,Bucaramanga,Bronce,True,False,True,3,2,869.0,19,7,5,False
3796,Colombia,Medellín,Bronce,False,True,True,5,4,2154.0,40,1,6,True
3797,Colombia,Pereira,Bronce,True,False,False,3,2,1016.0,22,7,8,False
3798,Colombia,Santa Marta,Bronce,False,False,True,0,0,0.0,5,1,8,True
3799,Ecuador,—,Bronce,True,False,True,1,0,0.0,42,5,6,True
3800,Uruguay,—,Bronce,False,False,True,1,0,0.0,23,3,10,True
3801,Uruguay,—,Bronce,False,True,True,7,5,3146.0,4,6,10,True
3802,Colombia,Cali,Bronce,True,False,True,0,0,0.0,23,3,5,True
3803,Uruguay,—,Bronce,False,False,True,3,2,1104.0,17,2,7,True
3804,Perú,—,Bronce,False,False,True,1,0,0.0,36,1,9,True
3805,Colombia,Cali,Bronce,False,False,True,6,4,2172.0,77,5,10,True
3806,Colombia,Ibagué,Bronce,False,False,True,2,1,538.0,7,15,10,False
3807,Chile,—,Bronce,True,False,False,1,0,0.0,44,7,5,False
3808,Ecuador,—,Plata,True,True,True,24,14,7700.0,39,0,10,True
3809,Ecuador,—,Bronce,False,False,True,3,2,1008.0,14,19,7,False
3810,México,—,Bronce,True,False,True,0,0,0.0,45,3,7,True
3811,Ecuador,—,Bronce,False,True,True,2,1,486.0,4,2,4,True
3812,Colombia,Barranquilla,Oro,False,True,True,30,19,8319.0,1,13,6,False
3813,Perú,—,Bronce,True,False,True,2,1,604.0,58,5,8,True
3814,Colombia,Cali,Plata,False,True,False,16,11,4286.0,18,4,9,True
3815,Ecuador,—,Bronce,True,True,True,0,0,0.0,14,8,10,False
3816,Colombia,Cali,Bronce,False,True,True,0,0,0.0,29,5,7,True
3817,Colombia,Bogotá D.C.,Plata,False,False,True,11,7,2427.0,4,16,5,False
3818,México,—,Bronce,False,True,True,1,0,0.0,31,3,9,True
3819,Colombia,Sincelejo,Bronce,False,False,True,2,1,409.0,23,4,8,True
3820,México,—,Bronce,True,False,True,2,1,624.0,56,12,10,False
3821,Colombia,Bogotá D.C.,Bronce,False,False,True,6,4,2296.0,26,9,7,False
3822,México,—,Bronce,False,False,True,1,0,0.0,52,3,9,True
3823,Colombia,Cali,Plata,True,True,False,10,8,4178.0,9,0,6,True
3824,Uruguay,—,Bronce,True,True,True,2,1,474.0,13,4,6,True
3825,Colombia,Cúcuta,Bronce,False,False,True,5,4,2018.0,21,9,10,False
3826,México,—,Bronce,False,False,True,3,2,1090.0,17,8,7,False
3827,Colombia,Bucaramanga,Bronce,True,False,True,1,0,0.0,41,9,5,False
3828,México,—,Bronce,True,True,True,1,0,0.0,22,0,9,True
3829,Colombia,Bogotá D.C.,Bronce,False,False,True,1,0,0.0,20,2,7,True
3830,Colombia,Montería,Bronce,True,False,False,1,0,0.0,52,1,7,True
3831,Colombia,Sincelejo,Bronce,True,True,False,4,2,935.0,12,5,6,True
3832,Ecuador,—,Bronce,False,True,True,5,3,1597.0,29,0,9,True
3833,Ecuador,—,Plata,True,False,True,17,11,4043.0,17,2,6,True
3834,Colombia,Bucaramanga,Bronce,False,False,False,1,0,0.0,33,4,10,True
3835,Colombia,Bogotá D.C.,Plata,False,False,True,23,17,7709.0,7,0,7,True
3836,Colombia,Medellín,Plata,True,False,True,10,9,3842.0,97,1,10,True
3837,Colombia,Barranquilla,Bronce,True,True,True,2,1,568.0,28,2,5,True
3838,Perú,—,Plata,False,False,True,9,8,3528.0,6,9,8,False
3839,Colombia,Sincelejo,Bronce,False,False,True,4,3,1544.0,6,6,9,True
3840,Ecuador,—,Bronce,False,False,False,0,0,0.0,13,4,9,True
3841,Chile,—,Bronce,False,False,False,0,0,0.0,20,8,7,False
3842,Perú,—,Bronce,False,False,True,2,1,440.0,53,5,6,True
3843,Perú,—,Plata,False,False,True,13,11,5833.0,23,2,10,True
3844,Uruguay,—,Bronce,False,False,False,2,1,492.0,9,6,7,True
3845,Colombia,Bogotá D.C.,Plata,True,True,True,12,10,4724.0,61,3,5,True
3846,Colombia,Bogotá D.C.,Oro,False,True,False,29,18,6174.0,15,14,8,False
3847,Colombia,Bucaramanga,Bronce,False,False,True,1,0,0.0,25,1,8,True
3848,México,—,Oro,True,False,True,35,27,12658.0,8,8,9,False
3849,Colombia,Bogotá D.C.,Bronce,False,False,True,0,0,0.0,96,1,5,True
3850,Colombia,Bogotá D.C.,Bronce,True,True,True,0,0,0.0,29,7,4,False
3851,México,—,Bronce,False,False,True,2,1,649.0,6,4,8,True
3852,Colombia,Bogotá D.C.,Oro,True,False,True,25,18,5782.0,6,1,6,True
3853,Colombia,Medellín,Plata,False,True,True,10,7,2622.0,15,8,6,False
3854,Colombia,Bogotá D.C.,Bronce,False,False,True,0,0,0.0,20,4,10,True
3855,Colombia,Otras ciudades,Bronce,True,True,False,0,0,0.0,26,1,10,True
3856,Colombia,Otras ciudades,Plata,False,False,True,13,11,5806.0,33,2,4,True
3857,Colombia,Medellín,Bronce,False,False,False,4,2,1208.0,5,8,10,False
3858,Colombia,Bogotá D.C.,Bronce,True,True,True,2,1,492.0,1,3,5,True
3859,Colombia,Otras ciudades,Bronce,False,False,True,0,0,0.0,7,13,7,False
3860,Colombia,Medellín,Bronce,False,True,True,1,0,0.0,25,7,5,False
3861,Colombia,Barranquilla,Bronce,False,False,False,2,1,454.0,27,3,8,True
3862,Colombia,Bogotá D.C.,Bronce,False,False,True,4,2,1054.0,28,3,10,True
3863,Colombia,Bogotá D.C.,Bronce,True,True,False,0,0,0.0,21,16,7,False
3864,Ecuador,—,Bronce,True,False,True,0,0,0.0,15,4,8,True
3865,Perú,—,Bronce,True,False,True,1,0,0.0,16,5,9,True
3866,México,—,Bronce,False,False,True,2,1,684.0,7,9,8,False
3867,Colombia,Bogotá D.C.,Bronce,False,False,False,0,0,0.0,45,3,8,True
3868,Colombia,Villavicencio,Bronce,True,False,True,0,0,0.0,25,0,8,True
3869,Ecuador,—,Bronce,False,True,True,4,2,710.0,44,15,8,False
3870,México,—,Bronce,True,False,True,0,0,0.0,38,1,9,True
3871,México,—,Bronce,True,False,True,3,2,884.0,1,6,3,True
3872,Colombia,Cartagena,Bronce,False,False,True,1,0,0.0,30,4,9,True
3873,México,—,Plata,False,False,False,13,9,1579.0,14,12,9,False
3874,Colombia,Bogotá D.C.,Platino,True,True,True,93,57,41161.0,3,1,10,True
3875,Colombia,Otras ciudades,Bronce,False,False,True,0,0,0.0,15,5,8,True
3876,Chile,—,Bronce,True,False,True,3,2,1168.0,46,7,8,False
3877,Colombia,Medellín,Bronce,True,False,False,7,5,2404.0,15,5,6,True
3878,Uruguay,—,Bronce,False,False,True,1,0,0.0,44,1,8,True
3879,Colombia,Bogotá D.C.,Bronce,False,True,True,2,1,216.0,33,16,8,False
3880,México,—,Bronce,True,False,True,4,2,970.0,42,9,10,False
3881,Colombia,Cartagena,Plata,True,False,False,8,7,4275.0,7,7,4,False
3882,Perú,—,Bronce,False,False,True,0,0,0.0,49,5,8,True
3883,México,—,Bronce,True,True,True,4,3,1766.0,31,4,8,True
3884,México,—,Bronce,False,False,False,5,2,922.0,26,14,4,False
3885,Colombia,Medellín,Bronce,True,False,True,1,0,0.0,26,14,8,False
3886,Colombia,Bucaramanga,Bronce,False,False,True,1,0,0.0,16,1,10,True
3887,México,—,Bronce,True,False,True,0,0,0.0,31,10,8,False
3888,Colombia,Bogotá D.C.,Bronce,True,False,True,6,4,2725.0,16,7,8,False
3889,Chile,—,Bronce,True,False,True,0,0,0.0,18,3,6,True
3890,México,—,Bronce,False,False,True,3,2,1034.0,10,2,5,True
3891,Colombia,Villavicencio,Bronce,False,False,True,0,0,0.0,54,0,9,True
3892,Colombia,Bogotá D.C.,Plata,True,False,True,8,5,3057.0,55,2,10,True
3893,Colombia,Otras ciudades,Bronce,False,False,True,6,5,1787.0,33,0,4,True
3894,México,—,Bronce,False,False,True,1,0,0.0,10,3,5,True
3895,Colombia,Bogotá D.C.,Bronce,False,False,True,4,3,1809.0,37,22,8,False
3896,Colombia,Cartagena,Bronce,False,False,True,1,0,0.0,8,4,7,True
3897,Colombia,Medellín,Bronce,True,False,True,0,0,0.0,21,13,6,False
3898,Colombia,Cúcuta,Bronce,False,False,True,0,0,0.0,5,3,10,True
3899,Colombia,Otras ciudades,Bronce,True,True,True,0,0,0.0,14,1,10,True
3900,Colombia,Pereira,Bronce,True,False,True,0,0,0.0,55,5,6,True
3901,México,—,Plata,True,False,True,10,6,2621.0,10,2,7,True
3902,Uruguay,—,Bronce,False,False,True,3,2,655.0,9,0,10,True
3903,Colombia,Bogotá D.C.,Bronce,True,True,False,3,2,961.0,87,6,1,True
3904,Colombia,Bucaramanga,Bronce,False,False,True,5,3,1075.0,23,9,5,False
3905,Colombia,Medellín,Bronce,True,True,True,0,0,0.0,79,3,6,True
3906,Ecuador,—,Bronce,False,False,True,6,5,3340.0,14,4,6,True
3907,México,—,Bronce,False,False,True,1,0,0.0,18,2,9,True
3908,Ecuador,—,Plata,True,True,True,11,6,3339.0,21,1,10,True
3909,Colombia,Bogotá D.C.,Bronce,True,False,True,2,1,361.0,8,3,8,True
3910,Colombia,Santa Marta,Bronce,False,False,True,4,3,1302.0,43,5,10,True
3911,México,—,Bronce,False,False,True,1,0,0.0,39,0,10,True
3912,Colombia,Bogotá D.C.,Bronce,False,True,False,4,3,1512.0,19,5,8,True
3913,Colombia,Otras ciudades,Bronce,True,False,False,0,0,0.0,31,4,6,True
3914,México,—,Bronce,True,False,True,2,1,492.0,28,5,8,True
3915,Uruguay,—,Bronce,True,True,True,0,0,0.0,7,13,9,False
3916,México,—,Platino,True,False,True,115,68,39321.0,28,9,9,False
3917,Colombia,Bogotá D.C.,Bronce,False,False,False,1,0,0.0,28,5,6,True
3918,Colombia,Bogotá D.C.,Plata,False,False,True,21,15,7228.0,100,1,10,True
3919,Colombia,Medellín,Bronce,True,True,False,2,1,417.0,20,1,8,True
3920,Ecuador,—,Bronce,False,False,True,1,0,0.0,17,7,7,False
3921,Colombia,Barranquilla,Plata,True,False,True,17,10,4733.0,38,2,2,True
3922,Colombia,Medellín,Bronce,True,True,False,2,1,385.0,23,4,3,True
3923,Colombia,Bogotá D.C.,Bronce,False,False,True,0,0,0.0,34,4,8,True
3924,Colombia,Cartagena,Bronce,False,True,True,0,0,0.0,32,8,6,False
3925,Colombia,Otras ciudades,Bronce,False,True,True,0,0,0.0,19,10,6,False
3926,Colombia,Medellín,Plata,False,False,True,9,7,2359.0,61,4,10,True
3927,Colombia,Cali,Bronce,False,False,True,1,0,0.0,45,3,6,True
3928,Perú,—,Bronce,True,False,True,3,2,1010.0,7,1,5,True
3929,Colombia,Medellín,Bronce,True,True,True,0,0,0.0,22,4,5,True
3930,Colombia,Bogotá D.C.,Bronce,False,False,True,1,0,0.0,16,10,5,False
3931,Colombia,Santa Marta,Oro,True,False,True,29,17,6262.0,17,2,5,True
3932,Colombia,Medellín,Oro,True,False,True,25,17,7974.0,30,11,2,False
3933,Ecuador,—,Plata,False,False,True,8,6,2634.0,7,0,7,True
3934,Colombia,Neiva,Bronce,False,False,True,3,1,440.0,51,9,5,False
3935,Colombia,Bogotá D.C.,Bronce,False,True,False,1,0,0.0,15,4,8,True
3936,Uruguay,—,Bronce,False,True,True,0,0,0.0,36,1,2,True
3937,Colombia,Bucaramanga,Bronce,False,True,True,2,1,506.0,28,10,6,False
3938,México,—,Bronce,True,False,True,0,0,0.0,61,9,7,False
3939,Colombia,Otras ciudades,Bronce,True,True,True,1,0,0.0,11,7,2,False
3940,Colombia,Medellín,Bronce,False,False,True,4,2,1135.0,62,4,10,True
3941,Colombia,Bogotá D.C.,Plata,False,False,True,11,9,4807.0,27,7,3,False
3942,Chile,—,Bronce,False,False,True,6,3,1478.0,7,6,10,True
3943,Colombia,Otras ciudades,Bronce,True,False,True,3,1,660.0,23,0,7,True
3944,Colombia,Bogotá D.C.,Bronce,True,False,True,0,0,0.0,22,7,6,False
3945,México,—,Bronce,True,False,True,2,1,370.0,14,4,10,True
3946,México,—,Bronce,False,False,True,5,3,1319.0,25,2,8,True
3947,Colombia,Cali,Bronce,True,False,False,3,2,762.0,24,2,8,True
3948,Colombia,Cúcuta,Bronce,True,True,True,3,1,452.0,36,1,9,True
3949,Colombia,Otras ciudades,Bronce,True,False,True,3,2,938.0,84,10,9,False
3950,Perú,—,Bronce,True,False,True,0,0,0.0,1,8,8,False
3951,Colombia,Bogotá D.C.,Plata,False,False,True,15,9,4254.0,23,7,9,False
3952,México,—,Bronce,True,False,True,1,0,0.0,18,17,10,False
3953,Colombia,Cali,Bronce,False,False,True,1,0,0.0,81,5,10,True
3954,Colombia,Montería,Bronce,False,True,True,0,0,0.0,21,9,10,False
3955,Colombia,Medellín,Bronce,False,True,True,1,0,0.0,22,6,9,True
3956,México,—,Bronce,False,False,True,3,2,1125.0,25,6,4,True
3957,Colombia,Barranquilla,Bronce,True,False,True,3,2,963.0,51,1,8,True
3958,Colombia,Montería,Plata,False,False,True,10,8,3343.0,30,12,8,False
3959,Colombia,Medellín,Bronce,False,True,True,0,0,0.0,6,4,7,True
3960,Chile,—,Bronce,True,False,True,3,2,840.0,28,3,10,True
3961,México,—,Bronce,True,False,False,4,3,1160.0,8,1,7,True
3962,Colombia,Bogotá D.C.,Bronce,False,False,False,1,0,0.0,31,4,7,True
3963,Colombia,Cali,Bronce,False,True,True,0,0,0.0,27,10,10,False
3964,Colombia,Cúcuta,Bronce,False,False,True,6,5,2781.0,24,7,9,False
3965,Chile,—,Bronce,True,False,True,2,1,637.0,69,12,8,False
3966,Perú,—,Bronce,False,True,False,1,0,0.0,55,4,9,True
3967,Colombia,Barranquilla,Bronce,False,False,True,1,0,0.0,11,4,10,True
3968,Ecuador,—,Bronce,False,False,True,0,0,0.0,20,5,3,True
3969,Colombia,Bogotá D.C.,Bronce,True,True,False,1,0,0.0,23,4,10,True
3970,Perú,—,Bronce,True,False,True,7,6,1297.0,18,7,8,False
3971,Colombia,Cartagena,Bronce,False,False,True,0,0,0.0,70,2,9,True
3972,Colombia,Cali,Bronce,True,False,False,0,0,0.0,32,2,6,True
3973,Colombia,Medellín,Bronce,True,True,True,0,0,0.0,14,4,5,True
3974,Chile,—,Bronce,True,False,True,1,0,0.0,14,13,7,False
3975,Colombia,Neiva,Bronce,False,False,True,2,1,432.0,11,4,7,True
3976,México,—,Bronce,False,True,True,0,0,0.0,12,12,6,False
3977,México,—,Bronce,False,False,True,6,4,1786.0,21,2,5,True
3978,Colombia,Bogotá D.C.,Bronce,False,False,True,1,0,0.0,62,3,8,True
3979,Perú,—,Bronce,False,False,True,1,0,0.0,19,2,8,True
3980,Colombia,Otras ciudades,Bronce,True,True,True,0,0,0.0,13,5,7,True
3981,Colombia,Bogotá D.C.,Bronce,False,False,True,0,0,0.0,43,6,5,True
3982,Colombia,Bogotá D.C.,Bronce,False,False,True,6,4,2431.0,50,7,9,False
3983,Colombia,Medellín,Bronce,False,False,False,1,0,0.0,35,4,3,True
3984,Colombia,Valledupar,Bronce,True,False,True,4,3,1823.0,29,10,5,False
3985,Perú,—,Bronce,True,False,True,0,0,0.0,9,1,7,True
3986,Colombia,Valledupar,Bronce,False,False,True,0,0,0.0,85,7,4,False
3987,Perú,—,Bronce,True,False,False,0,0,0.0,21,10,7,False
3988,México,—,Plata,False,True,True,24,16,6870.0,149,11,8,False
3989,Colombia,Bogotá D.C.,Bronce,True,False,True,0,0,0.0,24,8,8,False
3990,Colombia,Bogotá D.C.,Bronce,False,True,True,5,4,1501.0,34,6,8,True
3991,Colombia,Otras ciudades,Bronce,False,False,False,6,4,1498.0,3,5,6,True
3992,Colombia,Medellín,Oro,False,True,True,26,19,9053.0,40,11,5,False
3993,México,—,Bronce,False,False,True,1,0,0.0,3,15,8,False
3994,México,—,Bronce,False,False,False,0,0,0.0,22,9,4,False
3995,Colombia,Bogotá D.C.,Bronce,False,False,True,5,3,1903.0,17,13,9,False
3996,México,—,Bronce,True,False,True,5,3,1396.0,20,12,3,False
3997,Perú,—,Bronce,False,False,False,1,0,0.0,54,8,3,False
3998,Colombia,Cúcuta,Bronce,True,False,False,5,3,1310.0,82,8,7,False
3999,Colombia,Medellín,Bronce,False,True,False,3,2,871.0,36,10,8,False
4000,Colombia,Otras ciudades,Bronce,True,False,True,0,0,0.0,91,7,10,False
4001,Colombia,Bogotá D.C.,Bronce,False,False,False,5,3,1137.0,76,2,8,True
4002,México,—,Bronce,True,False,True,1,0,0.0,50,12,5,False
4003,Colombia,Bogotá D.C.,Plata,False,False,True,8,5,1712.0,20,4,6,True
4004,Colombia,Bogotá D.C.,Bronce,True,False,True,1,0,0.0,56,9,6,False
4005,Colombia,Bogotá D.C.,Bronce,False,True,True,2,1,558.0,3,11,6,False
4006,Perú,—,Platino,True,False,True,60,43,17649.0,31,15,8,False
4007,Colombia,Medellín,Bronce,False,False,True,1,0,0.0,29,6,10,True
4008,Perú,—,Bronce,True,True,False,5,3,1615.0,13,2,7,True
4009,Perú,—,Bronce,True,True,False,0,0,0.0,20,0,8,True
4010,Colombia,Bucaramanga,Plata,True,True,True,9,8,2803.0,22,4,6,True
4011,Colombia,Cartagena,Bronce,False,False,True,0,0,0.0,46,5,7,True
4012,Colombia,Cali,Bronce,False,False,True,0,0,0.0,38,11,7,False
4013,Colombia,Popayán,Bronce,False,True,True,1,0,0.0,44,9,6,False
4014,Colombia,Montería,Bronce,False,False,True,0,0,0.0,21,1,8,True
4015,Colombia,Bucaramanga,Bronce,False,False,True,2,1,535.0,45,3,8,True
4016,Colombia,Bogotá D.C.,Bronce,False,False,True,0,0,0.0,3,4,8,True
4017,México,—,Bronce,True,True,True,0,0,0.0,14,8,7,False
4018,Colombia,Cali,Bronce,False,False,True,1,0,0.0,27,6,7,True
4019,Colombia,Bucaramanga,Bronce,True,False,False,1,0,0.0,14,7,8,False
4020,Ecuador,—,Plata,False,True,False,12,7,4983.0,4,4,10,True
4021,Colombia,Barranquilla,Bronce,False,True,True,4,3,1490.0,20,0,10,True
4022,Uruguay,—,Bronce,False,True,True,0,0,0.0,37,12,8,False
4023,Colombia,Bogotá D.C.,Plata,True,True,False,21,18,8832.0,18,5,9,True
4024,México,—,Bronce,False,True,True,1,0,0.0,12,3,8,True
4025,Colombia,Neiva,Bronce,True,True,False,6,4,1665.0,27,7,8,False
4026,Colombia,Medellín,Plata,True,False,False,18,11,5961.0,8,14,7,False
4027,Colombia,Bogotá D.C.,Bronce,False,True,True,0,0,0.0,1,7,10,False
4028,Colombia,Bogotá D.C.,Bronce,False,False,True,7,5,2290.0,39,11,9,False
4029,México,—,Bronce,False,False,True,0,0,0.0,22,3,5,True
4030,Ecuador,—,Bronce,False,False,False,3,2,1017.0,7,0,4,True
4031,México,—,Plata,False,False,True,10,6,2312.0,39,5,9,True
4032,Colombia,Neiva,Bronce,True,True,False,2,1,572.0,10,18,10,False
4033,Colombia,Bogotá D.C.,Plata,True,False,True,11,9,3437.0,53,9,6,False
4034,México,—,Bronce,True,False,True,0,0,0.0,111,9,8,False
4035,Colombia,Medellín,Bronce,False,False,True,0,0,0.0,13,1,6,True
4036,Colombia,Bogotá D.C.,Bronce,True,False,True,2,1,519.0,42,9,5,False
4037,Perú,—,Bronce,True,False,True,0,0,0.0,17,1,4,True
4038,Colombia,Bogotá D.C.,Bronce,True,True,True,4,3,1879.0,50,6,7,True
4039,Colombia,Ibagué,Bronce,True,False,True,0,0,0.0,16,0,9,True
4040,Colombia,Bucaramanga,Plata,False,True,False,13,11,5155.0,96,12,6,False
4041,Colombia,Cartagena,Bronce,False,True,True,7,6,3533.0,5,1,5,True
4042,México,—,Bronce,True,True,True,0,0,0.0,35,0,10,True
4043,Colombia,Valledupar,Bronce,True,False,True,0,0,0.0,15,5,7,True
4044,México,—,Bronce,True,True,True,0,0,0.0,11,9,8,False
4045,Perú,—,Bronce,True,False,True,1,0,0.0,50,21,6,False
4046,Ecuador,—,Plata,False,False,True,8,7,4742.0,13,11,9,False
4047,Colombia,Bogotá D.C.,Plata,True,False,True,20,12,4611.0,1,4,7,True
4048,Uruguay,—,Bronce,True,False,True,0,0,0.0,8,14,10,False
4049,Colombia,Otras ciudades,Bronce,True,False,True,0,0,0.0,2,1,7,True
4050,Colombia,Santa Marta,Plata,False,True,True,22,14,7304.0,56,18,8,False
4051,Colombia,Manizales,Bronce,True,False,True,2,1,534.0,7,0,7,True
4052,Colombia,Bucaramanga,Bronce,True,False,True,3,2,1000.0,10,2,4,True
4053,Colombia,Bogotá D.C.,Bronce,True,False,True,0,0,0.0,71,2,8,True
4054,Colombia,Santa Marta,Bronce,False,True,True,4,3,1661.0,25,2,10,True
4055,Colombia,Medellín,Bronce,True,False,True,0,0,0.0,8,0,10,True
4056,Colombia,Barranquilla,Bronce,True,False,True,0,0,0.0,47,10,4,False
4057,México,—,Bronce,False,False,True,0,0,0.0,7,3,8,True
4058,Colombia,Bogotá D.C.,Bronce,False,False,True,7,6,2416.0,60,5,10,True
4059,Ecuador,—,Bronce,False,True,True,7,5,2841.0,24,0,10,True
4060,Colombia,Barranquilla,Bronce,False,False,False,2,1,506.0,83,11,6,False
4061,Colombia,Medellín,Bronce,True,False,True,3,2,1255.0,14,1,7,True
4062,México,—,Bronce,False,False,True,2,1,686.0,52,5,8,True
4063,Colombia,Medellín,Bronce,False,False,True,1,0,0.0,67,3,9,True
4064,Colombia,Medellín,Bronce,True,True,False,0,0,0.0,5,5,10,True
4065,Ecuador,—,Bronce,False,False,True,0,0,0.0,46,12,6,False
4066,Colombia,Cali,Bronce,True,False,True,6,5,2507.0,16,0,4,True
4067,Colombia,Pasto,Bronce,True,False,True,2,1,581.0,18,1,6,True
4068,Colombia,Bucaramanga,Bronce,False,False,True,4,2,720.0,4,0,10,True
4069,Colombia,Medellín,Bronce,True,False,True,5,3,1021.0,23,11,6,False
4070,Uruguay,—,Bronce,True,True,True,0,0,0.0,44,6,9,True
4071,Colombia,Otras ciudades,Bronce,False,False,True,2,1,512.0,3,8,8,False
4072,Colombia,Barranquilla,Bronce,True,True,True,0,0,0.0,22,0,6,True
4073,Colombia,Medellín,Bronce,True,True,True,6,4,2240.0,134,7,7,False
4074,Colombia,Bogotá D.C.,Bronce,False,True,True,1,0,0.0,30,5,7,True
4075,Colombia,Bogotá D.C.,Plata,False,False,False,8,6,3248.0,10,15,7,False
4076,Colombia,Cali,Bronce,True,True,True,0,0,0.0,16,4,9,True
4077,Colombia,Medellín,Bronce,False,False,True,5,4,1648.0,47,4,10,True
4078,Colombia,Medellín,Bronce,False,True,True,1,0,0.0,80,6,9,True
4079,Colombia,Medellín,Bronce,False,True,True,2,1,639.0,55,11,3,False
4080,Colombia,Sincelejo,Bronce,True,True,True,4,3,609.0,75,7,9,False
4081,México,—,Bronce,False,True,False,0,0,0.0,24,2,9,True
4082,Colombia,Sincelejo,Bronce,True,False,True,1,0,0.0,33,2,6,True
4083,Ecuador,—,Bronce,True,True,True,0,0,0.0,30,2,9,True
4084,México,—,Oro,True,False,True,49,41,24052.0,15,2,6,True
4085,Ecuador,—,Bronce,True,False,False,1,0,0.0,15,0,9,True
4086,Ecuador,—,Plata,False,False,True,9,7,4159.0,5,7,7,False
4087,Colombia,Cartagena,Bronce,True,False,True,6,4,2020.0,12,6,10,True
4088,Colombia,Otras ciudades,Bronce,False,False,True,0,0,0.0,22,5,10,True
4089,Perú,—,Bronce,True,False,True,2,1,473.0,11,3,9,True
4090,Colombia,Pereira,Bronce,True,False,True,0,0,0.0,24,3,5,True
4091,México,—,Bronce,False,True,True,1,0,0.0,5,2,9,True
4092,Colombia,Cartagena,Bronce,False,True,True,0,0,0.0,4,4,5,True
4093,Colombia,Bogotá D.C.,Bronce,True,False,True,0,0,0.0,34,2,10,True
4094,Ecuador,—,Plata,False,False,True,8,6,2374.0,30,2,6,True
4095,Colombia,Otras ciudades,Bronce,True,True,False,0,0,0.0,7,9,10,False
4096,Uruguay,—,Platino,False,False,True,113,96,47606.0,4,3,8,True
4097,Colombia,Bucaramanga,Bronce,True,False,False,0,0,0.0,39,19,7,False
4098,Colombia,Medellín,Bronce,True,False,True,0,0,0.0,10,3,10,True
4099,Uruguay,—,Bronce,True,False,True,1,0,0.0,7,3,7,True
4100,Colombia,Bogotá D.C.,Bronce,True,True,False,0,0,0.0,34,5,8,True
4101,Colombia,Barranquilla,Bronce,False,False,True,2,1,452.0,53,2,10,True
4102,Colombia,Cali,Bronce,True,True,False,1,0,0.0,60,14,10,False
4103,Colombia,Ibagué,Bronce,True,True,False,3,1,598.0,74,4,10,True
4104,México,—,Bronce,False,False,True,0,0,0.0,46,5,7,True
4105,Uruguay,—,Bronce,True,True,True,6,4,1078.0,15,7,8,False
4106,Colombia,Bogotá D.C.,Bronce,False,False,False,4,3,1788.0,12,7,9,False
4107,Colombia,Otras ciudades,Bronce,True,False,True,4,2,1118.0,7,6,4,True
4108,México,—,Bronce,False,False,True,1,0,0.0,58,3,5,True
4109,Chile,—,Bronce,False,False,True,1,0,0.0,28,7,6,False
4110,Perú,—,Platino,False,False,True,85,63,35480.0,5,2,5,True
4111,Colombia,Bogotá D.C.,Bronce,True,False,True,0,0,0.0,53,13,10,False
4112,México,—,Bronce,False,False,True,0,0,0.0,8,4,8,True
4113,Colombia,Barranquilla,Bronce,True,False,True,4,2,1169.0,60,1,9,True
4114,Colombia,Cartagena,Bronce,False,False,True,0,0,0.0,30,4,9,True
4115,Colombia,Barranquilla,Bronce,False,False,True,2,1,566.0,38,3,6,True
4116,Colombia,Bogotá D.C.,Bronce,True,False,True,1,0,0.0,11,1,8,True
4117,Colombia,Bogotá D.C.,Bronce,False,False,True,7,4,2098.0,11,13,9,False
4118,Colombia,Bucaramanga,Plata,True,False,True,14,12,5749.0,63,7,9,False
4119,Colombia,Bogotá D.C.,Bronce,False,False,False,0,0,0.0,37,7,10,False
4120,Colombia,Bogotá D.C.,Bronce,True,False,True,3,1,626.0,38,4,7,True
4121,Colombia,Neiva,Bronce,True,False,True,2,1,574.0,3,6,8,True
4122,Colombia,Cali,Bronce,True,True,True,2,1,394.0,9,5,4,True
4123,Ecuador,—,Bronce,True,True,False,0,0,0.0,19,2,8,True
4124,Colombia,Otras ciudades,Bronce,True,True,True,2,1,588.0,38,5,6,True
4125,Colombia,Medellín,Bronce,False,False,True,0,0,0.0,18,6,6,True
4126,México,—,Bronce,False,False,False,1,0,0.0,13,9,8,False
4127,Colombia,Otras ciudades,Plata,False,False,True,8,6,3409.0,29,13,7,False
4128,Colombia,Bogotá D.C.,Bronce,True,False,True,0,0,0.0,33,1,10,True
4129,Ecuador,—,Bronce,True,True,True,0,0,0.0,26,10,8,False
4130,Colombia,Medellín,Bronce,False,True,True,0,0,0.0,48,2,9,True
4131,Colombia,Armenia,Plata,False,False,True,16,11,8155.0,28,4,6,True
4132,México,—,Bronce,False,True,True,0,0,0.0,20,2,10,True
4133,Colombia,Bogotá D.C.,Bronce,False,False,True,0,0,0.0,22,1,5,True
4134,México,—,Bronce,True,False,False,2,1,570.0,32,2,8,True
4135,Colombia,Medellín,Bronce,False,False,False,1,0,0.0,9,1,7,True
4136,Colombia,Bogotá D.C.,Bronce,False,False,True,4,3,1297.0,17,6,1,True
4137,Colombia,Bogotá D.C.,Bronce,True,False,True,2,1,362.0,1,5,9,True
4138,Perú,—,Oro,False,False,True,28,24,8967.0,15,1,7,True
4139,Colombia,Armenia,Bronce,False,False,True,4,2,1114.0,25,16,7,False
4140,Colombia,Barranquilla,Bronce,False,False,True,7,4,2239.0,25,9,3,False
4141,Colombia,Bogotá D.C.,Bronce,False,False,True,2,1,451.0,21,3,9,True
4142,Uruguay,—,Bronce,True,True,True,2,1,429.0,84,2,3,True
4143,Colombia,Bogotá D.C.,Bronce,True,False,True,1,0,0.0,20,6,5,True
4144,México,—,Bronce,False,False,True,0,0,0.0,9,2,7,True
4145,Colombia,Bogotá D.C.,Bronce,True,True,True,6,4,2218.0,23,1,6,True
4146,México,—,Bronce,True,False,True,2,1,489.0,10,7,7,False
4147,Uruguay,—,Bronce,False,True,False,1,0,0.0,31,6,6,True
4148,Ecuador,—,Plata,False,True,True,22,19,10019.0,10,0,7,True
4149,Colombia,Bogotá D.C.,Bronce,True,True,True,3,1,582.0,19,7,4,False
4150,México,—,Bronce,True,False,True,3,1,392.0,8,7,10,False
4151,México,—,Plata,True,False,True,11,9,4515.0,2,0,10,True
4152,Ecuador,—,Bronce,False,True,False,0,0,0.0,43,9,10,False
4153,Colombia,Pasto,Bronce,False,True,True,4,2,853.0,27,7,6,False
4154,Colombia,Villavicencio,Bronce,True,False,True,0,0,0.0,4,4,7,True
4155,Colombia,Valledupar,Bronce,False,False,True,1,0,0.0,50,7,7,False
4156,Colombia,Otras ciudades,Plata,False,True,True,12,9,2903.0,5,8,8,False
4157,Colombia,Otras ciudades,Bronce,False,False,True,1,0,0.0,59,12,10,False
4158,Colombia,Medellín,Bronce,False,True,True,3,2,759.0,24,7,5,False
4159,Colombia,Barranquilla,Bronce,True,False,False,0,0,0.0,26,8,10,False
4160,Colombia,Neiva,Bronce,False,False,True,0,0,0.0,10,0,7,True
4161,Colombia,Bogotá D.C.,Plata,False,False,True,17,9,3817.0,39,24,9,False
4162,Ecuador,—,Bronce,True,True,True,5,3,1855.0,9,5,10,True
4163,Colombia,Bucaramanga,Bronce,True,True,True,0,0,0.0,37,6,9,True
4164,Colombia,Medellín,Plata,False,True,True,11,8,4014.0,1,6,7,True
4165,Colombia,Bogotá D.C.,Plata,True,False,True,13,8,3992.0,18,1,5,True
4166,Perú,—,Bronce,False,False,True,3,2,898.0,101,6,7,True
4167,Ecuador,—,Bronce,True,True,False,6,4,1785.0,72,11,7,False
4168,Perú,—,Bronce,False,True,True,7,4,2032.0,2,6,6,True
4169,Uruguay,—,Bronce,False,False,True,1,0,0.0,70,7,10,False
4170,Colombia,Medellín,Bronce,False,False,True,2,1,324.0,88,6,9,True
4171,Ecuador,—,Bronce,True,False,True,0,0,0.0,1,1,10,True
4172,Colombia,Medellín,Bronce,False,False,False,1,0,0.0,3,8,7,False
4173,Perú,—,Bronce,False,True,True,0,0,0.0,24,8,6,False
4174,Uruguay,—,Bronce,False,True,True,0,0,0.0,22,5,8,True
4175,Ecuador,—,Bronce,False,False,True,1,0,0.0,38,17,6,False
4176,México,—,Bronce,False,True,True,2,1,564.0,9,7,8,False
4177,Colombia,Cali,Bronce,False,False,True,6,4,2011.0,14,3,9,True
4178,Colombia,Bogotá D.C.,Bronce,False,False,True,1,0,0.0,25,2,9,True
4179,Colombia,Otras ciudades,Plata,True,False,True,19,12,5243.0,3,3,7,True
4180,México,—,Bronce,True,True,False,6,4,2176.0,21,12,8,False
4181,Colombia,Cali,Bronce,False,False,True,7,4,2580.0,16,6,8,True
4182,Perú,—,Bronce,True,False,True,6,4,2043.0,51,0,5,True
4183,Colombia,Neiva,Bronce,True,False,False,1,0,0.0,34,21,8,False
4184,México,—,Bronce,False,False,True,2,1,549.0,24,9,6,False
4185,Colombia,Bogotá D.C.,Bronce,True,True,True,0,0,0.0,22,13,7,False
4186,Perú,—,Bronce,False,False,True,7,4,2098.0,12,0,10,True
4187,Colombia,Medellín,Bronce,False,False,True,0,0,0.0,31,1,9,True
4188,Colombia,Bogotá D.C.,Bronce,False,False,True,1,0,0.0,13,0,6,True
4189,Colombia,Villavicencio,Bronce,False,False,True,4,2,1020.0,10,5,9,True
4190,Ecuador,—,Bronce,True,False,True,0,0,0.0,53,10,7,False
4191,Perú,—,Plata,False,True,True,21,15,6538.0,14,3,8,True
4192,Colombia,Cali,Bronce,True,False,True,0,0,0.0,2,5,10,True
4193,Colombia,Bogotá D.C.,Bronce,True,False,True,0,0,0.0,9,9,9,False
4194,Colombia,Cali,Oro,False,True,True,32,28,12584.0,6,0,7,True
4195,México,—,Bronce,False,False,True,1,0,0.0,98,4,10,True
4196,Ecuador,—,Platino,False,True,True,128,102,53584.0,12,6,6,True
4197,México,—,Bronce,True,False,True,0,0,0.0,113,4,10,True
4198,Ecuador,—,Bronce,True,False,True,2,1,401.0,4,6,6,True
4199,Colombia,Otras ciudades,Oro,False,False,True,54,47,34869.0,31,2,6,True
4200,Colombia,Bogotá D.C.,Bronce,False,False,True,1,0,0.0,9,13,7,False
4201,Colombia,Medellín,Bronce,False,True,True,0,0,0.0,26,12,6,False
4202,Colombia,Sincelejo,Bronce,False,True,True,0,0,0.0,2,9,8,False
4203,Colombia,Cartagena,Bronce,False,False,True,2,1,570.0,53,15,10,False
4204,Colombia,Bogotá D.C.,Bronce,True,False,True,1,0,0.0,29,9,9,False
4205,Ecuador,—,Bronce,True,False,True,0,0,0.0,6,3,5,True
4206,México,—,Bronce,True,False,True,0,0,0.0,7,0,10,True
4207,Ecuador,—,Bronce,False,False,False,4,3,1399.0,26,5,5,True
4208,Colombia,Montería,Bronce,True,False,True,0,0,0.0,27,9,9,False
4209,Colombia,Manizales,Bronce,False,False,True,0,0,0.0,105,0,9,True
4210,Colombia,Bucaramanga,Bronce,False,True,True,0,0,0.0,49,15,7,False
4211,Colombia,Bogotá D.C.,Bronce,False,False,True,1,0,0.0,24,1,7,True
4212,Ecuador,—,Bronce,False,False,True,1,0,0.0,10,4,5,True
4213,Colombia,Bogotá D.C.,Bronce,False,False,True,1,0,0.0,1,0,6,True
4214,Colombia,Bogotá D.C.,Bronce,True,False,True,0,0,0.0,70,6,4,True
4215,Chile,—,Bronce,False,False,True,1,0,0.0,18,4,7,True
4216,Colombia,Bogotá D.C.,Bronce,False,False,True,1,0,0.0,2,9,5,False
4217,México,—,Bronce,True,True,False,0,0,0.0,51,6,6,True
4218,Colombia,Cali,Bronce,True,True,True,0,0,0.0,5,13,7,False
4219,Colombia,Otras ciudades,Bronce,True,False,True,0,0,0.0,3,9,10,False
4220,Colombia,Bogotá D.C.,Bronce,True,False,False,0,0,0.0,54,3,10,True
4221,Ecuador,—,Bronce,False,False,True,1,0,0.0,29,15,9,False
4222,Ecuador,—,Bronce,False,False,True,0,0,0.0,10,11,9,False
4223,México,—,Bronce,True,False,False,1,0,0.0,76,1,6,True
4224,Colombia,Medellín,Bronce,True,False,True,0,0,0.0,5,12,9,False
4225,Ecuador,—,Bronce,False,False,True,4,2,1160.0,15,0,10,True
4226,México,—,Bronce,True,False,True,7,4,2022.0,27,4,6,True
4227,México,—,Bronce,False,False,True,5,3,1268.0,2,3,9,True
4228,Chile,—,Plata,True,False,True,21,18,8231.0,19,11,5,False
4229,Colombia,Otras ciudades,Bronce,True,False,False,2,1,591.0,23,1,9,True
4230,Colombia,Medellín,Bronce,False,False,True,0,0,0.0,32,13,7,False
4231,Colombia,Valledupar,Bronce,False,False,False,1,0,0.0,9,7,5,False
4232,Colombia,Medellín,Bronce,True,True,True,0,0,0.0,24,3,3,True
4233,Uruguay,—,Bronce,True,True,False,0,0,0.0,19,5,10,True
4234,Colombia,Bogotá D.C.,Bronce,False,False,True,0,0,0.0,8,3,6,True
4235,México,—,Bronce,False,False,True,1,0,0.0,21,6,8,True
4236,Uruguay,—,Bronce,True,False,True,0,0,0.0,63,17,9,False
4237,Colombia,Cali,Bronce,False,True,False,0,0,0.0,47,2,5,True
4238,Ecuador,—,Plata,False,False,False,20,15,5123.0,33,11,10,False
4239,Uruguay,—,Bronce,True,False,True,0,0,0.0,10,2,9,True
4240,Uruguay,—,Bronce,True,False,True,3,2,940.0,46,3,6,True
4241,Ecuador,—,Bronce,False,True,True,7,5,2182.0,18,3,10,True
4242,Colombia,Ibagué,Bronce,True,False,True,1,0,0.0,28,5,5,True
4243,Colombia,Bogotá D.C.,Bronce,True,True,True,0,0,0.0,17,4,6,True
4244,Colombia,Barranquilla,Bronce,True,False,True,1,0,0.0,11,8,10,False
4245,Ecuador,—,Bronce,False,False,True,1,0,0.0,10,3,7,True
4246,Perú,—,Bronce,False,False,False,4,3,1694.0,51,6,8,True
4247,Colombia,Medellín,Bronce,True,False,True,0,0,0.0,78,1,5,True
4248,Colombia,Otras ciudades,Bronce,True,False,True,0,0,0.0,47,5,10,True
4249,Colombia,Cali,Bronce,False,False,True,0,0,0.0,33,11,6,False
4250,Ecuador,—,Plata,True,False,False,24,19,12925.0,28,3,7,True
4251,Colombia,Cali,Bronce,False,False,True,2,1,543.0,5,12,5,False
4252,Colombia,Cali,Bronce,False,False,True,3,2,661.0,75,1,10,True
4253,Colombia,Bucaramanga,Bronce,False,False,True,4,2,872.0,12,3,8,True
4254,Colombia,Montería,Oro,False,False,True,39,30,15004.0,19,0,8,True
4255,Perú,—,Bronce,True,False,False,1,0,0.0,15,13,7,False
4256,Uruguay,—,Bronce,True,True,True,1,0,0.0,23,4,9,True
4257,Ecuador,—,Bronce,True,False,True,1,0,0.0,22,4,7,True
4258,Colombia,Bogotá D.C.,Bronce,False,False,False,5,3,1428.0,23,11,9,False
4259,Colombia,Bogotá D.C.,Bronce,False,False,True,0,0,0.0,8,2,10,True
4260,Colombia,Bogotá D.C.,Bronce,False,False,True,4,3,1629.0,91,8,10,False
4261,México,—,Bronce,False,True,True,2,1,375.0,13,22,9,False
4262,Colombia,Bogotá D.C.,Bronce,False,False,True,4,2,1308.0,69,3,8,True
4263,México,—,Bronce,True,False,True,1,0,0.0,22,3,10,True
4264,Colombia,Cali,Bronce,True,False,False,2,1,593.0,5,0,7,True
4265,Colombia,Bucaramanga,Bronce,False,False,True,1,0,0.0,4,0,10,True
4266,Colombia,Bogotá D.C.,Bronce,False,True,True,1,0,0.0,5,0,4,True
4267,Colombia,Bogotá D.C.,Plata,True,False,True,8,4,1850.0,14,0,8,True
4268,Colombia,Armenia,Bronce,False,False,True,0,0,0.0,35,6,8,True
4269,Colombia,Bogotá D.C.,Bronce,True,True,True,2,1,303.0,81,1,10,True
4270,México,—,Bronce,False,False,False,3,2,1330.0,4,8,7,False
4271,Colombia,Bogotá D.C.,Plata,True,True,False,10,6,3214.0,9,7,8,False
4272,Colombia,Otras ciudades,Bronce,True,False,True,0,0,0.0,6,1,5,True
4273,Colombia,Bogotá D.C.,Bronce,False,False,False,0,0,0.0,51,0,9,True
4274,México,—,Oro,False,False,True,29,18,13608.0,4,6,8,True
4275,Perú,—,Platino,True,False,True,279,188,76503.0,14,1,7,True
4276,Chile,—,Bronce,False,False,True,0,0,0.0,67,1,10,True
4277,Colombia,Otras ciudades,Bronce,False,True,True,0,0,0.0,13,4,10,True
4278,Colombia,Cartagena,Bronce,False,False,True,0,0,0.0,7,6,9,True
4279,Uruguay,—,Bronce,False,False,True,4,3,927.0,4,10,5,False
4280,Colombia,Bogotá D.C.,Plata,True,False,True,21,18,8145.0,22,6,9,True
4281,Colombia,Bogotá D.C.,Plata,False,True,True,9,8,3328.0,30,9,9,False
4282,México,—,Bronce,False,False,True,2,1,299.0,27,2,4,True
4283,Colombia,Cartagena,Bronce,True,False,True,0,0,0.0,2,0,7,True
4284,Colombia,Popayán,Bronce,True,False,False,0,0,0.0,26,8,7,False
4285,Colombia,Ibagué,Bronce,False,True,True,0,0,0.0,86,5,8,True
4286,México,—,Plata,True,True,True,12,11,6666.0,14,6,6,True
4287,México,—,Bronce,False,True,True,0,0,0.0,45,2,9,True
4288,Colombia,Manizales,Bronce,False,False,True,3,2,1097.0,51,3,8,True
4289,México,—,Bronce,True,False,True,7,4,1532.0,37,1,7,True
4290,Colombia,Cúcuta,Bronce,True,True,True,0,0,0.0,22,1,7,True
4291,Colombia,Bogotá D.C.,Plata,False,False,False,8,5,1971.0,63,4,3,True
4292,Colombia,Medellín,Bronce,True,False,True,6,4,1864.0,85,5,5,True
4293,Colombia,Cúcuta,Bronce,False,False,True,0,0,0.0,28,0,6,True
4294,Chile,—,Bronce,False,False,True,0,0,0.0,33,6,6,True
4295,México,—,Bronce,True,False,False,4,2,831.0,82,7,5,False
4296,México,—,Bronce,False,True,True,0,0,0.0,19,9,10,False
4297,Ecuador,—,Bronce,False,False,True,0,0,0.0,25,11,6,False
4298,Colombia,Barranquilla,Bronce,False,True,True,2,1,414.0,30,1,6,True
4299,Colombia,Cali,Bronce,True,False,True,1,0,0.0,14,1,5,True
4300,Colombia,Pereira,Bronce,False,False,True,0,0,0.0,16,20,8,False
4301,Colombia,Pereira,Bronce,False,True,True,1,0,0.0,20,0,7,True
4302,Colombia,Otras ciudades,Plata,False,False,True,12,8,4990.0,19,7,5,False
4303,Colombia,Pereira,Bronce,True,False,True,7,5,3539.0,42,13,8,False
4304,México,—,Bronce,False,True,True,6,4,1731.0,17,0,2,True
4305,Colombia,Bogotá D.C.,Bronce,True,False,True,0,0,0.0,23,7,8,False
4306,Ecuador,—,Bronce,False,False,True,2,1,564.0,43,13,7,False
4307,Colombia,Bogotá D.C.,Bronce,False,True,True,0,0,0.0,14,4,10,True
4308,Colombia,Armenia,Bronce,False,False,True,0,0,0.0,5,15,5,False
4309,México,—,Bronce,False,False,False,0,0,0.0,29,4,9,True
4310,Colombia,Cúcuta,Bronce,False,True,True,1,0,0.0,18,3,10,True
4311,Colombia,Bogotá D.C.,Bronce,True,False,False,0,0,0.0,3,13,5,False
4312,Colombia,Bucaramanga,Bronce,True,False,True,1,0,0.0,27,8,7,False
4313,Colombia,Bogotá D.C.,Plata,False,False,True,13,12,6524.0,14,3,4,True
4314,México,—,Bronce,False,False,False,2,1,589.0,19,23,9,False
4315,Colombia,Bogotá D.C.,Bronce,False,False,True,2,1,526.0,14,10,4,False
4316,Ecuador,—,Bronce,False,False,True,0,0,0.0,61,12,4,False
4317,Colombia,Bogotá D.C.,Bronce,False,False,False,2,1,335.0,10,2,8,True
4318,México,—,Plata,False,False,True,14,8,5193.0,54,6,7,True
4319,Uruguay,—,Plata,True,False,True,9,7,3135.0,25,7,8,False
4320,Colombia,Otras ciudades,Bronce,False,False,True,4,3,1103.0,37,10,9,False
4321,Colombia,Bogotá D.C.,Bronce,False,False,True,7,4,2709.0,7,5,10,True
4322,Colombia,Cali,Bronce,False,False,True,0,0,0.0,10,2,9,True
4323,Chile,—,Bronce,False,False,False,0,0,0.0,24,5,8,True
4324,México,—,Bronce,True,False,True,0,0,0.0,29,13,3,False
4325,México,—,Bronce,False,True,False,0,0,0.0,16,2,8,True
4326,Colombia,Bogotá D.C.,Bronce,False,False,True,0,0,0.0,3,2,10,True
4327,Perú,—,Bronce,True,False,True,2,1,507.0,14,2,5,True
4328,Colombia,Bogotá D.C.,Bronce,True,False,True,6,5,3015.0,36,2,5,True
4329,Colombia,Bogotá D.C.,Bronce,True,False,False,5,4,2238.0,29,0,6,True
4330,Colombia,Bogotá D.C.,Plata,False,False,True,11,8,5326.0,4,4,10,True
4331,Colombia,Cali,Bronce,True,True,True,2,1,554.0,10,11,8,False
4332,México,—,Plata,False,True,True,10,7,2800.0,85,1,8,True
4333,Colombia,Bogotá D.C.,Bronce,False,False,True,1,0,0.0,22,1,8,True
4334,Colombia,Armenia,Bronce,True,True,False,1,0,0.0,10,11,10,False
4335,Colombia,Barranquilla,Bronce,True,False,True,2,1,481.0,39,1,8,True
4336,México,—,Bronce,True,False,True,5,3,1189.0,4,1,8,True
4337,Colombia,Bogotá D.C.,Bronce,False,True,True,2,1,329.0,32,3,8,True
4338,Colombia,Bogotá D.C.,Bronce,True,False,False,0,0,0.0,30,6,3,True
4339,Colombia,Medellín,Bronce,False,True,False,2,1,510.0,25,2,6,True
4340,México,—,Bronce,False,True,True,3,1,421.0,20,6,6,True
4341,Ecuador,—,Bronce,True,False,False,1,0,0.0,32,3,7,True
4342,México,—,Bronce,False,False,True,1,0,0.0,85,0,8,True
4343,Colombia,Otras ciudades,Bronce,False,True,True,3,2,1332.0,39,2,6,True
4344,México,—,Plata,False,True,True,9,6,2866.0,58,5,10,True
4345,México,—,Bronce,True,True,True,0,0,0.0,15,3,2,True
4346,Colombia,Bogotá D.C.,Bronce,True,False,True,6,5,3152.0,22,2,10,True
4347,Colombia,Manizales,Bronce,True,False,True,0,0,0.0,25,7,7,False
4348,México,—,Bronce,True,False,True,0,0,0.0,53,5,7,True
4349,Colombia,Bogotá D.C.,Plata,False,False,True,16,9,3494.0,46,8,8,False
4350,Colombia,Bogotá D.C.,Plata,False,False,True,8,6,3136.0,11,5,10,True
4351,Perú,—,Bronce,True,True,True,2,1,639.0,11,2,7,True
4352,Colombia,Medellín,Bronce,False,False,True,1,0,0.0,32,7,9,False
4353,Colombia,Pasto,Bronce,False,True,True,2,1,464.0,21,3,9,True
4354,Ecuador,—,Bronce,True,True,True,1,0,0.0,3,12,6,False
4355,Perú,—,Bronce,True,False,True,0,0,0.0,13,4,5,True
4356,Ecuador,—,Plata,False,True,False,8,6,3115.0,16,3,8,True
4357,México,—,Bronce,False,False,True,2,1,418.0,39,0,6,True
4358,México,—,Bronce,True,False,True,1,0,0.0,47,7,7,False
4359,Colombia,Cartagena,Bronce,False,True,True,1,0,0.0,48,8,7,False
4360,Colombia,Cali,Bronce,False,False,True,2,1,386.0,5,3,5,True
4361,Colombia,Pereira,Bronce,False,False,True,0,0,0.0,1,2,8,True
4362,Perú,—,Bronce,False,True,False,2,1,618.0,8,1,8,True
4363,Colombia,Pereira,Bronce,False,False,False,2,1,435.0,29,9,8,False
4364,México,—,Plata,False,False,False,12,10,4909.0,35,19,10,False
4365,Colombia,Bogotá D.C.,Bronce,False,False,True,5,4,1764.0,5,6,8,True
4366,México,—,Bronce,True,False,True,4,2,924.0,55,5,7,True
4367,Colombia,Barranquilla,Bronce,True,False,False,4,3,1498.0,31,12,5,False
4368,Colombia,Cali,Bronce,False,True,True,1,0,0.0,30,6,7,True
4369,Perú,—,Bronce,True,True,False,0,0,0.0,10,1,5,True
4370,Colombia,Bogotá D.C.,Bronce,False,False,True,1,0,0.0,20,5,7,True
4371,Ecuador,—,Bronce,False,False,True,1,0,0.0,28,6,10,True
4372,Colombia,Otras ciudades,Bronce,False,False,True,0,0,0.0,9,3,7,True
4373,Colombia,Bogotá D.C.,Bronce,False,False,True,0,0,0.0,24,4,5,True
4374,Colombia,Bogotá D.C.,Bronce,False,True,False,1,0,0.0,33,3,7,True
4375,México,—,Bronce,True,True,True,1,0,0.0,64,7,9,False
4376,Colombia,Medellín,Bronce,False,True,False,3,2,975.0,6,7,7,False
4377,Ecuador,—,Bronce,False,False,True,0,0,0.0,26,14,9,False
4378,Ecuador,—,Bronce,False,True,True,2,1,447.0,13,0,10,True
4379,Colombia,Cúcuta,Bronce,False,True,True,0,0,0.0,26,0,10,True
4380,Perú,—,Bronce,False,False,True,0,0,0.0,20,2,8,True
4381,Ecuador,—,Bronce,True,False,False,3,2,1052.0,10,17,8,False
4382,Colombia,Cali,Bronce,False,True,False,2,1,541.0,63,12,9,False
4383,Ecuador,—,Plata,False,False,True,9,5,2123.0,15,3,7,True
4384,Colombia,Cali,Bronce,True,False,False,7,6,4394.0,55,3,10,True
4385,Colombia,Montería,Bronce,True,False,True,0,0,0.0,20,3,10,True
4386,Colombia,Popayán,Bronce,False,True,True,0,0,0.0,21,7,8,False
4387,Colombia,Bogotá D.C.,Bronce,True,False,False,0,0,0.0,13,3,9,True
4388,Colombia,Bogotá D.C.,Bronce,False,False,True,2,1,442.0,1,9,6,False
4389,Colombia,Cartagena,Bronce,True,False,True,2,1,591.0,36,8,5,False
4390,Perú,—,Bronce,False,False,True,0,0,0.0,44,4,7,True
4391,Colombia,Bogotá D.C.,Plata,True,True,True,8,6,3083.0,18,8,9,False
4392,México,—,Bronce,True,False,True,1,0,0.0,27,9,6,False
4393,Colombia,Bogotá D.C.,Plata,False,False,True,9,5,2891.0,1,0,10,True
4394,Ecuador,—,Bronce,False,False,True,2,1,460.0,31,2,8,True
4395,México,—,Bronce,True,True,False,0,0,0.0,57,5,4,True
4396,Colombia,Bogotá D.C.,Bronce,True,False,True,6,4,2277.0,19,7,6,False
4397,Colombia,Bogotá D.C.,Bronce,False,False,True,2,1,578.0,46,3,6,True
4398,Colombia,Bogotá D.C.,Bronce,False,False,True,1,0,0.0,31,9,8,False
4399,Colombia,Ibagué,Bronce,True,False,True,2,1,603.0,22,5,3,True
4400,México,—,Plata,True,False,False,16,10,4291.0,14,10,7,False
4401,Colombia,Santa Marta,Bronce,False,True,True,2,1,620.0,9,10,7,False
4402,México,—,Bronce,False,True,True,4,2,1109.0,42,5,5,True
4403,Colombia,Bogotá D.C.,Bronce,False,False,True,0,0,0.0,4,6,7,True
4404,México,—,Bronce,True,False,True,0,0,0.0,43,3,7,True
4405,Colombia,Bogotá D.C.,Plata,True,True,True,11,9,3674.0,17,1,5,True
4406,Colombia,Cali,Bronce,True,False,True,0,0,0.0,37,18,3,False
4407,Colombia,Bogotá D.C.,Bronce,True,False,True,0,0,0.0,46,1,9,True
4408,Colombia,Bucaramanga,Platino,False,True,True,79,49,19800.0,41,2,9,True
4409,México,—,Bronce,True,False,True,3,1,328.0,59,1,9,True
4410,Colombia,Bucaramanga,Bronce,False,True,True,4,3,1862.0,24,3,10,True
4411,Colombia,Bogotá D.C.,Oro,False,True,True,41,34,9836.0,43,1,6,True
4412,México,—,Bronce,False,False,True,5,3,1298.0,21,1,9,True
4413,Colombia,Cúcuta,Bronce,True,False,False,4,3,1898.0,9,2,6,True
4414,Colombia,Medellín,Bronce,True,True,True,0,0,0.0,75,11,10,False
4415,Colombia,Bogotá D.C.,Plata,False,False,True,10,8,3376.0,7,7,3,False
4416,Perú,—,Bronce,False,True,True,1,0,0.0,10,22,10,False
4417,Colombia,Bogotá D.C.,Bronce,True,True,True,4,2,865.0,8,0,7,True
4418,Colombia,Bogotá D.C.,Plata,False,False,True,20,11,6146.0,1,5,5,True
4419,Colombia,Manizales,Bronce,True,True,True,0,0,0.0,23,8,8,False
4420,Colombia,Otras ciudades,Bronce,True,False,True,0,0,0.0,13,1,9,True
4421,Colombia,Barranquilla,Bronce,False,False,True,5,4,2176.0,20,6,8,True
4422,Ecuador,—,Bronce,True,False,True,1,0,0.0,14,3,5,True
4423,Ecuador,—,Bronce,False,True,True,1,0,0.0,21,2,7,True
4424,Colombia,Pereira,Bronce,True,False,False,0,0,0.0,12,5,8,True
4425,México,—,Bronce,True,False,False,1,0,0.0,13,12,10,False
4426,Colombia,Bogotá D.C.,Bronce,True,False,True,0,0,0.0,1,7,10,False
4427,Colombia,Bogotá D.C.,Bronce,True,False,True,7,4,1853.0,21,1,10,True
4428,México,—,Plata,True,False,True,11,7,4309.0,26,5,8,True
4429,México,—,Bronce,True,False,True,3,2,1075.0,16,1,7,True
4430,Colombia,Otras ciudades,Bronce,True,False,False,0,0,0.0,80,1,10,True
4431,México,—,Bronce,False,False,True,0,0,0.0,20,10,10,False
4432,Colombia,Valledupar,Bronce,True,False,True,2,1,248.0,11,10,10,False
4433,Colombia,Cartagena,Bronce,False,True,True,2,1,647.0,6,0,9,True
4434,México,—,Plata,False,False,True,9,7,3248.0,10,0,10,True
4435,Perú,—,Bronce,False,False,True,0,0,0.0,11,4,8,True
4436,México,—,Bronce,True,True,True,7,4,1620.0,6,13,10,False
4437,Ecuador,—,Bronce,True,False,True,3,2,1000.0,26,10,8,False
4438,Colombia,Bogotá D.C.,Plata,False,False,True,9,5,2941.0,30,7,7,False
4439,Colombia,Otras ciudades,Plata,False,False,True,10,6,3432.0,87,3,8,True
4440,Colombia,Bogotá D.C.,Bronce,False,False,True,0,0,0.0,49,18,9,False
4441,Colombia,Otras ciudades,Bronce,True,True,True,0,0,0.0,26,4,7,True
4442,Colombia,Ibagué,Bronce,False,False,True,7,4,2174.0,20,7,7,False
4443,Colombia,Cúcuta,Bronce,True,False,False,0,0,0.0,17,6,1,True
4444,Colombia,Medellín,Bronce,False,False,True,2,1,425.0,35,4,10,True
4445,Colombia,Bogotá D.C.,Bronce,True,True,True,0,0,0.0,1,3,7,True
4446,Colombia,Barranquilla,Bronce,True,True,True,0,0,0.0,15,5,8,True
4447,Ecuador,—,Bronce,False,True,False,3,2,965.0,38,0,7,True
4448,Colombia,Montería,Bronce,True,False,True,1,0,0.0,35,15,7,False
4449,Colombia,Medellín,Bronce,False,True,True,0,0,0.0,36,24,7,False
4450,México,—,Bronce,False,False,True,0,0,0.0,21,2,5,True
4451,Colombia,Popayán,Bronce,True,False,True,1,0,0.0,14,1,2,True
4452,Colombia,Bucaramanga,Bronce,True,False,True,5,3,1250.0,76,6,10,True
4453,Colombia,Montería,Bronce,False,False,True,0,0,0.0,6,0,5,True
4454,México,—,Bronce,True,True,True,4,2,781.0,33,1,8,True
4455,Colombia,Cúcuta,Bronce,False,False,False,6,4,1760.0,19,14,9,False
4456,Colombia,Neiva,Bronce,False,False,True,1,0,0.0,43,2,5,True
4457,Colombia,Bucaramanga,Bronce,True,False,True,0,0,0.0,13,10,10,False
4458,México,—,Plata,True,True,True,14,9,6604.0,6,13,7,False
4459,Colombia,Bucaramanga,Bronce,False,False,True,0,0,0.0,23,11,10,False
4460,Perú,—,Bronce,True,False,True,3,1,333.0,65,8,10,False
4461,México,—,Bronce,True,False,True,2,1,581.0,31,10,5,False
4462,Colombia,Bogotá D.C.,Bronce,False,False,True,2,1,513.0,5,1,6,True
4463,México,—,Bronce,False,True,True,0,0,0.0,2,1,6,True
4464,México,—,Bronce,False,True,True,1,0,0.0,14,1,6,True
4465,Colombia,Cartagena,Bronce,True,False,False,0,0,0.0,40,0,10,True
4466,Ecuador,—,Bronce,True,False,True,1,0,0.0,10,5,9,True
4467,México,—,Bronce,False,False,True,0,0,0.0,3,13,8,False
4468,Perú,—,Bronce,False,True,False,0,0,0.0,36,8,8,False
4469,Colombia,Bogotá D.C.,Bronce,True,False,True,0,0,0.0,35,3,7,True
4470,Colombia,Bogotá D.C.,Plata,True,False,True,10,7,4357.0,82,13,10,False
4471,Colombia,Otras ciudades,Bronce,True,False,False,0,0,0.0,25,0,9,True
4472,Perú,—,Bronce,False,False,True,0,0,0.0,50,3,10,True
4473,Colombia,Ibagué,Bronce,True,False,True,0,0,0.0,33,5,8,True
4474,Colombia,Bogotá D.C.,Bronce,False,False,True,2,1,451.0,13,9,5,False
4475,México,—,Bronce,False,False,True,1,0,0.0,9,7,8,False
4476,México,—,Bronce,True,False,False,3,2,985.0,42,20,10,False
4477,Colombia,Cúcuta,Bronce,False,True,True,4,3,1831.0,39,0,7,True
4478,México,—,Bronce,False,False,True,5,4,2867.0,25,2,8,True
4479,Colombia,Villavicencio,Bronce,True,False,False,2,1,457.0,20,1,8,True
4480,Colombia,Medellín,Bronce,True,False,False,0,0,0.0,5,4,7,True
4481,Ecuador,—,Oro,False,False,True,25,22,6816.0,4,9,7,False
4482,Colombia,Medellín,Bronce,True,False,True,0,0,0.0,27,2,8,True
4483,Colombia,Bogotá D.C.,Bronce,False,False,True,1,0,0.0,37,7,7,False
4484,México,—,Bronce,True,True,True,2,1,563.0,17,10,8,False
4485,Ecuador,—,Bronce,False,False,True,4,2,1322.0,22,8,10,False
4486,Colombia,Otras ciudades,Bronce,False,False,True,1,0,0.0,14,3,8,True
4487,México,—,Bronce,False,False,False,0,0,0.0,21,1,7,True
4488,Perú,—,Bronce,True,True,True,0,0,0.0,54,7,9,False
4489,México,—,Bronce,False,False,False,0,0,0.0,13,11,3,False
4490,México,—,Bronce,True,False,True,5,3,1211.0,37,11,6,False
4491,Colombia,Medellín,Bronce,False,False,True,0,0,0.0,30,2,4,True
4492,México,—,Bronce,False,False,True,1,0,0.0,42,8,10,False
4493,Ecuador,—,Bronce,True,False,True,1,0,0.0,19,8,10,False
4494,Colombia,Bogotá D.C.,Bronce,True,False,False,6,4,1579.0,53,12,8,False
4495,Colombia,Bogotá D.C.,Bronce,False,False,False,7,6,2631.0,12,3,9,True
4496,Perú,—,Plata,False,False,True,24,19,4988.0,42,2,7,True
4497,Colombia,Cúcuta,Bronce,True,False,True,7,6,3438.0,64,15,9,False
4498,Colombia,Manizales,Plata,False,True,True,13,8,3225.0,12,2,9,True
4499,Colombia,Bogotá D.C.,Bronce,True,False,True,2,1,381.0,21,10,8,False
4500,Colombia,Barranquilla,Platino,True,True,True,110,96,44779.0,8,9,7,False
4501,Ecuador,—,Bronce,False,False,False,1,0,0.0,5,9,10,False
4502,Colombia,Medellín,Bronce,False,False,False,4,2,1380.0,26,0,9,True
4503,Colombia,Ibagué,Bronce,False,False,False,0,0,0.0,12,2,5,True
4504,Colombia,Otras ciudades,Bronce,True,False,True,0,0,0.0,1,6,8,True
4505,Colombia,Bogotá D.C.,Bronce,False,False,False,1,0,0.0,15,5,7,True
4506,México,—,Bronce,False,False,False,0,0,0.0,17,1,7,True
4507,Colombia,Ibagué,Bronce,False,True,False,0,0,0.0,28,8,10,False
4508,Colombia,Bogotá D.C.,Bronce,False,False,False,3,2,1228.0,119,6,10,True
4509,Colombia,Bogotá D.C.,Bronce,True,False,True,0,0,0.0,37,10,10,False
4510,México,—,Bronce,False,False,True,3,2,603.0,20,1,8,True
4511,Colombia,Otras ciudades,Bronce,False,False,True,0,0,0.0,14,2,7,True
4512,Chile,—,Bronce,False,False,True,3,2,898.0,2,3,10,True
4513,Colombia,Cali,Plata,False,False,True,9,8,3299.0,36,1,6,True
4514,Colombia,Bogotá D.C.,Bronce,True,False,True,0,0,0.0,14,0,9,True
4515,Colombia,Pereira,Bronce,False,False,True,2,1,552.0,48,4,8,True
4516,Colombia,Santa Marta,Oro,False,True,True,34,26,12354.0,23,6,5,True
4517,Colombia,Medellín,Bronce,True,True,True,0,0,0.0,20,1,5,True
4518,Colombia,Cartagena,Bronce,False,False,True,1,0,0.0,6,5,6,True
4519,Colombia,Medellín,Bronce,False,True,False,3,1,597.0,7,1,10,True
4520,México,—,Bronce,True,False,True,3,2,707.0,29,0,7,True
4521,Ecuador,—,Bronce,False,False,True,0,0,0.0,72,5,7,True
4522,Colombia,Santa Marta,Plata,False,False,True,17,11,6580.0,14,6,8,True
4523,Colombia,Bogotá D.C.,Bronce,True,True,True,1,0,0.0,116,2,10,True
4524,Ecuador,—,Bronce,False,True,False,1,0,0.0,37,7,6,False
4525,Colombia,Bogotá D.C.,Bronce,False,False,True,0,0,0.0,55,5,5,True
4526,Perú,—,Plata,False,False,True,12,10,5467.0,11,1,6,True
4527,Perú,—,Bronce,True,False,True,3,2,1277.0,8,2,7,True
4528,Ecuador,—,Plata,True,False,True,8,5,2381.0,4,0,5,True
4529,Colombia,Bogotá D.C.,Oro,False,False,True,35,28,10428.0,40,3,9,True
4530,Colombia,Manizales,Plata,False,True,True,22,15,6424.0,10,0,7,True
4531,Perú,—,Bronce,False,False,True,6,4,2026.0,43,2,10,True
4532,Colombia,Otras ciudades,Bronce,True,True,True,0,0,0.0,27,25,10,False
4533,México,—,Bronce,False,False,True,1,0,0.0,26,1,4,True
4534,México,—,Bronce,True,False,False,5,3,1265.0,6,15,6,False
4535,Colombia,Villavicencio,Bronce,False,False,True,0,0,0.0,19,0,8,True
4536,Colombia,Bogotá D.C.,Bronce,True,False,True,0,0,0.0,16,5,9,True
4537,Colombia,Bogotá D.C.,Bronce,False,True,True,0,0,0.0,52,5,6,True
4538,México,—,Bronce,False,True,True,3,2,508.0,12,3,8,True
4539,México,—,Bronce,False,False,True,3,1,272.0,36,6,7,True
4540,Colombia,Barranquilla,Oro,False,False,True,28,23,8634.0,31,3,10,True
4541,Colombia,Cartagena,Bronce,True,True,True,7,5,1414.0,19,1,9,True
4542,Colombia,Pereira,Bronce,True,True,True,2,1,540.0,21,5,7,True
4543,Colombia,Cali,Bronce,True,True,True,5,4,2353.0,20,10,8,False
4544,Colombia,Ibagué,Bronce,False,True,True,0,0,0.0,26,4,6,True
4545,Colombia,Medellín,Bronce,True,False,True,0,0,0.0,28,6,8,True
4546,Colombia,Bucaramanga,Oro,False,True,True,25,20,12292.0,19,3,8,True
4547,México,—,Bronce,False,True,False,4,2,893.0,25,5,8,True
4548,Perú,—,Plata,True,False,True,12,10,5683.0,9,3,6,True
4549,Colombia,Medellín,Bronce,False,False,True,6,4,1826.0,7,7,10,False
4550,Ecuador,—,Bronce,False,False,True,0,0,0.0,81,1,5,True
4551,México,—,Bronce,False,False,True,5,3,1278.0,3,1,7,True
4552,Colombia,Popayán,Bronce,True,False,True,7,4,2450.0,1,4,8,True
4553,México,—,Bronce,True,True,True,1,0,0.0,12,4,5,True
4554,Colombia,Bogotá D.C.,Bronce,False,False,False,0,0,0.0,78,6,10,True
4555,Colombia,Cali,Bronce,False,True,False,1,0,0.0,44,5,4,True
4556,Perú,—,Bronce,True,False,True,3,2,940.0,14,19,6,False
4557,Colombia,Bucaramanga,Bronce,True,False,True,0,0,0.0,27,4,9,True
4558,Perú,—,Bronce,True,False,True,0,0,0.0,29,2,5,True
4559,Uruguay,—,Bronce,False,False,True,2,1,563.0,11,16,5,False
4560,Colombia,Manizales,Bronce,False,False,True,4,3,1055.0,8,2,7,True
4561,Colombia,Cali,Plata,False,False,False,12,11,3566.0,33,6,6,True
4562,México,—,Bronce,False,False,True,1,0,0.0,71,4,9,True
4563,Perú,—,Plata,True,True,True,19,15,7889.0,28,2,5,True
4564,Colombia,Bogotá D.C.,Bronce,False,False,False,0,0,0.0,51,0,5,True
4565,Ecuador,—,Oro,False,True,True,56,32,18367.0,25,10,7,False
4566,Colombia,Bogotá D.C.,Bronce,True,False,True,0,0,0.0,13,1,7,True
4567,Colombia,Medellín,Bronce,True,False,True,0,0,0.0,13,8,4,False
4568,Ecuador,—,Bronce,True,True,True,1,0,0.0,37,4,7,True
4569,México,—,Bronce,False,False,False,0,0,0.0,31,0,8,True
4570,México,—,Plata,False,False,True,23,15,7038.0,15,7,3,False
4571,México,—,Bronce,False,False,False,0,0,0.0,31,5,4,True
4572,Colombia,Bogotá D.C.,Oro,True,True,True,57,35,17196.0,42,25,9,False
4573,Ecuador,—,Bronce,False,False,True,3,1,617.0,38,0,10,True
4574,México,—,Bronce,True,True,True,0,0,0.0,33,5,6,True
4575,Colombia,Medellín,Bronce,False,False,False,1,0,0.0,18,6,9,True
4576,Ecuador,—,Bronce,False,False,True,5,4,2761.0,6,11,5,False
4577,Colombia,Cali,Bronce,False,False,True,0,0,0.0,36,16,9,False
4578,Ecuador,—,Bronce,True,False,True,0,0,0.0,5,16,8,False
4579,México,—,Bronce,False,False,True,0,0,0.0,29,9,7,False
4580,Ecuador,—,Plata,True,False,True,11,6,2204.0,33,3,2,True
4581,Colombia,Medellín,Bronce,False,True,True,0,0,0.0,5,3,7,True
4582,Chile,—,Bronce,False,True,True,4,3,1163.0,23,2,6,True
4583,México,—,Bronce,True,False,True,0,0,0.0,27,14,7,False
4584,Colombia,Bogotá D.C.,Bronce,False,True,True,0,0,0.0,9,3,10,True
4585,Ecuador,—,Bronce,False,False,True,1,0,0.0,38,5,8,True
4586,Colombia,Bogotá D.C.,Bronce,False,False,True,1,0,0.0,37,1,7,True
4587,Colombia,Bogotá D.C.,Bronce,False,False,True,0,0,0.0,17,9,5,False
4588,Colombia,Cartagena,Bronce,True,False,True,1,0,0.0,34,2,10,True
4589,Colombia,Bogotá D.C.,Bronce,True,False,True,3,2,1045.0,6,1,8,True
4590,Colombia,Bogotá D.C.,Bronce,False,False,True,0,0,0.0,29,0,10,True
4591,Colombia,Cali,Bronce,True,False,True,6,4,2671.0,12,2,10,True
4592,México,—,Bronce,True,True,True,1,0,0.0,21,17,10,False
4593,Colombia,Ibagué,Bronce,False,False,False,0,0,0.0,24,1,9,True
4594,Colombia,Bogotá D.C.,Bronce,False,False,True,5,4,2200.0,8,5,6,True
4595,México,—,Bronce,False,False,True,2,1,347.0,31,0,9,True
4596,Colombia,Bucaramanga,Bronce,True,False,True,0,0,0.0,12,5,7,True
4597,Colombia,Cali,Bronce,True,True,True,0,0,0.0,27,0,8,True
4598,México,—,Bronce,True,False,True,0,0,0.0,12,6,6,True
4599,Colombia,Medellín,Bronce,False,True,False,1,0,0.0,37,4,6,True
4600,Chile,—,Bronce,False,False,True,0,0,0.0,12,15,9,False
4601,Ecuador,—,Bronce,True,False,False,2,1,501.0,83,15,7,False
4602,México,—,Bronce,False,True,True,1,0,0.0,28,11,9,False
4603,Colombia,Pereira,Bronce,False,True,False,3,2,559.0,33,8,8,False
4604,Chile,—,Oro,True,False,True,34,28,16457.0,67,3,8,True
4605,Colombia,Cartagena,Bronce,True,False,True,2,1,406.0,16,8,10,False
4606,Perú,—,Bronce,True,False,True,0,0,0.0,20,0,7,True
4607,Colombia,Bogotá D.C.,Bronce,True,False,True,6,3,1344.0,22,1,9,True
4608,Colombia,Cartagena,Bronce,True,True,True,3,2,1124.0,31,2,8,True
4609,Ecuador,—,Bronce,False,False,True,4,2,769.0,11,3,4,True
4610,Colombia,Bogotá D.C.,Bronce,False,False,False,2,1,592.0,60,4,10,True
4611,México,—,Plata,True,False,False,8,4,2092.0,26,4,8,True
4612,Colombia,Pereira,Bronce,True,False,True,0,0,0.0,9,7,10,False
4613,México,—,Bronce,False,True,True,0,0,0.0,119,11,8,False
4614,Colombia,Villavicencio,Bronce,False,True,True,3,2,1079.0,29,6,7,True
4615,Colombia,Otras ciudades,Bronce,False,False,True,1,0,0.0,22,2,5,True
4616,Colombia,Barranquilla,Bronce,False,False,True,3,2,1140.0,49,0,5,True
4617,México,—,Bronce,False,True,True,1,0,0.0,43,2,7,True
4618,Colombia,Barranquilla,Bronce,False,True,True,1,0,0.0,30,2,5,True
4619,Colombia,Bogotá D.C.,Bronce,False,False,True,2,1,633.0,9,3,9,True
4620,Colombia,Medellín,Bronce,False,False,True,3,1,693.0,23,0,6,True
4621,Colombia,Medellín,Plata,False,False,True,8,5,2523.0,14,3,5,True
4622,Ecuador,—,Plata,True,True,True,15,8,3733.0,7,3,7,True
4623,Colombia,Medellín,Plata,False,False,True,15,10,5816.0,31,17,7,False
4624,Colombia,Otras ciudades,Bronce,True,True,True,2,1,541.0,2,1,3,True
4625,Colombia,Medellín,Bronce,False,False,True,1,0,0.0,31,6,6,True
4626,Colombia,Otras ciudades,Plata,True,False,False,8,5,2924.0,13,1,10,True
4627,Colombia,Bogotá D.C.,Plata,True,False,True,8,5,2372.0,65,10,6,False
4628,México,—,Bronce,False,False,True,6,4,2209.0,21,8,8,False
4629,Perú,—,Bronce,False,False,True,1,0,0.0,6,17,5,False
4630,México,—,Bronce,True,False,False,1,0,0.0,46,6,10,True
4631,Colombia,Bogotá D.C.,Bronce,False,False,True,1,0,0.0,17,1,5,True
4632,México,—,Bronce,False,False,True,0,0,0.0,42,7,10,False
4633,Chile,—,Bronce,False,False,True,0,0,0.0,5,10,7,False
4634,Colombia,Ibagué,Bronce,False,False,True,2,1,371.0,17,2,6,True
4635,Colombia,Barranquilla,Plata,False,True,True,8,7,2774.0,38,5,7,True
4636,Colombia,Otras ciudades,Bronce,True,True,True,0,0,0.0,30,2,10,True
4637,Colombia,Barranquilla,Bronce,False,True,True,0,0,0.0,74,4,7,True
4638,México,—,Bronce,False,False,True,0,0,0.0,26,5,6,True
4639,Colombia,Otras ciudades,Bronce,True,False,True,2,1,485.0,5,6,8,True
4640,Ecuador,—,Plata,False,True,True,11,9,3911.0,27,12,8,False
4641,México,—,Bronce,True,False,True,0,0,0.0,72,2,7,True
4642,Ecuador,—,Bronce,True,False,True,0,0,0.0,18,2,10,True
4643,Colombia,Bucaramanga,Bronce,False,False,True,0,0,0.0,58,3,6,True
4644,Colombia,Bogotá D.C.,Bronce,False,False,False,5,2,906.0,13,12,10,False
4645,Colombia,Montería,Plata,False,False,True,20,17,6145.0,93,3,7,True
4646,Colombia,Bogotá D.C.,Plata,False,False,False,8,7,4377.0,19,4,7,True
4647,Colombia,Bucaramanga,Bronce,True,True,True,1,0,0.0,50,5,8,True
4648,Ecuador,—,Bronce,True,True,True,1,0,0.0,28,11,6,False
4649,Colombia,Otras ciudades,Plata,False,False,True,9,8,2514.0,18,1,10,True
4650,México,—,Bronce,False,False,False,0,0,0.0,14,6,6,True
4651,Perú,—,Bronce,True,False,True,1,0,0.0,20,6,5,True
4652,Uruguay,—,Bronce,False,False,True,1,0,0.0,6,1,6,True
4653,México,—,Plata,True,False,False,9,6,2608.0,76,16,5,False
4654,México,—,Bronce,True,True,True,4,2,1102.0,17,3,8,True
4655,México,—,Plata,True,False,True,10,6,1786.0,1,4,7,True
4656,Uruguay,—,Bronce,False,False,True,2,1,553.0,30,5,10,True
4657,Perú,—,Plata,True,False,True,9,5,2518.0,86,4,9,True
4658,Colombia,Bogotá D.C.,Oro,False,True,False,25,18,8261.0,16,8,5,False
4659,Ecuador,—,Plata,False,True,True,14,10,6251.0,71,2,5,True
4660,Colombia,Bogotá D.C.,Bronce,False,True,True,0,0,0.0,3,5,9,True
4661,Uruguay,—,Bronce,False,True,False,0,0,0.0,15,8,6,False
4662,Chile,—,Bronce,False,False,False,2,1,456.0,41,11,7,False
4663,Colombia,Cúcuta,Oro,False,False,False,27,19,11899.0,54,4,7,True
4664,Ecuador,—,Bronce,True,False,True,0,0,0.0,14,1,10,True
4665,Colombia,Otras ciudades,Plata,False,False,True,11,8,2468.0,34,8,4,False
4666,México,—,Bronce,True,False,True,0,0,0.0,26,5,9,True
4667,Colombia,Bucaramanga,Bronce,False,False,False,0,0,0.0,21,2,6,True
4668,Perú,—,Bronce,False,True,True,0,0,0.0,39,5,3,True
4669,Colombia,Cartagena,Bronce,False,False,True,0,0,0.0,19,24,6,False
4670,Colombia,Cali,Bronce,True,False,True,0,0,0.0,13,1,6,True
4671,Perú,—,Bronce,True,False,True,0,0,0.0,64,3,10,True
4672,Colombia,Medellín,Bronce,True,False,False,2,1,403.0,35,1,10,True
4673,Colombia,Sincelejo,Bronce,False,False,True,7,5,1797.0,40,2,9,True
4674,Colombia,Bogotá D.C.,Bronce,True,False,True,1,0,0.0,12,4,5,True
4675,Colombia,Cali,Bronce,False,False,True,6,3,1793.0,16,6,9,True
4676,Colombia,Neiva,Bronce,False,False,True,0,0,0.0,70,12,10,False
4677,Chile,—,Bronce,False,False,True,7,4,2399.0,3,22,8,False
4678,Colombia,Santa Marta,Plata,True,False,False,8,5,2194.0,33,8,6,False
4679,Colombia,Bogotá D.C.,Bronce,False,False,False,4,2,1125.0,26,10,5,False
4680,México,—,Bronce,False,False,False,5,4,1771.0,39,12,7,False
4681,Colombia,Cali,Bronce,False,True,True,4,2,1409.0,31,4,6,True
4682,Colombia,Bogotá D.C.,Bronce,True,False,False,1,0,0.0,8,3,9,True
4683,Colombia,Sincelejo,Bronce,False,False,True,1,0,0.0,35,8,9,False
4684,Ecuador,—,Bronce,True,False,False,3,2,884.0,9,1,7,True
4685,Perú,—,Bronce,False,False,True,0,0,0.0,54,17,9,False
4686,Colombia,Bogotá D.C.,Bronce,False,True,False,0,0,0.0,13,13,8,False
4687,Perú,—,Bronce,False,False,True,2,1,490.0,19,9,7,False
4688,México,—,Bronce,True,False,True,0,0,0.0,59,16,6,False
4689,Colombia,Cartagena,Bronce,False,False,True,1,0,0.0,31,8,5,False
4690,Colombia,Medellín,Bronce,False,False,True,4,2,1429.0,43,16,8,False
4691,Colombia,Bogotá D.C.,Bronce,False,False,True,0,0,0.0,4,9,7,False
4692,Perú,—,Bronce,False,False,True,1,0,0.0,56,0,6,True
4693,México,—,Bronce,False,True,False,1,0,0.0,34,1,9,True
4694,Colombia,Manizales,Bronce,False,False,False,0,0,0.0,13,19,6,False
4695,Colombia,Manizales,Bronce,False,True,False,2,1,371.0,19,4,7,True
4696,México,—,Bronce,False,True,False,2,1,338.0,36,10,9,False
4697,Colombia,Cartagena,Bronce,False,True,True,4,3,1005.0,6,5,10,True
4698,Colombia,Bogotá D.C.,Bronce,True,False,False,0,0,0.0,34,8,10,False
4699,México,—,Bronce,True,False,True,3,2,944.0,36,6,8,True
4700,Ecuador,—,Oro,False,False,True,40,29,14824.0,66,10,8,False
4701,Colombia,Bogotá D.C.,Bronce,False,False,True,1,0,0.0,9,2,4,True
4702,Colombia,Medellín,Bronce,False,False,True,2,1,363.0,2,1,8,True
4703,México,—,Bronce,True,True,True,5,3,1937.0,28,2,10,True
4704,Colombia,Medellín,Bronce,True,True,True,3,1,344.0,18,13,8,False
4705,Ecuador,—,Bronce,True,False,True,2,1,606.0,6,6,5,True
4706,Ecuador,—,Bronce,True,False,True,4,2,1190.0,16,1,10,True
4707,Colombia,Medellín,Bronce,True,False,True,7,5,1664.0,8,3,6,True
4708,Colombia,Bogotá D.C.,Bronce,True,False,True,3,2,1004.0,45,6,8,True
4709,México,—,Bronce,False,False,True,1,0,0.0,21,1,9,True
4710,Colombia,Cali,Bronce,False,False,True,1,0,0.0,23,1,8,True
4711,Colombia,Sincelejo,Bronce,True,False,True,0,0,0.0,22,9,10,False
4712,Colombia,Villavicencio,Bronce,True,False,True,4,2,1195.0,48,7,5,False
4713,México,—,Bronce,False,True,True,1,0,0.0,8,4,9,True
4714,México,—,Oro,False,False,True,37,33,12607.0,35,3,8,True
4715,México,—,Bronce,False,False,True,0,0,0.0,7,4,6,True
4716,Colombia,Medellín,Plata,False,False,True,10,8,3505.0,15,2,7,True
4717,México,—,Bronce,True,False,True,3,1,493.0,3,5,5,True
4718,Colombia,Bogotá D.C.,Bronce,False,False,False,0,0,0.0,14,1,7,True
4719,México,—,Bronce,True,True,True,1,0,0.0,5,0,9,True
4720,Colombia,Bogotá D.C.,Bronce,True,False,True,5,3,1169.0,53,3,10,True
4721,Colombia,Otras ciudades,Oro,False,False,True,25,18,8937.0,33,5,10,True
4722,México,—,Plata,True,False,True,12,10,5082.0,22,12,9,False
4723,Colombia,Sincelejo,Bronce,True,False,True,0,0,0.0,7,0,5,True
4724,Chile,—,Bronce,True,False,True,2,1,379.0,27,3,6,True
4725,Uruguay,—,Bronce,True,False,True,2,1,507.0,10,1,7,True
4726,Colombia,Bogotá D.C.,Bronce,True,False,True,1,0,0.0,19,1,6,True
4727,Colombia,Cali,Bronce,True,False,False,0,0,0.0,59,4,5,True
4728,Perú,—,Bronce,False,True,True,0,0,0.0,36,13,7,False
4729,México,—,Bronce,False,False,False,1,0,0.0,27,5,8,True
4730,Colombia,Barranquilla,Bronce,False,False,True,2,1,254.0,29,17,10,False
4731,Colombia,Cali,Bronce,True,True,True,0,0,0.0,145,0,8,True
4732,México,—,Bronce,True,False,True,1,0,0.0,39,1,5,True
4733,Colombia,Bogotá D.C.,Bronce,False,False,True,0,0,0.0,6,6,10,True
4734,Colombia,Medellín,Oro,False,False,True,36,24,11676.0,20,12,7,False
4735,Ecuador,—,Bronce,True,False,True,0,0,0.0,49,8,3,False
4736,México,—,Bronce,True,True,True,0,0,0.0,13,3,8,True
4737,Colombia,Armenia,Bronce,False,True,True,0,0,0.0,50,0,5,True
4738,Colombia,Medellín,Bronce,True,False,False,7,4,3290.0,2,11,6,False
4739,Perú,—,Bronce,False,True,True,3,2,1067.0,28,16,8,False
4740,Colombia,Cartagena,Plata,True,False,True,11,6,2818.0,20,7,5,False
4741,México,—,Bronce,False,False,True,0,0,0.0,78,12,3,False
4742,Colombia,Cartagena,Plata,True,False,True,11,8,4207.0,11,7,6,False
4743,Colombia,Cali,Bronce,False,False,True,1,0,0.0,15,0,9,True
4744,Colombia,Otras ciudades,Bronce,True,False,True,0,0,0.0,54,0,6,True
4745,Colombia,Medellín,Bronce,False,False,True,0,0,0.0,22,2,10,True
4746,Colombia,Bogotá D.C.,Bronce,True,False,True,3,2,1435.0,25,1,7,True
4747,Colombia,Bogotá D.C.,Bronce,True,False,False,3,2,1262.0,21,12,6,False
4748,Colombia,Popayán,Bronce,True,False,True,7,4,2101.0,18,1,10,True
4749,Colombia,Bogotá D.C.,Oro,False,False,False,30,28,14889.0,42,24,9,False
4750,Colombia,Valledupar,Bronce,False,False,True,0,0,0.0,63,21,9,False
4751,México,—,Plata,False,False,True,11,7,4828.0,12,7,10,False
4752,Colombia,Cali,Plata,False,False,True,13,7,2821.0,4,1,9,True
4753,Ecuador,—,Bronce,False,False,True,0,0,0.0,18,17,8,False
4754,Colombia,Bucaramanga,Bronce,False,True,False,2,1,396.0,27,12,6,False
4755,Colombia,Bucaramanga,Bronce,True,False,True,0,0,0.0,24,17,10,False
4756,México,—,Bronce,False,True,True,0,0,0.0,49,5,9,True
4757,México,—,Bronce,True,False,True,0,0,0.0,48,4,9,True
4758,Ecuador,—,Bronce,True,False,True,4,2,695.0,19,3,6,True
4759,México,—,Bronce,True,False,True,3,2,1196.0,79,13,5,False
4760,Colombia,Ibagué,Bronce,False,True,True,4,3,1229.0,17,6,10,True
4761,Colombia,Medellín,Bronce,False,True,False,1,0,0.0,31,1,8,True
4762,Ecuador,—,Bronce,False,True,True,2,1,491.0,31,11,1,False
4763,Colombia,Valledupar,Bronce,True,True,True,0,0,0.0,4,0,10,True
4764,México,—,Plata,False,False,True,11,9,5063.0,71,1,9,True
4765,Colombia,Bogotá D.C.,Bronce,False,False,True,0,0,0.0,77,4,6,True
4766,Perú,—,Bronce,False,False,True,0,0,0.0,98,15,7,False
4767,Colombia,Cali,Bronce,True,False,True,1,0,0.0,8,1,10,True
4768,Colombia,Bucaramanga,Bronce,True,False,True,4,3,731.0,26,12,8,False
4769,Colombia,Bogotá D.C.,Bronce,False,True,True,0,0,0.0,17,25,9,False
4770,Ecuador,—,Bronce,False,False,True,2,1,497.0,18,9,1,False
4771,Colombia,Otras ciudades,Bronce,False,True,True,0,0,0.0,21,2,6,True
4772,Colombia,Cali,Bronce,False,True,True,1,0,0.0,35,7,8,False
4773,Colombia,Cali,Bronce,False,True,True,0,0,0.0,16,9,9,False
4774,Colombia,Medellín,Bronce,True,True,True,3,2,1435.0,10,13,9,False
4775,Chile,—,Bronce,True,True,True,3,2,769.0,103,7,8,False
4776,Colombia,Bogotá D.C.,Plata,False,False,True,8,6,3417.0,33,8,1,False
4777,Colombia,Otras ciudades,Bronce,False,True,True,1,0,0.0,19,1,5,True
4778,Colombia,Otras ciudades,Bronce,True,False,True,0,0,0.0,17,7,10,False
4779,Ecuador,—,Bronce,False,True,True,1,0,0.0,16,10,6,False
4780,Colombia,Bogotá D.C.,Bronce,False,False,False,5,3,1587.0,63,2,7,True
4781,Perú,—,Bronce,True,False,True,5,4,2421.0,40,4,8,True
4782,Colombia,Barranquilla,Bronce,False,False,True,2,1,414.0,34,6,4,True
4783,Colombia,Medellín,Bronce,False,False,True,0,0,0.0,5,5,6,True
4784,Colombia,Barranquilla,Plata,True,False,True,8,6,2842.0,48,9,6,False
4785,Colombia,Villavicencio,Bronce,True,True,True,1,0,0.0,18,1,7,True
4786,Colombia,Montería,Bronce,True,True,True,0,0,0.0,28,4,9,True
4787,Colombia,Bogotá D.C.,Bronce,False,True,True,0,0,0.0,63,12,8,False
4788,Perú,—,Plata,True,True,True,18,12,7252.0,18,1,10,True
4789,México,—,Bronce,True,True,True,0,0,0.0,8,3,6,True
4790,Colombia,Bogotá D.C.,Bronce,False,False,True,1,0,0.0,41,8,8,False
4791,Colombia,Otras ciudades,Oro,False,False,True,30,27,15564.0,5,1,5,True
4792,Colombia,Cúcuta,Bronce,False,False,True,0,0,0.0,8,3,10,True
4793,México,—,Bronce,True,False,True,1,0,0.0,37,3,4,True
4794,Colombia,Otras ciudades,Bronce,False,False,True,0,0,0.0,25,3,8,True
4795,México,—,Bronce,False,False,True,0,0,0.0,64,7,7,False
4796,México,—,Bronce,True,False,True,0,0,0.0,35,3,7,True
4797,Colombia,Bogotá D.C.,Bronce,True,False,True,0,0,0.0,28,3,8,True
4798,Ecuador,—,Bronce,True,True,False,2,1,530.0,51,5,7,True
4799,México,—,Bronce,False,False,True,0,0,0.0,68,12,8,False
4800,México,—,Bronce,True,True,True,0,0,0.0,20,3,8,True
4801,Colombia,Manizales,Bronce,False,True,False,0,0,0.0,20,6,5,True
4802,Colombia,Bogotá D.C.,Bronce,False,True,True,0,0,0.0,36,3,6,True
4803,México,—,Bronce,True,True,True,1,0,0.0,15,7,7,False
4804,México,—,Plata,True,True,True,13,12,7800.0,84,8,8,False
4805,México,—,Bronce,True,False,False,0,0,0.0,29,1,5,True
4806,Colombia,Barranquilla,Bronce,False,False,True,4,2,1090.0,18,2,5,True
4807,Colombia,Cartagena,Bronce,False,False,True,2,1,502.0,8,3,7,True
4808,Perú,—,Bronce,False,False,True,4,3,1754.0,15,5,9,True
4809,Colombia,Armenia,Bronce,True,False,True,2,1,425.0,25,7,1,False
4810,Colombia,Bogotá D.C.,Bronce,False,True,True,0,0,0.0,23,4,10,True
4811,Colombia,Bogotá D.C.,Bronce,True,True,True,0,0,0.0,29,0,6,True
4812,Colombia,Medellín,Plata,True,False,True,20,18,7936.0,34,0,8,True
4813,Colombia,Bogotá D.C.,Bronce,False,True,True,6,4,2065.0,40,7,7,False
4814,Colombia,Bogotá D.C.,Bronce,True,False,False,4,3,1372.0,30,7,7,False
4815,Colombia,Cali,Bronce,True,False,True,0,0,0.0,13,1,7,True
4816,Colombia,Bucaramanga,Plata,False,False,True,16,10,3883.0,32,7,8,False
4817,México,—,Bronce,False,True,True,1,0,0.0,17,0,8,True
4818,México,—,Bronce,False,False,False,2,1,630.0,16,26,4,False
4819,Colombia,Bogotá D.C.,Plata,True,True,True,15,9,3344.0,7,0,4,True
4820,Colombia,Otras ciudades,Bronce,False,True,True,0,0,0.0,22,4,10,True
4821,México,—,Bronce,True,True,True,5,3,1358.0,10,9,2,False
4822,Colombia,Pereira,Bronce,False,False,True,6,4,1724.0,5,2,9,True
4823,Colombia,Bucaramanga,Bronce,True,False,False,0,0,0.0,52,25,7,False
4824,Colombia,Cali,Bronce,True,True,True,0,0,0.0,59,10,3,False
4825,Colombia,Cartagena,Bronce,False,False,False,3,2,771.0,11,3,6,True
4826,Ecuador,—,Bronce,False,True,True,0,0,0.0,2,1,8,True
4827,Colombia,Santa Marta,Bronce,True,False,True,0,0,0.0,60,12,8,False
4828,México,—,Plata,True,False,True,13,11,5073.0,17,4,7,True
4829,Colombia,Bucaramanga,Bronce,False,False,True,0,0,0.0,10,20,7,False
4830,Uruguay,—,Bronce,False,False,True,1,0,0.0,33,8,10,False
4831,Perú,—,Bronce,True,True,True,0,0,0.0,51,3,4,True
4832,Colombia,Barranquilla,Bronce,False,False,True,1,0,0.0,20,0,6,True
4833,Perú,—,Bronce,True,False,False,2,1,692.0,14,11,5,False
4834,Ecuador,—,Bronce,True,True,True,3,2,1409.0,19,4,10,True
4835,Colombia,Bogotá D.C.,Bronce,True,False,True,1,0,0.0,28,2,10,True
4836,Colombia,Bucaramanga,Bronce,True,True,True,2,1,437.0,22,4,10,True
4837,Colombia,Pereira,Bronce,True,False,True,1,0,0.0,18,16,6,False
4838,Perú,—,Bronce,True,False,True,2,1,483.0,49,19,10,False
4839,Uruguay,—,Bronce,True,False,False,4,3,1825.0,28,5,10,True
4840,Colombia,Bucaramanga,Bronce,True,False,True,1,0,0.0,22,1,6,True
4841,México,—,Bronce,True,False,False,0,0,0.0,29,16,5,False
4842,Colombia,Pasto,Bronce,True,False,True,2,1,548.0,20,7,9,False
4843,Colombia,Armenia,Bronce,True,True,True,6,4,2058.0,35,7,4,False
4844,México,—,Bronce,False,False,True,0,0,0.0,17,4,8,True
4845,Colombia,Medellín,Bronce,False,False,True,0,0,0.0,44,7,6,False
4846,Colombia,Barranquilla,Bronce,False,False,True,1,0,0.0,19,7,9,False
4847,Perú,—,Plata,True,False,True,20,14,7142.0,19,12,7,False
4848,Colombia,Bogotá D.C.,Bronce,False,False,True,1,0,0.0,35,1,7,True
4849,Colombia,Bogotá D.C.,Plata,True,False,True,11,9,4817.0,23,7,7,False
4850,Colombia,Bogotá D.C.,Bronce,False,False,False,2,1,434.0,22,3,10,True
4851,Chile,—,Plata,False,False,True,24,15,5925.0,16,1,7,True
4852,Chile,—,Bronce,True,False,True,1,0,0.0,39,5,9,True
4853,México,—,Bronce,True,False,False,0,0,0.0,20,6,5,True
4854,Colombia,Bogotá D.C.,Bronce,True,False,False,0,0,0.0,34,0,9,True
4855,Perú,—,Bronce,True,False,True,1,0,0.0,23,1,6,True
4856,México,—,Bronce,True,True,True,3,2,1127.0,5,7,9,False
4857,Colombia,Bogotá D.C.,Oro,False,False,True,27,18,9911.0,19,29,4,False
4858,Colombia,Sincelejo,Bronce,True,True,True,0,0,0.0,5,3,5,True
4859,Colombia,Neiva,Bronce,True,False,True,5,3,1512.0,48,3,4,True
4860,Colombia,Bogotá D.C.,Bronce,False,True,True,0,0,0.0,16,2,4,True
4861,Colombia,Medellín,Plata,True,False,False,14,9,3865.0,23,23,5,False
4862,Chile,—,Bronce,False,False,True,0,0,0.0,25,13,9,False
4863,Colombia,Bogotá D.C.,Bronce,False,True,True,1,0,0.0,14,2,9,True
4864,Colombia,Pereira,Plata,False,False,True,10,5,2019.0,36,9,7,False
4865,Colombia,Bogotá D.C.,Bronce,False,False,True,0,0,0.0,15,6,6,True
4866,Colombia,Medellín,Bronce,False,False,True,0,0,0.0,28,2,7,True
4867,Uruguay,—,Bronce,True,True,True,4,3,1282.0,2,4,5,True
4868,Colombia,Bogotá D.C.,Bronce,False,False,True,5,4,1891.0,8,7,8,False
4869,Colombia,Medellín,Bronce,False,False,True,0,0,0.0,77,19,6,False
4870,México,—,Bronce,True,False,False,2,1,513.0,26,10,8,False
4871,Ecuador,—,Bronce,False,False,True,1,0,0.0,8,0,10,True
4872,Colombia,Villavicencio,Bronce,False,False,True,1,0,0.0,1,5,5,True
4873,Colombia,Bogotá D.C.,Bronce,False,False,False,6,3,1159.0,18,2,10,True
4874,Colombia,Villavicencio,Plata,True,False,True,12,9,4834.0,39,3,9,True
4875,Colombia,Bogotá D.C.,Bronce,False,False,True,2,1,494.0,36,2,9,True
4876,Ecuador,—,Bronce,True,False,False,0,0,0.0,49,23,2,False
4877,Colombia,Bucaramanga,Bronce,False,False,True,0,0,0.0,12,18,10,False
4878,Colombia,Bogotá D.C.,Bronce,False,False,True,3,2,1110.0,71,1,10,True
4879,México,—,Plata,False,False,True,9,7,3528.0,13,8,6,False
4880,Colombia,Bucaramanga,Bronce,True,False,True,0,0,0.0,12,1,7,True
4881,Colombia,Medellín,Bronce,True,False,True,0,0,0.0,60,0,8,True
4882,Colombia,Bogotá D.C.,Bronce,False,False,True,6,3,1632.0,19,7,6,False
4883,México,—,Bronce,False,False,True,2,1,426.0,18,2,10,True
4884,Ecuador,—,Bronce,False,False,True,0,0,0.0,87,2,9,True
4885,México,—,Bronce,False,False,True,1,0,0.0,73,9,7,False
4886,Colombia,Villavicencio,Bronce,False,False,True,0,0,0.0,36,31,7,False
4887,Colombia,Popayán,Plata,True,True,True,8,7,3280.0,9,2,8,True
4888,Colombia,Cali,Bronce,True,True,True,0,0,0.0,12,2,7,True
4889,Colombia,Bogotá D.C.,Bronce,False,False,True,4,2,1162.0,15,0,4,True
4890,Colombia,Bogotá D.C.,Plata,False,False,True,13,8,3529.0,1,2,9,True
4891,Colombia,Otras ciudades,Bronce,False,False,True,5,3,1730.0,53,21,9,False
4892,Colombia,Medellín,Bronce,False,False,True,0,0,0.0,4,11,10,False
4893,Colombia,Bogotá D.C.,Plata,True,True,True,16,12,5228.0,84,4,7,True
4894,Colombia,Ibagué,Bronce,True,False,True,0,0,0.0,14,5,7,True
4895,México,—,Plata,False,True,True,9,5,3941.0,11,1,2,True
4896,México,—,Bronce,True,False,True,1,0,0.0,27,3,5,True
4897,Colombia,Popayán,Bronce,True,False,True,6,5,3354.0,41,3,7,True
4898,México,—,Bronce,False,False,False,2,1,530.0,4,6,8,True
4899,Colombia,Bucaramanga,Bronce,True,True,False,0,0,0.0,14,11,7,False
4900,Colombia,Bogotá D.C.,Bronce,True,False,False,1,0,0.0,10,3,10,True
4901,México,—,Bronce,True,False,False,0,0,0.0,70,17,8,False
4902,Colombia,Cali,Oro,True,True,True,49,36,17172.0,54,11,9,False
4903,Perú,—,Plata,False,False,True,17,13,5966.0,21,6,9,True
4904,Colombia,Medellín,Bronce,True,False,True,0,0,0.0,43,5,8,True
4905,Colombia,Bogotá D.C.,Bronce,False,True,False,1,0,0.0,28,7,7,False
4906,Colombia,Bogotá D.C.,Bronce,True,False,True,2,1,520.0,24,9,8,False
4907,Colombia,Medellín,Bronce,False,False,True,6,5,1755.0,25,5,7,True
4908,Colombia,Armenia,Bronce,True,False,True,1,0,0.0,51,8,7,False
4909,Colombia,Barranquilla,Bronce,True,True,True,0,0,0.0,39,6,5,True
4910,México,—,Bronce,False,False,False,1,0,0.0,20,5,3,True
4911,Colombia,Otras ciudades,Bronce,True,False,True,2,1,781.0,13,6,8,True
4912,México,—,Bronce,True,True,True,0,0,0.0,27,1,6,True
4913,Colombia,Bucaramanga,Bronce,False,False,True,1,0,0.0,45,10,8,False
4914,Colombia,Otras ciudades,Bronce,False,False,False,0,0,0.0,40,7,8,False
4915,Colombia,Otras ciudades,Plata,False,False,True,14,10,4535.0,5,4,10,True
4916,Colombia,Bogotá D.C.,Bronce,False,False,True,0,0,0.0,8,3,10,True
4917,Ecuador,—,Bronce,False,False,True,2,1,383.0,32,6,5,True
4918,Colombia,Bogotá D.C.,Bronce,False,False,True,5,3,1727.0,27,2,9,True
4919,México,—,Bronce,True,False,True,0,0,0.0,23,2,8,True
4920,México,—,Plata,False,False,True,12,8,4947.0,56,8,10,False
4921,México,—,Bronce,False,False,True,0,0,0.0,55,2,5,True
4922,Uruguay,—,Bronce,False,True,False,0,0,0.0,5,5,10,True
4923,México,—,Bronce,True,False,True,0,0,0.0,1,5,4,True
4924,Colombia,Medellín,Bronce,False,False,True,5,4,1851.0,21,6,9,True
4925,Uruguay,—,Plata,False,False,True,8,7,4458.0,14,0,4,True
4926,Ecuador,—,Bronce,True,False,True,0,0,0.0,11,5,1,True
4927,Colombia,Barranquilla,Bronce,False,False,True,0,0,0.0,40,5,8,True
4928,Colombia,Neiva,Bronce,False,True,True,0,0,0.0,25,4,10,True
4929,Colombia,Bogotá D.C.,Bronce,True,False,True,0,0,0.0,22,1,8,True
4930,México,—,Bronce,False,True,True,5,3,1672.0,40,10,10,False
4931,Colombia,Medellín,Bronce,True,False,True,0,0,0.0,9,3,10,True
4932,Colombia,Pereira,Bronce,True,False,True,7,4,3202.0,80,15,3,False
4933,Colombia,Otras ciudades,Bronce,True,False,False,0,0,0.0,33,2,5,True
4934,Colombia,Bogotá D.C.,Bronce,True,True,False,0,0,0.0,14,1,5,True
4935,Colombia,Cali,Bronce,True,True,True,3,2,967.0,50,3,7,True
4936,Colombia,Armenia,Oro,False,False,True,43,30,8112.0,16,0,9,True
4937,México,—,Bronce,False,False,True,2,1,545.0,39,5,7,True
4938,Ecuador,—,Bronce,False,False,False,1,0,0.0,28,8,9,False
4939,Ecuador,—,Bronce,False,False,True,0,0,0.0,19,14,7,False
4940,Colombia,Pereira,Plata,True,False,False,11,7,5018.0,81,1,5,True
4941,Colombia,Cali,Bronce,True,False,False,2,1,538.0,8,9,9,False
4942,Colombia,Medellín,Plata,False,True,True,8,5,2282.0,5,2,10,True
4943,Colombia,Medellín,Bronce,True,True,True,1,0,0.0,39,6,9,True
4944,Colombia,Bogotá D.C.,Bronce,False,False,True,0,0,0.0,11,2,8,True
4945,Ecuador,—,Bronce,False,False,False,1,0,0.0,41,7,5,False
4946,Colombia,Bogotá D.C.,Bronce,True,False,True,1,0,0.0,30,2,6,True
4947,Colombia,Neiva,Bronce,False,False,False,0,0,0.0,7,2,3,True
4948,Colombia,Otras ciudades,Bronce,False,True,False,1,0,0.0,36,3,7,True
4949,Ecuador,—,Bronce,True,False,True,0,0,0.0,38,2,8,True
4950,Ecuador,—,Plata,False,False,True,8,5,1992.0,13,8,10,False
4951,Colombia,Medellín,Bronce,False,False,True,2,1,448.0,13,2,7,True
4952,Colombia,Otras ciudades,Bronce,False,False,True,0,0,0.0,3,1,7,True
4953,Colombia,Barranquilla,Bronce,False,False,True,7,5,1851.0,24,10,10,False
4954,Chile,—,Plata,False,False,True,11,7,4234.0,20,4,8,True
4955,México,—,Bronce,False,True,False,0,0,0.0,26,1,8,True
4956,Colombia,Bogotá D.C.,Bronce,False,False,True,1,0,0.0,2,10,8,False
4957,Colombia,Bogotá D.C.,Bronce,False,True,True,6,5,1579.0,36,7,3,False
4958,México,—,Bronce,False,False,True,0,0,0.0,57,8,4,False
4959,Colombia,Barranquilla,Bronce,False,False,True,0,0,0.0,25,3,6,True
4960,Colombia,Cali,Bronce,False,False,True,0,0,0.0,44,5,7,True
4961,Colombia,Medellín,Plata,True,True,True,14,8,4020.0,10,2,9,True
4962,Colombia,Pereira,Bronce,False,False,True,0,0,0.0,80,8,5,False
4963,Ecuador,—,Bronce,False,True,True,0,0,0.0,60,6,9,True
4964,Perú,—,Bronce,False,True,True,0,0,0.0,17,3,5,True
4965,México,—,Bronce,True,False,True,0,0,0.0,3,11,9,False
4966,Perú,—,Bronce,False,False,True,0,0,0.0,12,3,8,True
4967,Perú,—,Bronce,False,True,True,4,2,1183.0,41,6,10,True
4968,Colombia,Cúcuta,Bronce,True,True,False,0,0,0.0,37,0,10,True
4969,Colombia,Otras ciudades,Bronce,False,False,True,1,0,0.0,49,10,8,False
4970,Perú,—,Bronce,False,False,True,2,1,492.0,56,5,6,True
4971,Ecuador,—,Bronce,False,True,True,0,0,0.0,30,11,10,False
4972,Colombia,Medellín,Bronce,True,False,True,2,1,556.0,3,2,6,True
4973,Colombia,Manizales,Bronce,True,False,True,0,0,0.0,3,3,7,True
4974,Colombia,Otras ciudades,Bronce,False,False,True,3,2,811.0,16,8,7,False
4975,Ecuador,—,Bronce,False,False,True,0,0,0.0,29,6,7,True
4976,Ecuador,—,Bronce,False,False,True,7,5,4053.0,31,1,8,True
4977,Ecuador,—,Plata,False,True,True,8,5,2325.0,70,12,5,False
4978,Colombia,Bogotá D.C.,Bronce,True,False,True,5,3,1796.0,37,6,7,True
4979,Colombia,Otras ciudades,Bronce,True,False,True,1,0,0.0,22,11,5,False
4980,Colombia,Bogotá D.C.,Bronce,False,True,True,2,1,549.0,7,9,6,False
4981,México,—,Bronce,True,True,True,2,1,448.0,28,10,8,False
4982,Colombia,Armenia,Bronce,False,False,True,3,2,1175.0,24,3,7,True
4983,Colombia,Neiva,Bronce,False,False,True,4,3,1510.0,15,4,7,True
4984,Colombia,Medellín,Bronce,False,False,True,0,0,0.0,5,3,7,True
4985,Colombia,Bucaramanga,Bronce,True,False,True,6,4,2248.0,8,7,5,False
4986,Colombia,Cartagena,Bronce,True,False,True,2,1,689.0,131,13,5,False
4987,Colombia,Pereira,Bronce,False,False,True,0,0,0.0,8,3,10,True
4988,Perú,—,Bronce,True,True,True,1,0,0.0,27,11,10,False
4989,México,—,Bronce,False,False,True,3,1,562.0,49,4,8,True
4990,Colombia,Barranquilla,Bronce,False,False,False,1,0,0.0,29,5,7,True
4991,Ecuador,—,Bronce,True,False,True,4,3,1289.0,6,8,3,False
4992,Colombia,Otras ciudades,Bronce,False,False,False,1,0,0.0,16,3,10,True
4993,Colombia,Medellín,Bronce,True,False,True,2,1,423.0,18,3,7,True
4994,Perú,—,Plata,True,False,True,9,7,2401.0,13,12,10,False
4995,México,—,Bronce,True,False,True,1,0,0.0,34,4,9,True
4996,Colombia,Barranquilla,Plata,True,False,True,13,10,5435.0,3,9,3,False
4997,Perú,—,Bronce,True,False,True,0,0,0.0,48,5,7,True
4998,México,—,Bronce,False,False,True,1,0,0.0,21,4,10,True
4999,Colombia,Cali,Bronce,False,False,False,5,3,1782.0,22,13,4,False
5000,Colombia,Cali,Bronce,True,False,True,1,0,0.0,42,9,5,False
5001,Perú,—,Bronce,False,False,True,0,0,0.0,12,6,10,True
5002,Uruguay,—,Bronce,True,True,True,2,1,511.0,5,2,8,True
5003,Ecuador,—,Bronce,False,False,False,0,0,0.0,30,14,10,False
5004,Ecuador,—,Bronce,False,False,True,0,0,0.0,32,12,7,False
5005,Colombia,Medellín,Platino,True,False,True,69,41,15194.0,17,3,2,True
5006,México,—,Bronce,False,False,True,0,0,0.0,10,6,3,True
5007,Colombia,Medellín,Bronce,True,True,True,2,1,416.0,50,4,7,True
5008,Colombia,Pereira,Bronce,True,False,True,0,0,0.0,28,2,9,True
5009,México,—,Plata,False,False,True,13,10,6263.0,33,6,6,True
5010,Colombia,Barranquilla,Bronce,True,True,True,6,4,2129.0,62,10,10,False
5011,Colombia,Barranquilla,Bronce,False,True,True,1,0,0.0,11,6,8,True
5012,México,—,Bronce,False,False,True,0,0,0.0,64,11,7,False
5013,México,—,Bronce,True,True,False,1,0,0.0,16,6,9,True
5014,México,—,Bronce,False,False,False,0,0,0.0,20,2,6,True
5015,Colombia,Medellín,Plata,True,False,True,8,7,1892.0,7,6,9,True
5016,Colombia,Bogotá D.C.,Bronce,True,False,True,0,0,0.0,24,5,7,True
5017,Ecuador,—,Bronce,False,False,True,3,1,503.0,4,0,10,True
5018,Colombia,Cali,Oro,False,False,True,28,18,10163.0,18,5,7,True
5019,Colombia,Bogotá D.C.,Bronce,True,True,True,3,1,490.0,34,3,8,True
5020,Colombia,Bogotá D.C.,Bronce,True,False,True,4,3,1198.0,47,2,10,True
5021,Colombia,Bogotá D.C.,Platino,True,False,True,123,113,61228.0,22,2,7,True
5022,Uruguay,—,Bronce,True,False,True,6,4,1683.0,2,12,5,False
5023,Ecuador,—,Bronce,True,False,True,0,0,0.0,18,9,6,False
5024,Colombia,Bogotá D.C.,Plata,True,False,False,9,8,5148.0,29,19,7,False
5025,Colombia,Cúcuta,Bronce,False,False,False,1,0,0.0,41,1,8,True
5026,Colombia,Ibagué,Bronce,True,True,True,6,3,1278.0,21,5,9,True
5027,Colombia,Pereira,Bronce,True,False,True,0,0,0.0,54,5,7,True
5028,Colombia,Medellín,Bronce,False,False,True,0,0,0.0,22,0,10,True
5029,Ecuador,—,Oro,True,False,True,26,15,6901.0,14,2,7,True
5030,Colombia,Pasto,Bronce,False,False,False,0,0,0.0,18,4,4,True
5031,México,—,Oro,False,False,True,45,31,15899.0,31,16,7,False
5032,Colombia,Cali,Bronce,False,False,True,0,0,0.0,18,1,10,True
5033,Colombia,Medellín,Bronce,True,False,True,0,0,0.0,35,11,8,False
5034,Colombia,Armenia,Bronce,False,False,True,5,4,2339.0,12,5,9,True
5035,Colombia,Medellín,Platino,False,True,True,86,67,39033.0,15,5,4,True
5036,México,—,Bronce,True,True,True,3,2,1213.0,25,4,4,True
5037,Colombia,Neiva,Bronce,False,False,True,2,1,314.0,47,4,7,True
5038,Colombia,Cartagena,Plata,False,True,False,8,5,2093.0,27,1,10,True
5039,Colombia,Bogotá D.C.,Bronce,True,False,True,3,1,462.0,104,4,5,True
5040,Colombia,Bogotá D.C.,Plata,False,True,False,14,8,4856.0,28,7,10,False
5041,Colombia,Medellín,Plata,False,False,True,24,20,6154.0,7,4,7,True
5042,Colombia,Ibagué,Bronce,False,False,True,0,0,0.0,37,18,7,False
5043,Colombia,Bogotá D.C.,Bronce,True,False,True,1,0,0.0,35,14,10,False
5044,Ecuador,—,Bronce,True,True,True,0,0,0.0,30,2,7,True
5045,Ecuador,—,Bronce,False,False,True,1,0,0.0,2,2,8,True
5046,Colombia,Bogotá D.C.,Bronce,True,True,True,3,2,803.0,36,7,8,False
5047,Perú,—,Bronce,False,True,True,0,0,0.0,21,2,4,True
5048,Perú,—,Bronce,False,True,True,0,0,0.0,59,1,10,True
5049,México,—,Bronce,False,True,True,3,1,328.0,9,1,6,True
5050,México,—,Bronce,False,False,True,0,0,0.0,24,3,7,True
5051,Colombia,Bogotá D.C.,Bronce,True,True,True,1,0,0.0,10,14,9,False
5052,Ecuador,—,Bronce,True,True,False,0,0,0.0,4,1,5,True
5053,Ecuador,—,Plata,False,False,False,10,8,5824.0,5,4,6,True
5054,Colombia,Cartagena,Bronce,False,False,False,0,0,0.0,38,4,10,True
5055,Colombia,Santa Marta,Bronce,True,False,True,6,5,1986.0,9,3,8,True
5056,Colombia,Neiva,Bronce,False,False,True,0,0,0.0,20,5,8,True
5057,Colombia,Santa Marta,Bronce,True,False,True,0,0,0.0,6,2,9,True
5058,Colombia,Medellín,Bronce,True,False,False,3,1,375.0,5,10,5,False
5059,México,—,Bronce,False,False,True,0,0,0.0,68,7,10,False
5060,México,—,Bronce,False,True,False,4,3,1604.0,17,2,9,True
5061,Colombia,Bucaramanga,Oro,False,True,True,35,27,16550.0,22,2,4,True
5062,Colombia,Otras ciudades,Bronce,False,False,True,0,0,0.0,37,2,9,True
5063,Uruguay,—,Bronce,True,False,True,0,0,0.0,6,2,9,True
5064,Colombia,Otras ciudades,Bronce,True,True,True,1,0,0.0,32,7,8,False
5065,Colombia,Bogotá D.C.,Bronce,False,True,True,7,6,3255.0,23,13,7,False
5066,Colombia,Bogotá D.C.,Bronce,True,False,True,3,2,1403.0,86,7,10,False
5067,Ecuador,—,Bronce,True,False,True,0,0,0.0,6,1,4,True
5068,Colombia,Cali,Bronce,True,False,True,5,3,1182.0,31,7,6,False
5069,Colombia,Bucaramanga,Bronce,False,False,False,5,3,1612.0,26,5,8,True
5070,Colombia,Otras ciudades,Bronce,False,False,True,0,0,0.0,13,16,5,False
5071,Colombia,Medellín,Plata,True,True,True,18,16,5982.0,30,4,8,True
5072,Colombia,Medellín,Bronce,False,True,True,0,0,0.0,53,0,4,True
5073,Colombia,Bucaramanga,Bronce,True,True,True,0,0,0.0,14,10,8,False
5074,Colombia,Bogotá D.C.,Bronce,False,False,True,2,1,543.0,6,4,7,True
5075,Colombia,Pereira,Bronce,True,False,True,3,2,791.0,17,10,8,False
5076,Perú,—,Bronce,False,False,True,1,0,0.0,43,2,5,True
5077,México,—,Bronce,False,True,True,5,3,1797.0,51,2,7,True
5078,Colombia,Bogotá D.C.,Plata,True,False,True,9,7,3725.0,32,14,6,False
5079,Colombia,Manizales,Bronce,True,False,False,0,0,0.0,18,18,6,False
5080,Colombia,Medellín,Bronce,True,False,True,2,1,504.0,125,8,10,False
5081,Colombia,Barranquilla,Bronce,True,False,True,0,0,0.0,19,2,8,True
5082,Colombia,Otras ciudades,Bronce,True,False,True,0,0,0.0,15,4,7,True
5083,Colombia,Bucaramanga,Plata,False,True,False,8,6,3696.0,4,8,7,False
5084,Colombia,Otras ciudades,Bronce,True,False,True,0,0,0.0,49,11,5,False
5085,Colombia,Neiva,Bronce,False,False,True,0,0,0.0,44,6,8,True
5086,Colombia,Bogotá D.C.,Bronce,False,False,False,0,0,0.0,11,2,10,True
5087,Ecuador,—,Bronce,False,False,True,4,3,1049.0,1,1,10,True
5088,Colombia,Cali,Bronce,False,False,False,1,0,0.0,5,5,7,True
5089,Colombia,Barranquilla,Bronce,False,False,True,1,0,0.0,47,1,5,True
5090,Ecuador,—,Bronce,False,False,True,1,0,0.0,38,7,6,False
5091,Colombia,Bogotá D.C.,Bronce,False,False,True,0,0,0.0,11,3,3,True
5092,Colombia,Otras ciudades,Bronce,True,True,True,1,0,0.0,19,3,6,True
5093,Colombia,Bogotá D.C.,Bronce,True,False,False,3,2,1030.0,41,7,10,False
5094,Colombia,Otras ciudades,Bronce,True,False,True,3,1,452.0,10,5,8,True
5095,Colombia,Ibagué,Plata,True,True,True,9,6,3314.0,36,5,10,True
5096,Ecuador,—,Bronce,False,True,True,0,0,0.0,42,5,7,True
5097,Colombia,Bogotá D.C.,Bronce,False,True,True,2,1,484.0,3,0,9,True
5098,Colombia,Bogotá D.C.,Bronce,False,False,True,2,1,577.0,31,0,10,True
5099,Colombia,Bogotá D.C.,Bronce,False,False,False,2,1,533.0,27,4,6,True
5100,Perú,—,Bronce,False,False,False,2,1,698.0,32,9,6,False
5101,Perú,—,Bronce,False,False,True,3,1,533.0,9,6,9,True
5102,Colombia,Medellín,Bronce,False,False,True,0,0,0.0,11,5,8,True
5103,Colombia,Bogotá D.C.,Bronce,True,False,True,5,3,1486.0,7,0,7,True
5104,Colombia,Cartagena,Platino,True,False,True,80,56,29301.0,51,3,8,True
5105,Colombia,Bogotá D.C.,Bronce,False,False,True,0,0,0.0,48,2,10,True
5106,Colombia,Bogotá D.C.,Bronce,True,True,True,1,0,0.0,12,15,5,False
5107,México,—,Bronce,True,False,True,4,3,936.0,20,10,8,False
5108,Ecuador,—,Bronce,True,False,True,0,0,0.0,22,3,7,True
5109,Perú,—,Plata,True,False,False,13,8,2279.0,13,1,10,True
5110,Colombia,Bogotá D.C.,Bronce,False,False,True,1,0,0.0,24,0,4,True
5111,Colombia,Cali,Bronce,False,True,True,6,4,2184.0,39,8,10,False
5112,Colombia,Cartagena,Bronce,False,False,True,0,0,0.0,38,18,10,False
5113,Perú,—,Bronce,True,True,True,3,2,813.0,1,3,9,True
5114,México,—,Plata,False,False,True,12,9,4578.0,51,6,6,True
5115,Colombia,Medellín,Bronce,False,False,True,0,0,0.0,36,10,6,False
5116,Colombia,Bogotá D.C.,Bronce,True,False,True,1,0,0.0,15,2,7,True
5117,Colombia,Manizales,Bronce,False,False,True,1,0,0.0,42,9,9,False
5118,Colombia,Medellín,Bronce,False,True,True,3,2,669.0,22,15,10,False
5119,México,—,Bronce,False,True,False,1,0,0.0,10,2,5,True
5120,Colombia,Bogotá D.C.,Bronce,False,False,True,0,0,0.0,24,2,9,True
5121,Colombia,Bogotá D.C.,Bronce,False,False,True,2,1,517.0,23,1,5,True
5122,Uruguay,—,Bronce,False,False,True,1,0,0.0,12,9,8,False
5123,Colombia,Armenia,Bronce,True,False,False,2,1,533.0,124,1,8,True
5124,Chile,—,Bronce,False,False,True,0,0,0.0,16,7,9,False
5125,Uruguay,—,Bronce,False,False,True,0,0,0.0,19,5,8,True
5126,Colombia,Medellín,Bronce,False,True,True,0,0,0.0,12,4,7,True
5127,Chile,—,Bronce,False,False,True,0,0,0.0,36,21,7,False
5128,Colombia,Cali,Plata,False,False,True,9,6,3039.0,21,2,7,True
5129,México,—,Bronce,False,False,False,1,0,0.0,26,8,6,False
5130,Colombia,Montería,Bronce,True,False,False,2,1,613.0,8,13,9,False
5131,Colombia,Bogotá D.C.,Bronce,True,False,False,1,0,0.0,32,6,9,True
5132,Perú,—,Bronce,False,False,True,3,2,1089.0,21,5,7,True
5133,Perú,—,Bronce,True,False,False,1,0,0.0,37,13,10,False
5134,Ecuador,—,Bronce,True,False,True,0,0,0.0,14,5,9,True
5135,México,—,Bronce,True,False,False,0,0,0.0,54,17,3,False
5136,Colombia,Bogotá D.C.,Bronce,True,True,True,0,0,0.0,26,10,7,False
5137,Colombia,Bucaramanga,Bronce,True,False,True,3,1,465.0,17,7,7,False
5138,Colombia,Medellín,Bronce,False,False,False,0,0,0.0,24,1,10,True
5139,Colombia,Bogotá D.C.,Bronce,False,False,True,0,0,0.0,26,1,9,True
5140,Uruguay,—,Bronce,True,False,True,0,0,0.0,39,6,10,True
5141,Colombia,Medellín,Bronce,True,False,True,0,0,0.0,124,13,10,False
5142,Colombia,Medellín,Oro,True,True,True,28,19,11113.0,17,17,8,False
5143,Perú,—,Bronce,True,True,True,3,2,819.0,13,4,9,True
5144,Colombia,Santa Marta,Plata,True,False,True,8,5,2884.0,24,2,7,True
5145,Colombia,Medellín,Bronce,True,False,True,0,0,0.0,17,10,9,False
5146,México,—,Bronce,True,False,False,0,0,0.0,31,3,4,True
5147,Colombia,Cali,Oro,True,True,False,46,32,16782.0,7,3,10,True
5148,Uruguay,—,Bronce,False,True,True,4,3,1371.0,59,6,6,True
5149,Colombia,Medellín,Bronce,False,False,False,1,0,0.0,16,10,10,False
5150,Colombia,Bogotá D.C.,Bronce,True,False,False,2,1,577.0,86,0,3,True
5151,México,—,Bronce,False,False,True,1,0,0.0,45,3,10,True
5152,Colombia,Bogotá D.C.,Bronce,False,False,False,0,0,0.0,29,5,7,True
5153,Colombia,Bogotá D.C.,Bronce,False,False,True,1,0,0.0,26,3,4,True
5154,Colombia,Santa Marta,Platino,True,False,False,83,74,40525.0,48,3,10,True
5155,Colombia,Ibagué,Bronce,True,False,True,4,2,708.0,26,12,5,False
5156,Colombia,Bogotá D.C.,Bronce,False,False,True,0,0,0.0,32,2,8,True
5157,Colombia,Valledupar,Bronce,True,False,True,4,3,1682.0,41,0,8,True
5158,Colombia,Otras ciudades,Bronce,False,True,True,2,1,506.0,17,1,6,True
5159,Ecuador,—,Bronce,False,False,True,0,0,0.0,19,2,5,True
5160,Colombia,Bogotá D.C.,Bronce,True,False,True,0,0,0.0,37,7,7,False
5161,México,—,Plata,True,True,True,20,12,4605.0,61,6,10,True
5162,Colombia,Pereira,Bronce,False,False,True,0,0,0.0,19,1,10,True
5163,Perú,—,Bronce,True,False,True,5,4,2535.0,11,4,10,True
5164,México,—,Bronce,False,False,True,6,3,1435.0,25,4,8,True
5165,Colombia,Barranquilla,Bronce,False,False,False,0,0,0.0,37,14,8,False
5166,Colombia,Bogotá D.C.,Bronce,False,False,True,1,0,0.0,10,10,7,False
5167,México,—,Bronce,False,False,True,1,0,0.0,70,2,9,True
5168,Colombia,Barranquilla,Bronce,True,True,True,0,0,0.0,32,8,10,False
5169,Colombia,Bogotá D.C.,Bronce,True,False,True,0,0,0.0,8,3,8,True
5170,México,—,Bronce,False,False,True,3,2,645.0,1,4,7,True
5171,México,—,Bronce,False,False,True,7,4,2621.0,50,2,5,True
5172,Ecuador,—,Bronce,False,False,True,0,0,0.0,67,1,6,True
5173,México,—,Bronce,False,True,True,2,1,437.0,15,15,6,False
5174,Colombia,Bogotá D.C.,Bronce,True,False,True,1,0,0.0,8,6,6,True
5175,Colombia,Bogotá D.C.,Bronce,True,False,False,3,2,1089.0,22,7,8,False
5176,Colombia,Popayán,Bronce,True,True,True,3,2,854.0,12,3,8,True
5177,México,—,Bronce,True,False,False,1,0,0.0,21,7,6,False
5178,Ecuador,—,Bronce,False,False,True,1,0,0.0,15,5,5,True
5179,México,—,Bronce,False,False,True,5,4,2028.0,35,7,6,False
5180,Ecuador,—,Plata,False,False,True,11,9,3883.0,5,2,10,True
5181,Colombia,Cali,Bronce,True,True,True,0,0,0.0,20,5,7,True
5182,Ecuador,—,Bronce,False,False,True,0,0,0.0,18,7,2,False
5183,Colombia,Villavicencio,Bronce,False,False,True,0,0,0.0,67,6,9,True
5184,Ecuador,—,Bronce,True,False,True,5,4,1334.0,4,1,9,True
5185,Colombia,Otras ciudades,Bronce,False,True,True,1,0,0.0,24,1,9,True
5186,Colombia,Manizales,Bronce,False,False,True,1,0,0.0,20,4,3,True
5187,Colombia,Valledupar,Plata,True,False,True,12,8,3887.0,34,2,9,True
5188,Colombia,Otras ciudades,Bronce,False,False,False,2,1,589.0,20,6,9,True
5189,México,—,Bronce,True,False,True,5,3,1660.0,2,6,6,True
5190,Colombia,Barranquilla,Bronce,False,False,True,0,0,0.0,12,5,5,True
5191,Colombia,Sincelejo,Plata,False,False,True,12,10,5539.0,46,6,7,True
5192,Colombia,Cali,Bronce,False,False,True,4,2,493.0,31,19,7,False
5193,Colombia,Cali,Plata,False,True,True,9,6,2795.0,28,3,10,True
5194,Colombia,Otras ciudades,Bronce,True,True,True,0,0,0.0,64,7,9,False
5195,Perú,—,Bronce,False,False,True,6,4,1614.0,59,4,5,True
5196,Colombia,Bucaramanga,Bronce,False,True,False,0,0,0.0,6,9,2,False
5197,México,—,Plata,False,False,True,15,13,3706.0,31,9,8,False
5198,Colombia,Barranquilla,Plata,True,False,False,14,10,4013.0,31,3,4,True
5199,Colombia,Pasto,Bronce,False,True,True,3,2,525.0,30,2,4,True
5200,Colombia,Bogotá D.C.,Bronce,False,True,True,1,0,0.0,62,2,6,True
5201,Colombia,Bogotá D.C.,Bronce,False,False,True,0,0,0.0,40,6,6,True
5202,Colombia,Cali,Bronce,False,True,True,3,1,338.0,21,7,10,False
5203,Colombia,Cali,Bronce,False,False,True,3,2,907.0,94,0,9,True
5204,Colombia,Ibagué,Bronce,True,True,True,2,1,430.0,14,0,10,True
5205,Colombia,Bogotá D.C.,Bronce,True,False,False,0,0,0.0,23,4,10,True
5206,Colombia,Bogotá D.C.,Bronce,False,False,True,1,0,0.0,34,3,10,True
5207,México,—,Bronce,False,False,True,1,0,0.0,3,1,4,True
5208,Perú,—,Bronce,True,False,True,1,0,0.0,56,0,8,True
5209,Colombia,Bogotá D.C.,Bronce,True,False,True,0,0,0.0,22,2,8,True
5210,Colombia,Cali,Bronce,False,True,True,3,2,1218.0,47,1,5,True
5211,Colombia,Cali,Bronce,False,True,True,4,3,1156.0,7,5,4,True
5212,Ecuador,—,Bronce,True,False,True,0,0,0.0,8,3,3,True
5213,México,—,Plata,False,False,True,9,7,4880.0,39,1,8,True
5214,Uruguay,—,Bronce,False,True,True,6,4,2017.0,15,9,3,False
5215,Colombia,Cali,Bronce,True,False,True,7,4,2818.0,23,2,8,True
5216,Chile,—,Bronce,True,False,True,1,0,0.0,3,1,10,True
5217,México,—,Bronce,False,False,True,4,3,1229.0,15,4,6,True
5218,Colombia,Medellín,Plata,False,False,True,8,5,2803.0,30,2,9,True
5219,Colombia,Cartagena,Bronce,False,False,True,2,1,528.0,1,4,8,True
5220,México,—,Bronce,True,True,False,4,2,960.0,49,6,10,True
5221,Colombia,Bucaramanga,Bronce,True,True,True,2,1,564.0,2,12,3,False
5222,Colombia,Pereira,Bronce,True,False,True,2,1,474.0,15,8,4,False
5223,Colombia,Bogotá D.C.,Bronce,False,True,True,2,1,588.0,20,1,6,True
5224,Colombia,Otras ciudades,Bronce,True,True,False,0,0,0.0,22,8,8,False
5225,Colombia,Bogotá D.C.,Plata,True,False,False,15,12,6318.0,9,1,4,True
5226,Colombia,Bucaramanga,Bronce,False,False,True,3,2,1309.0,10,5,8,True
5227,Colombia,Villavicencio,Bronce,False,False,False,0,0,0.0,8,0,10,True
5228,Colombia,Medellín,Bronce,True,True,True,2,1,308.0,21,3,5,True
5229,Ecuador,—,Bronce,False,False,True,0,0,0.0,30,9,10,False
5230,Colombia,Bogotá D.C.,Bronce,False,False,True,1,0,0.0,19,5,6,True
5231,Colombia,Barranquilla,Bronce,True,False,True,5,3,1586.0,7,3,10,True
5232,Colombia,Bogotá D.C.,Bronce,False,False,True,2,1,473.0,11,16,9,False
5233,México,—,Plata,False,False,True,22,12,6089.0,90,7,10,False
5234,Colombia,Otras ciudades,Plata,True,False,True,21,19,11706.0,42,4,6,True
5235,Ecuador,—,Bronce,True,True,False,0,0,0.0,16,18,8,False
5236,Colombia,Medellín,Bronce,True,False,True,0,0,0.0,12,8,8,False
5237,Colombia,Valledupar,Bronce,True,True,True,3,1,541.0,30,7,9,False
5238,Ecuador,—,Plata,False,False,True,10,7,3878.0,2,5,9,True
5239,Perú,—,Bronce,True,False,True,0,0,0.0,31,9,7,False
5240,Colombia,Cartagena,Plata,False,False,True,22,13,5048.0,29,8,7,False
5241,México,—,Plata,True,False,True,15,13,6009.0,19,3,6,True
5242,Colombia,Cartagena,Bronce,True,True,True,1,0,0.0,27,18,5,False
5243,Colombia,Bogotá D.C.,Bronce,False,False,False,4,3,1747.0,2,4,9,True
5244,Colombia,Villavicencio,Bronce,False,False,True,0,0,0.0,13,6,6,True
5245,México,—,Bronce,True,False,True,0,0,0.0,24,8,8,False
5246,Colombia,Cartagena,Bronce,False,True,True,1,0,0.0,48,0,6,True
5247,Colombia,Bogotá D.C.,Bronce,True,False,True,0,0,0.0,16,7,3,False
5248,Chile,—,Plata,True,False,True,19,16,9206.0,11,2,5,True
5249,Colombia,Bogotá D.C.,Bronce,True,False,True,3,1,458.0,7,1,4,True
5250,Colombia,Bogotá D.C.,Bronce,False,True,True,0,0,0.0,49,2,7,True
5251,Colombia,Otras ciudades,Bronce,False,False,True,3,2,1302.0,9,2,5,True
5252,Colombia,Manizales,Bronce,True,True,True,0,0,0.0,32,14,6,False
5253,Colombia,Bucaramanga,Bronce,False,False,True,0,0,0.0,12,0,3,True
5254,Ecuador,—,Bronce,True,True,True,7,4,2651.0,48,6,7,True
5255,Colombia,Otras ciudades,Bronce,True,False,True,1,0,0.0,55,3,7,True
5256,Colombia,Bogotá D.C.,Bronce,True,False,True,0,0,0.0,24,6,4,True
5257,Colombia,Santa Marta,Bronce,False,False,True,0,0,0.0,8,3,10,True
5258,Colombia,Bogotá D.C.,Bronce,False,False,True,0,0,0.0,22,12,10,False
5259,Ecuador,—,Bronce,False,True,True,0,0,0.0,27,2,10,True
5260,Colombia,Bogotá D.C.,Bronce,True,False,True,5,3,1601.0,47,11,10,False
5261,Colombia,Bogotá D.C.,Bronce,True,False,True,2,1,452.0,27,1,5,True
5262,Colombia,Bogotá D.C.,Bronce,False,True,False,1,0,0.0,29,10,2,False
5263,Perú,—,Bronce,False,True,True,0,0,0.0,14,6,6,True
5264,Colombia,Bogotá D.C.,Bronce,True,False,True,0,0,0.0,29,4,8,True
5265,Colombia,Bogotá D.C.,Bronce,True,True,True,2,1,495.0,52,4,4,True
5266,Colombia,Bogotá D.C.,Bronce,False,True,True,1,0,0.0,22,2,10,True
5267,Colombia,Cali,Plata,False,True,True,9,7,2661.0,41,17,10,False
5268,Ecuador,—,Bronce,False,True,True,0,0,0.0,22,4,10,True
5269,Colombia,Otras ciudades,Bronce,False,True,True,0,0,0.0,27,3,10,True
5270,México,—,Bronce,True,False,True,2,1,413.0,5,8,7,False
5271,Colombia,Bogotá D.C.,Bronce,False,False,False,3,2,756.0,17,5,8,True
5272,Colombia,Cali,Bronce,False,True,True,5,4,2150.0,41,1,7,True
5273,Colombia,Bogotá D.C.,Bronce,False,False,True,0,0,0.0,1,13,4,False
5274,México,—,Bronce,True,False,True,0,0,0.0,65,14,7,False
5275,México,—,Bronce,True,True,True,0,0,0.0,52,0,7,True
5276,Colombia,Bogotá D.C.,Bronce,True,False,True,5,3,1581.0,53,2,8,True
5277,Ecuador,—,Plata,False,False,True,10,7,4524.0,1,1,6,True
5278,Colombia,Valledupar,Bronce,False,False,True,1,0,0.0,26,11,9,False
5279,Colombia,Bogotá D.C.,Bronce,True,True,True,2,1,263.0,15,11,9,False
5280,Colombia,Bogotá D.C.,Bronce,False,True,True,2,1,632.0,16,4,8,True
5281,Colombia,Ibagué,Plata,False,False,True,13,10,4083.0,21,2,6,True
5282,Perú,—,Bronce,False,True,True,4,3,1216.0,14,1,10,True
5283,Colombia,Bogotá D.C.,Bronce,False,False,True,0,0,0.0,70,4,4,True
5284,Colombia,Bogotá D.C.,Bronce,True,False,False,3,2,987.0,14,1,9,True
5285,Colombia,Bogotá D.C.,Bronce,True,True,True,0,0,0.0,33,5,8,True
5286,México,—,Bronce,True,False,True,4,2,1104.0,4,0,8,True
5287,Perú,—,Bronce,False,True,True,0,0,0.0,8,8,8,False
5288,Colombia,Medellín,Bronce,False,True,False,0,0,0.0,48,2,6,True
5289,Ecuador,—,Bronce,False,False,True,4,3,2189.0,21,8,9,False
5290,Ecuador,—,Bronce,True,True,True,3,2,948.0,10,1,8,True
5291,México,—,Bronce,True,False,True,4,3,1756.0,8,4,4,True
5292,Colombia,Bogotá D.C.,Bronce,False,False,False,5,4,2755.0,40,0,9,True
5293,Colombia,Bogotá D.C.,Plata,True,False,True,9,5,2636.0,16,13,9,False
5294,Ecuador,—,Bronce,True,False,False,3,2,1029.0,44,6,4,True
5295,México,—,Bronce,False,False,True,1,0,0.0,32,1,5,True
5296,México,—,Bronce,True,False,True,0,0,0.0,24,5,8,True
5297,Colombia,Bogotá D.C.,Bronce,False,False,True,1,0,0.0,49,5,7,True
5298,Colombia,Medellín,Bronce,True,False,True,2,1,715.0,14,12,3,False
5299,Colombia,Montería,Plata,False,True,True,20,18,9303.0,6,6,4,True
5300,Colombia,Bogotá D.C.,Bronce,True,False,True,0,0,0.0,13,4,8,True
5301,Colombia,Cali,Bronce,True,False,True,1,0,0.0,39,9,10,False
5302,México,—,Bronce,False,False,False,7,5,2725.0,11,3,9,True
5303,Colombia,Otras ciudades,Bronce,True,False,True,1,0,0.0,48,2,5,True
5304,México,—,Bronce,False,True,True,0,0,0.0,43,10,9,False
5305,Colombia,Manizales,Bronce,True,False,True,0,0,0.0,3,12,8,False
5306,México,—,Bronce,True,False,True,1,0,0.0,44,7,8,False
5307,Colombia,Bucaramanga,Plata,False,False,True,9,6,3159.0,92,7,7,False
5308,México,—,Plata,True,False,False,11,6,3202.0,63,1,4,True
5309,Colombia,Bogotá D.C.,Bronce,True,False,True,5,4,2543.0,6,3,10,True
5310,México,—,Oro,False,True,True,36,30,9482.0,11,12,4,False
5311,México,—,Plata,False,False,True,13,11,6725.0,8,9,6,False
5312,Colombia,Bogotá D.C.,Bronce,False,False,True,0,0,0.0,24,8,8,False
5313,México,—,Bronce,True,True,True,0,0,0.0,12,9,7,False
5314,Colombia,Bogotá D.C.,Bronce,True,False,False,0,0,0.0,8,10,7,False
5315,Colombia,Bogotá D.C.,Bronce,True,True,True,0,0,0.0,46,8,8,False
5316,Colombia,Bogotá D.C.,Platino,False,False,True,230,159,78933.0,70,1,10,True
5317,Colombia,Bogotá D.C.,Bronce,False,False,True,5,3,1741.0,36,2,6,True
5318,Colombia,Bogotá D.C.,Bronce,False,True,True,0,0,0.0,9,8,3,False
5319,Colombia,Cali,Bronce,True,False,True,0,0,0.0,28,5,8,True
5320,Uruguay,—,Bronce,True,False,True,4,3,1535.0,15,1,7,True
5321,México,—,Bronce,True,False,True,0,0,0.0,44,20,4,False
5322,Colombia,Barranquilla,Bronce,True,False,True,0,0,0.0,16,5,8,True
5323,Colombia,Bogotá D.C.,Bronce,False,False,False,0,0,0.0,10,25,6,False
5324,Ecuador,—,Bronce,True,False,False,7,5,3006.0,16,3,6,True
5325,Ecuador,—,Bronce,True,False,True,1,0,0.0,67,5,9,True
5326,Colombia,Armenia,Bronce,True,False,True,0,0,0.0,29,16,8,False
5327,México,—,Bronce,False,False,True,0,0,0.0,41,1,8,True
5328,Colombia,Otras ciudades,Bronce,False,False,True,3,1,711.0,3,1,5,True
5329,Colombia,Medellín,Bronce,True,False,True,5,3,1451.0,20,1,5,True
5330,Colombia,Pasto,Bronce,True,True,True,0,0,0.0,30,16,8,False
5331,Colombia,Bogotá D.C.,Bronce,False,False,True,1,0,0.0,40,1,6,True
5332,Colombia,Bogotá D.C.,Bronce,True,True,True,0,0,0.0,10,6,8,True
5333,Chile,—,Bronce,False,True,False,2,1,295.0,20,5,3,True
5334,México,—,Bronce,False,False,True,0,0,0.0,12,2,6,True
5335,Colombia,Bogotá D.C.,Plata,True,False,True,11,7,4411.0,6,5,7,True
5336,Perú,—,Bronce,False,False,True,1,0,0.0,11,5,9,True
5337,Colombia,Bogotá D.C.,Bronce,False,True,True,4,2,1145.0,12,0,3,True
5338,Ecuador,—,Bronce,True,True,True,0,0,0.0,11,8,5,False
5339,Colombia,Montería,Bronce,True,True,True,0,0,0.0,21,4,8,True
5340,Colombia,Medellín,Bronce,False,False,True,1,0,0.0,17,9,10,False
5341,Colombia,Bogotá D.C.,Bronce,True,False,False,3,1,341.0,19,3,5,True
5342,Colombia,Medellín,Bronce,False,False,False,0,0,0.0,29,10,8,False
5343,Uruguay,—,Bronce,True,False,True,4,2,1075.0,32,5,6,True
5344,México,—,Bronce,False,False,True,4,2,993.0,74,3,8,True
5345,Colombia,Bogotá D.C.,Bronce,True,False,True,0,0,0.0,22,2,8,True
5346,Colombia,Villavicencio,Bronce,True,False,False,1,0,0.0,11,28,10,False
5347,Colombia,Bogotá D.C.,Bronce,False,False,False,0,0,0.0,15,40,5,False
5348,Colombia,Barranquilla,Oro,True,True,True,27,16,9441.0,16,4,7,True
5349,Colombia,Bogotá D.C.,Bronce,True,True,True,0,0,0.0,27,15,9,False
5350,Uruguay,—,Bronce,False,False,False,3,2,1441.0,7,0,10,True
5351,Colombia,Otras ciudades,Bronce,True,False,True,0,0,0.0,25,0,8,True
5352,Colombia,Otras ciudades,Bronce,False,False,True,1,0,0.0,98,1,6,True
5353,Colombia,Medellín,Bronce,False,True,True,0,0,0.0,12,2,7,True
5354,México,—,Bronce,False,False,True,0,0,0.0,96,6,6,True
5355,Ecuador,—,Bronce,False,False,True,5,4,2287.0,69,2,7,True
5356,Perú,—,Bronce,False,True,True,2,1,500.0,11,2,7,True
5357,Colombia,Cali,Plata,True,True,True,12,7,3053.0,23,5,10,True
5358,Colombia,Otras ciudades,Bronce,True,False,True,6,3,1415.0,21,1,9,True
5359,Colombia,Cartagena,Bronce,True,True,True,2,1,610.0,31,8,6,False
5360,Colombia,Cartagena,Bronce,True,False,True,2,1,581.0,9,4,6,True
5361,México,—,Bronce,False,False,False,2,1,824.0,23,21,9,False
5362,México,—,Bronce,False,False,True,1,0,0.0,9,3,7,True
5363,Colombia,Medellín,Bronce,False,False,True,0,0,0.0,16,5,6,True
5364,Colombia,Bogotá D.C.,Bronce,True,True,True,7,5,2378.0,48,10,5,False
5365,México,—,Bronce,False,False,True,6,3,2053.0,67,0,6,True
5366,México,—,Bronce,False,False,True,2,1,441.0,45,15,3,False
5367,Uruguay,—,Platino,True,False,True,79,57,26575.0,2,3,10,True
5368,Colombia,Villavicencio,Oro,True,True,True,28,18,8088.0,4,2,10,True
5369,Colombia,Pereira,Bronce,True,False,False,1,0,0.0,17,0,10,True
5370,Colombia,Bogotá D.C.,Bronce,True,True,True,0,0,0.0,13,2,6,True
5371,México,—,Bronce,False,True,True,0,0,0.0,22,6,4,True
5372,México,—,Bronce,True,False,True,0,0,0.0,42,6,7,True
5373,Colombia,Bogotá D.C.,Bronce,False,False,True,0,0,0.0,44,1,7,True
5374,Colombia,Bogotá D.C.,Oro,False,True,True,27,22,8691.0,45,6,10,True
5375,Colombia,Bogotá D.C.,Bronce,True,False,False,0,0,0.0,24,0,5,True
5376,Uruguay,—,Bronce,True,False,True,0,0,0.0,43,14,7,False
5377,Colombia,Bogotá D.C.,Bronce,False,False,False,6,4,1971.0,51,8,7,False
5378,Colombia,Barranquilla,Bronce,False,False,True,1,0,0.0,9,0,6,True
5379,México,—,Bronce,False,False,True,0,0,0.0,9,4,10,True
5380,Colombia,Bogotá D.C.,Plata,False,True,True,8,5,3289.0,22,1,9,True
5381,Colombia,Montería,Bronce,False,False,True,0,0,0.0,25,7,8,False
5382,Colombia,Bogotá D.C.,Bronce,True,True,True,1,0,0.0,15,5,8,True
5383,México,—,Bronce,False,False,False,2,1,609.0,47,7,5,False
5384,Colombia,Bogotá D.C.,Bronce,False,True,True,0,0,0.0,54,8,5,False
5385,México,—,Bronce,False,False,False,2,1,291.0,5,3,6,True
5386,Perú,—,Bronce,False,True,True,0,0,0.0,34,3,7,True
5387,México,—,Bronce,True,True,False,4,2,1058.0,20,21,6,False
5388,Colombia,Pereira,Bronce,False,False,True,1,0,0.0,48,0,4,True
5389,México,—,Bronce,True,False,True,2,1,571.0,11,3,5,True
5390,Colombia,Bogotá D.C.,Bronce,True,True,True,2,1,486.0,22,5,8,True
5391,México,—,Bronce,False,False,True,0,0,0.0,21,5,7,True
5392,Colombia,Bogotá D.C.,Bronce,False,False,True,3,2,973.0,25,2,4,True
5393,Colombia,Bogotá D.C.,Plata,True,False,True,9,7,3734.0,11,3,5,True
5394,México,—,Bronce,True,False,False,1,0,0.0,9,3,6,True
5395,Colombia,Manizales,Bronce,False,False,True,0,0,0.0,7,6,10,True
5396,México,—,Bronce,False,False,True,2,1,538.0,15,2,5,True
5397,Colombia,Bogotá D.C.,Bronce,True,False,True,2,1,628.0,3,4,8,True
5398,Colombia,Medellín,Bronce,True,False,True,1,0,0.0,21,12,6,False
5399,Colombia,Otras ciudades,Bronce,False,False,True,7,5,3152.0,14,14,10,False
5400,Colombia,Bogotá D.C.,Bronce,True,False,True,5,3,1721.0,38,2,7,True
5401,México,—,Bronce,False,False,True,6,4,2128.0,23,7,7,False
5402,Colombia,Cali,Bronce,False,False,True,1,0,0.0,16,3,6,True
5403,Colombia,Bogotá D.C.,Bronce,False,False,True,3,2,1345.0,10,2,8,True
5404,Colombia,Bogotá D.C.,Bronce,True,True,True,7,4,2356.0,16,5,7,True
5405,Colombia,Medellín,Bronce,False,False,True,0,0,0.0,14,5,7,True
5406,Colombia,Bogotá D.C.,Bronce,False,False,True,0,0,0.0,26,3,7,True
5407,Ecuador,—,Bronce,False,False,True,1,0,0.0,38,8,7,False
5408,Colombia,Otras ciudades,Bronce,True,True,True,1,0,0.0,48,3,10,True
5409,México,—,Bronce,False,False,True,1,0,0.0,14,26,4,False
5410,Perú,—,Bronce,False,False,True,1,0,0.0,14,1,8,True
5411,Colombia,Cali,Bronce,True,False,True,5,4,1610.0,8,11,6,False
5412,Ecuador,—,Bronce,True,False,True,0,0,0.0,12,5,6,True
5413,Colombia,Bogotá D.C.,Bronce,False,False,False,3,1,578.0,6,27,8,False
5414,Colombia,Bogotá D.C.,Bronce,False,False,True,6,4,2517.0,17,6,3,True
5415,México,—,Bronce,False,True,False,5,3,1332.0,5,6,7,True
5416,Perú,—,Bronce,False,False,True,3,2,954.0,59,9,4,False
5417,Colombia,Medellín,Bronce,True,False,True,3,2,908.0,36,4,6,True
5418,Ecuador,—,Bronce,False,True,False,3,1,471.0,33,1,4,True
5419,Uruguay,—,Bronce,True,False,True,0,0,0.0,14,3,5,True
5420,Colombia,Cali,Bronce,True,False,True,3,2,1327.0,18,4,10,True
5421,Colombia,Cali,Bronce,True,True,False,0,0,0.0,24,2,7,True
5422,México,—,Bronce,True,True,True,1,0,0.0,4,5,9,True
5423,Ecuador,—,Bronce,True,True,True,0,0,0.0,18,5,5,True
5424,México,—,Bronce,False,False,True,4,3,1605.0,40,10,10,False
5425,México,—,Bronce,True,False,True,0,0,0.0,24,8,6,False
5426,Colombia,Cali,Bronce,True,True,True,2,1,465.0,28,5,6,True
5427,Ecuador,—,Oro,True,False,True,28,17,10187.0,16,0,10,True
5428,Colombia,Cúcuta,Bronce,True,False,True,0,0,0.0,13,8,10,False
5429,Colombia,Otras ciudades,Bronce,False,False,True,0,0,0.0,67,21,9,False
5430,Colombia,Bogotá D.C.,Bronce,False,False,True,3,2,441.0,26,12,5,False
5431,Colombia,Cali,Bronce,False,True,True,0,0,0.0,67,3,10,True
5432,México,—,Bronce,True,True,True,1,0,0.0,7,10,5,False
5433,Colombia,Bogotá D.C.,Bronce,False,True,True,2,1,527.0,47,4,10,True
5434,Colombia,Bogotá D.C.,Bronce,True,False,True,0,0,0.0,40,7,6,False
5435,México,—,Bronce,True,False,True,1,0,0.0,36,2,10,True
5436,México,—,Plata,True,False,True,10,6,4175.0,14,2,8,True
5437,Colombia,Bogotá D.C.,Bronce,True,False,True,6,5,2718.0,17,3,9,True
5438,México,—,Bronce,True,False,False,3,2,931.0,20,15,4,False
5439,México,—,Bronce,True,True,True,2,1,487.0,39,3,6,True
5440,Colombia,Bogotá D.C.,Bronce,True,True,True,2,1,441.0,19,7,5,False
5441,Colombia,Medellín,Bronce,False,False,True,1,0,0.0,15,0,10,True
5442,Colombia,Barranquilla,Bronce,False,False,False,2,1,317.0,21,0,5,True
5443,Colombia,Barranquilla,Bronce,False,False,True,2,1,512.0,21,0,8,True
5444,Colombia,Cúcuta,Oro,True,False,False,58,53,24956.0,36,8,7,False
5445,Ecuador,—,Bronce,False,False,True,5,4,1836.0,29,15,8,False
5446,México,—,Plata,False,False,False,14,11,4802.0,27,5,7,True
5447,Colombia,Bucaramanga,Bronce,False,False,True,2,1,407.0,12,7,7,False
5448,Colombia,Manizales,Plata,True,False,True,8,6,3155.0,12,5,8,True
5449,Colombia,Medellín,Bronce,True,False,True,0,0,0.0,8,2,10,True
5450,Colombia,Bogotá D.C.,Bronce,False,True,True,0,0,0.0,82,3,4,True
5451,Colombia,Barranquilla,Plata,False,False,True,24,21,11151.0,61,10,9,False
5452,México,—,Bronce,False,False,True,3,2,845.0,42,1,10,True
5453,Colombia,Manizales,Bronce,False,True,True,4,3,1576.0,31,6,8,True
5454,Colombia,Montería,Bronce,False,True,True,1,0,0.0,39,11,8,False
5455,Colombia,Cali,Bronce,True,False,True,0,0,0.0,26,13,5,False
5456,Ecuador,—,Bronce,False,False,False,1,0,0.0,21,31,9,False
5457,Colombia,Bogotá D.C.,Bronce,True,True,True,0,0,0.0,41,8,10,False
5458,Uruguay,—,Plata,False,False,True,8,7,4367.0,33,1,3,True
5459,Colombia,Bogotá D.C.,Bronce,True,False,True,1,0,0.0,17,16,7,False
5460,Perú,—,Bronce,True,False,True,0,0,0.0,8,3,10,True
5461,Chile,—,Bronce,False,False,False,0,0,0.0,31,0,5,True
5462,México,—,Bronce,False,False,True,4,3,1296.0,12,0,7,True
5463,Ecuador,—,Bronce,False,False,True,7,5,2150.0,24,1,7,True
5464,Colombia,Bogotá D.C.,Bronce,False,False,True,1,0,0.0,40,8,5,False
5465,Colombia,Neiva,Bronce,False,False,True,4,3,1142.0,59,14,8,False
5466,Colombia,Bogotá D.C.,Plata,False,True,True,12,11,7223.0,13,5,9,True
5467,Colombia,Cali,Bronce,False,True,True,2,1,586.0,7,6,7,True
5468,Colombia,Manizales,Bronce,True,False,True,2,1,404.0,14,7,8,False
5469,Colombia,Bogotá D.C.,Bronce,False,False,True,2,1,533.0,13,0,9,True
5470,Colombia,Bogotá D.C.,Bronce,False,False,True,0,0,0.0,54,14,5,False
5471,Colombia,Bogotá D.C.,Bronce,False,False,True,6,4,2182.0,16,7,7,False
5472,Ecuador,—,Bronce,True,False,True,0,0,0.0,30,8,7,False
5473,México,—,Plata,True,True,True,23,18,10773.0,19,4,10,True
5474,Ecuador,—,Bronce,True,False,False,0,0,0.0,7,0,10,True
5475,México,—,Bronce,False,True,True,1,0,0.0,26,10,9,False
5476,Colombia,Medellín,Bronce,False,False,True,0,0,0.0,21,20,8,False
5477,Ecuador,—,Bronce,False,True,True,4,2,651.0,48,14,6,False
5478,México,—,Bronce,False,True,True,0,0,0.0,20,1,5,True
5479,Colombia,Medellín,Bronce,False,False,True,0,0,0.0,19,1,10,True
5480,Ecuador,—,Bronce,True,False,True,1,0,0.0,1,1,9,True
5481,Colombia,Bogotá D.C.,Bronce,False,False,True,1,0,0.0,9,3,6,True
5482,Ecuador,—,Bronce,True,False,True,4,3,1351.0,9,1,10,True
5483,México,—,Bronce,True,False,True,2,1,421.0,11,17,8,False
5484,Colombia,Cartagena,Bronce,False,False,True,0,0,0.0,3,0,6,True
5485,Colombia,Medellín,Bronce,False,False,True,0,0,0.0,42,0,6,True
5486,Colombia,Neiva,Bronce,True,False,True,3,2,911.0,26,5,10,True
5487,Colombia,Medellín,Plata,False,False,True,14,12,5566.0,25,8,4,False
5488,Colombia,Bogotá D.C.,Bronce,False,False,True,4,2,1239.0,32,11,6,False
5489,Perú,—,Bronce,False,False,True,2,1,526.0,41,12,9,False
5490,Colombia,Bogotá D.C.,Bronce,True,False,False,0,0,0.0,30,5,3,True
5491,Colombia,Barranquilla,Bronce,True,True,True,2,1,556.0,41,1,6,True
5492,México,—,Plata,True,False,True,9,7,3157.0,24,3,6,True
5493,Colombia,Medellín,Bronce,False,False,True,0,0,0.0,9,14,7,False
5494,Colombia,Medellín,Bronce,False,True,True,1,0,0.0,17,5,5,True
5495,Colombia,Cali,Bronce,True,False,True,0,0,0.0,4,7,8,False
5496,Colombia,Cali,Bronce,False,False,True,4,3,1551.0,20,11,7,False
5497,Colombia,Cali,Bronce,False,False,True,0,0,0.0,54,8,7,False
5498,Ecuador,—,Bronce,False,False,True,1,0,0.0,15,8,5,False
5499,México,—,Bronce,True,True,True,3,2,1241.0,37,17,7,False
5500,Colombia,Bucaramanga,Bronce,False,False,True,1,0,0.0,47,4,6,True
5501,Colombia,Otras ciudades,Bronce,False,False,True,4,3,947.0,10,5,10,True
5502,Perú,—,Bronce,False,False,True,0,0,0.0,2,6,5,True
5503,Colombia,Otras ciudades,Bronce,True,False,True,2,1,621.0,24,2,9,True
5504,Colombia,Otras ciudades,Bronce,False,False,True,1,0,0.0,53,10,8,False
5505,Colombia,Armenia,Bronce,False,False,True,1,0,0.0,44,4,10,True
5506,Colombia,Barranquilla,Bronce,True,False,True,1,0,0.0,7,12,10,False
5507,Colombia,Otras ciudades,Bronce,True,False,False,3,2,1071.0,18,7,8,False
5508,Colombia,Popayán,Bronce,False,True,True,1,0,0.0,31,6,7,True
5509,Colombia,Manizales,Bronce,False,False,True,0,0,0.0,49,11,6,False
5510,México,—,Bronce,True,True,True,1,0,0.0,27,2,7,True
5511,Perú,—,Bronce,False,False,True,0,0,0.0,10,2,5,True
5512,Colombia,Bogotá D.C.,Bronce,False,True,False,0,0,0.0,8,0,7,True
5513,Perú,—,Bronce,True,False,False,2,1,478.0,100,4,8,True
5514,Chile,—,Bronce,False,False,False,4,3,1559.0,58,4,8,True
5515,Colombia,Otras ciudades,Plata,True,False,True,9,6,2699.0,39,3,7,True
5516,Perú,—,Bronce,False,False,False,2,1,539.0,10,16,6,False
5517,Colombia,Cúcuta,Plata,False,False,True,8,6,2790.0,41,2,8,True
5518,Colombia,Otras ciudades,Bronce,False,False,True,4,2,1164.0,22,6,7,True
5519,Colombia,Bogotá D.C.,Bronce,False,False,True,0,0,0.0,1,2,9,True
5520,Colombia,Bogotá D.C.,Bronce,True,False,True,0,0,0.0,12,13,7,False
5521,Chile,—,Bronce,True,True,True,3,1,596.0,11,3,10,True
5522,México,—,Bronce,False,True,True,1,0,0.0,15,2,8,True
5523,Perú,—,Bronce,False,False,False,2,1,565.0,37,2,7,True
5524,México,—,Bronce,False,True,True,4,2,1132.0,12,19,10,False
5525,Colombia,Armenia,Bronce,False,False,False,3,1,359.0,51,2,9,True
5526,Colombia,Sincelejo,Bronce,False,False,True,1,0,0.0,6,1,6,True
5527,Colombia,Bogotá D.C.,Bronce,False,False,True,6,5,2597.0,8,5,5,True
5528,Colombia,Medellín,Bronce,True,True,True,0,0,0.0,14,11,10,False
5529,Ecuador,—,Plata,True,False,True,15,8,3566.0,34,1,8,True
5530,México,—,Bronce,False,False,True,0,0,0.0,32,5,9,True
5531,México,—,Bronce,True,False,True,1,0,0.0,67,3,10,True
5532,Ecuador,—,Plata,True,False,True,12,9,2866.0,21,1,4,True
5533,Perú,—,Plata,False,False,True,9,7,4281.0,57,4,6,True
5534,México,—,Bronce,True,True,True,3,2,1072.0,5,6,8,True
5535,México,—,Bronce,True,False,True,3,2,826.0,15,3,7,True
5536,México,—,Bronce,True,False,True,0,0,0.0,19,4,4,True
5537,Colombia,Barranquilla,Bronce,False,False,True,0,0,0.0,18,1,7,True
5538,Colombia,Bucaramanga,Bronce,True,True,True,2,1,235.0,22,4,10,True
5539,Colombia,Barranquilla,Bronce,True,False,True,7,5,2010.0,49,1,10,True
5540,Colombia,Otras ciudades,Bronce,False,False,True,0,0,0.0,15,2,7,True
5541,Chile,—,Bronce,True,True,False,0,0,0.0,4,16,8,False
5542,México,—,Oro,False,False,True,52,39,16120.0,156,2,4,True
5543,México,—,Bronce,False,False,True,5,3,1158.0,31,9,9,False
5544,Colombia,Cartagena,Bronce,True,True,True,1,0,0.0,64,6,8,True
5545,Colombia,Bogotá D.C.,Bronce,False,True,True,0,0,0.0,32,0,6,True
5546,Colombia,Bogotá D.C.,Bronce,False,False,True,0,0,0.0,12,0,6,True
5547,Colombia,Pereira,Bronce,False,False,True,0,0,0.0,9,3,9,True
5548,Colombia,Bogotá D.C.,Bronce,False,True,False,7,6,3832.0,28,2,10,True
5549,México,—,Bronce,True,False,True,0,0,0.0,48,18,7,False
5550,México,—,Bronce,False,True,True,0,0,0.0,54,6,6,True
5551,México,—,Bronce,False,False,True,0,0,0.0,15,3,1,True
5552,Perú,—,Plata,True,False,False,11,10,5359.0,22,5,7,True
5553,Colombia,Santa Marta,Bronce,True,False,True,6,3,1733.0,30,13,9,False
5554,Colombia,Otras ciudades,Plata,True,True,False,10,7,2970.0,13,1,7,True
5555,Chile,—,Plata,False,True,True,8,5,2709.0,11,5,10,True
5556,Colombia,Cali,Bronce,True,False,True,0,0,0.0,15,15,9,False
5557,México,—,Bronce,False,False,True,4,2,738.0,8,1,10,True
5558,Ecuador,—,Bronce,False,False,True,2,1,384.0,34,6,7,True
5559,Ecuador,—,Bronce,True,False,True,0,0,0.0,18,0,6,True
5560,Uruguay,—,Bronce,False,False,True,0,0,0.0,52,6,9,True
5561,Perú,—,Bronce,False,False,False,2,1,764.0,27,9,9,False
5562,Colombia,Cali,Bronce,True,True,True,0,0,0.0,22,7,9,False
5563,Colombia,Manizales,Bronce,False,False,True,0,0,0.0,74,7,8,False
5564,Ecuador,—,Bronce,False,False,True,0,0,0.0,34,10,6,False
5565,Colombia,Medellín,Bronce,False,False,False,0,0,0.0,18,7,7,False
5566,Colombia,Bogotá D.C.,Bronce,False,True,True,1,0,0.0,52,3,5,True
5567,Colombia,Cali,Plata,True,False,True,9,6,2303.0,47,8,4,False
5568,Colombia,Cúcuta,Bronce,True,False,True,0,0,0.0,10,9,9,False
5569,Colombia,Otras ciudades,Bronce,False,True,True,3,2,1227.0,22,0,8,True
5570,Colombia,Neiva,Bronce,False,True,True,0,0,0.0,35,4,6,True
5571,México,—,Bronce,True,True,True,0,0,0.0,14,1,8,True
5572,Colombia,Cali,Plata,True,False,True,16,13,6618.0,34,7,5,False
5573,Colombia,Medellín,Bronce,True,True,True,3,2,911.0,17,3,10,True
5574,Colombia,Barranquilla,Bronce,False,False,False,5,3,1679.0,109,1,8,True
5575,México,—,Bronce,False,False,False,0,0,0.0,12,1,6,True
5576,México,—,Bronce,True,True,True,1,0,0.0,8,1,3,True
5577,Colombia,Otras ciudades,Bronce,True,False,True,0,0,0.0,9,15,4,False
5578,México,—,Plata,False,False,True,9,8,4496.0,6,4,7,True
5579,Colombia,Cartagena,Bronce,False,False,True,2,1,535.0,75,3,8,True
5580,Colombia,Cartagena,Bronce,False,False,True,0,0,0.0,51,3,8,True
5581,Uruguay,—,Bronce,False,False,True,6,4,1495.0,59,3,5,True
5582,México,—,Bronce,False,False,True,3,2,906.0,31,7,8,False
5583,Perú,—,Bronce,False,True,True,3,2,987.0,7,7,4,False
5584,Ecuador,—,Bronce,False,False,False,1,0,0.0,8,6,5,True
5585,México,—,Bronce,False,True,False,3,2,928.0,42,13,7,False
5586,Ecuador,—,Bronce,False,False,True,2,1,733.0,14,7,3,False
5587,Colombia,Neiva,Bronce,True,True,False,2,1,347.0,18,0,8,True
5588,Colombia,Bogotá D.C.,Bronce,False,False,True,0,0,0.0,32,3,10,True
5589,Colombia,Bogotá D.C.,Plata,True,False,True,23,19,11913.0,34,1,9,True
5590,Colombia,Pasto,Plata,False,True,True,12,7,3241.0,25,2,3,True
5591,Colombia,Bogotá D.C.,Bronce,True,False,True,5,4,1565.0,21,3,10,True
5592,Colombia,Medellín,Bronce,False,True,False,1,0,0.0,11,12,8,False
5593,Colombia,Bogotá D.C.,Bronce,True,False,True,1,0,0.0,20,3,10,True
5594,Colombia,Manizales,Bronce,True,False,True,2,1,481.0,26,6,4,True
5595,México,—,Bronce,True,True,True,0,0,0.0,21,3,2,True
5596,Colombia,Medellín,Bronce,True,False,False,2,1,364.0,4,10,7,False
5597,México,—,Bronce,False,False,True,1,0,0.0,36,0,5,True
5598,Colombia,Barranquilla,Bronce,False,False,True,0,0,0.0,14,5,7,True
5599,Colombia,Bogotá D.C.,Bronce,True,True,True,4,3,859.0,8,2,8,True
5600,Colombia,Cali,Bronce,True,False,True,0,0,0.0,18,21,6,False
5601,Colombia,Medellín,Oro,False,True,False,37,28,18121.0,110,5,8,True
5602,Perú,—,Bronce,False,False,True,0,0,0.0,41,0,6,True
5603,Colombia,Medellín,Plata,False,False,True,19,15,6799.0,1,4,5,True
5604,Colombia,Cartagena,Bronce,True,False,True,0,0,0.0,36,1,8,True
5605,México,—,Oro,True,False,True,39,29,15631.0,24,17,10,False
5606,Colombia,Bogotá D.C.,Bronce,False,True,True,5,3,1565.0,28,3,7,True
5607,Perú,—,Bronce,False,False,True,0,0,0.0,27,4,5,True
5608,Ecuador,—,Bronce,False,False,False,1,0,0.0,20,22,1,False
5609,Ecuador,—,Bronce,False,False,True,3,2,836.0,67,5,9,True
5610,Perú,—,Bronce,False,True,True,2,1,551.0,51,6,8,True
5611,Colombia,Bogotá D.C.,Bronce,True,False,True,0,0,0.0,38,9,6,False
5612,Colombia,Bogotá D.C.,Bronce,True,False,True,3,2,988.0,61,2,10,True
5613,México,—,Bronce,False,False,True,2,1,321.0,57,13,4,False
5614,Colombia,Bucaramanga,Plata,False,False,True,13,12,6027.0,27,5,5,True
5615,Colombia,Medellín,Bronce,True,False,True,2,1,348.0,6,8,6,False
5616,México,—,Bronce,False,False,False,4,2,1071.0,76,4,8,True
5617,México,—,Bronce,False,True,True,3,1,464.0,42,5,9,True
5618,Ecuador,—,Plata,False,False,True,8,6,2077.0,15,15,5,False
5619,Colombia,Bucaramanga,Bronce,False,False,False,0,0,0.0,29,16,8,False
5620,Colombia,Bogotá D.C.,Plata,False,True,True,12,7,2830.0,11,7,7,False
5621,Colombia,Popayán,Bronce,True,False,True,2,1,454.0,7,7,7,False
5622,Colombia,Otras ciudades,Bronce,True,False,True,2,1,435.0,4,3,9,True
5623,México,—,Bronce,True,False,True,1,0,0.0,1,7,5,False
5624,Colombia,Bogotá D.C.,Bronce,False,False,True,5,4,2479.0,18,2,6,True
5625,Colombia,Bogotá D.C.,Bronce,False,False,True,0,0,0.0,8,1,5,True
5626,Perú,—,Bronce,False,False,True,2,1,409.0,39,7,5,False
5627,Colombia,Otras ciudades,Bronce,False,False,False,1,0,0.0,2,2,8,True
5628,Colombia,Villavicencio,Bronce,True,True,True,0,0,0.0,34,4,7,True
5629,Colombia,Cali,Bronce,True,False,False,0,0,0.0,14,1,10,True
5630,Ecuador,—,Bronce,True,False,True,0,0,0.0,7,2,8,True
5631,México,—,Plata,True,False,True,14,10,4426.0,26,2,7,True
5632,Colombia,Bogotá D.C.,Bronce,False,False,True,1,0,0.0,4,3,5,True
5633,Colombia,Cali,Bronce,False,True,False,2,1,447.0,20,9,9,False
5634,Colombia,Bogotá D.C.,Bronce,True,True,True,0,0,0.0,28,2,5,True
5635,México,—,Oro,True,False,True,34,21,6099.0,2,11,6,False
5636,Colombia,Cúcuta,Bronce,False,True,False,0,0,0.0,38,1,4,True
5637,Colombia,Cartagena,Plata,False,False,False,8,7,4179.0,29,1,6,True
5638,México,—,Bronce,True,True,False,0,0,0.0,15,11,5,False
5639,Colombia,Medellín,Bronce,False,True,True,0,0,0.0,22,1,8,True
5640,Colombia,Otras ciudades,Bronce,False,False,True,0,0,0.0,1,9,9,False
5641,Colombia,Medellín,Plata,False,False,True,17,11,8076.0,35,2,10,True
5642,Colombia,Medellín,Plata,False,False,True,10,7,2937.0,21,7,8,False
5643,Colombia,Otras ciudades,Oro,True,False,True,29,25,8014.0,18,6,7,True
5644,Colombia,Medellín,Bronce,False,True,True,6,5,3097.0,10,7,6,False
5645,Colombia,Medellín,Bronce,True,True,True,0,0,0.0,7,3,10,True
5646,México,—,Bronce,False,False,True,0,0,0.0,32,3,8,True
5647,Ecuador,—,Bronce,False,False,True,3,1,645.0,12,5,3,True
5648,Ecuador,—,Bronce,False,False,True,3,2,1156.0,13,3,6,True
5649,Colombia,Santa Marta,Bronce,True,False,True,0,0,0.0,43,4,7,True
5650,Colombia,Medellín,Plata,False,False,True,9,7,3197.0,22,4,10,True
5651,Colombia,Bogotá D.C.,Bronce,False,True,True,1,0,0.0,43,15,10,False
5652,Colombia,Cúcuta,Bronce,False,False,True,2,1,332.0,10,5,9,True
5653,Colombia,Pereira,Bronce,False,False,True,1,0,0.0,31,6,8,True
5654,Perú,—,Bronce,True,False,True,1,0,0.0,34,0,6,True
5655,Colombia,Bogotá D.C.,Bronce,True,False,True,2,1,359.0,5,5,7,True
5656,Colombia,Medellín,Bronce,True,False,False,1,0,0.0,12,0,10,True
5657,Perú,—,Plata,False,False,True,8,7,4477.0,19,2,2,True
5658,México,—,Bronce,True,True,True,0,0,0.0,37,2,10,True
5659,Colombia,Cali,Bronce,False,False,True,7,4,2006.0,19,5,10,True
5660,Colombia,Cali,Bronce,False,False,False,1,0,0.0,21,2,10,True
5661,Uruguay,—,Oro,False,False,True,26,21,12907.0,54,8,7,False
5662,Colombia,Barranquilla,Bronce,True,False,True,1,0,0.0,28,2,7,True
5663,Colombia,Bogotá D.C.,Bronce,False,False,True,3,2,996.0,6,1,8,True
5664,Colombia,Bogotá D.C.,Bronce,False,False,True,1,0,0.0,17,13,7,False
5665,Chile,—,Oro,True,False,True,31,29,14198.0,40,5,7,True
5666,Ecuador,—,Bronce,True,False,True,0,0,0.0,36,3,4,True
5667,Uruguay,—,Oro,False,False,True,39,24,15043.0,44,7,8,False
5668,Ecuador,—,Plata,True,True,True,16,12,7233.0,5,1,7,True
5669,Perú,—,Plata,False,False,False,9,7,3901.0,66,11,8,False
5670,Colombia,Bogotá D.C.,Bronce,True,True,True,2,1,643.0,27,16,10,False
5671,Ecuador,—,Bronce,False,False,False,1,0,0.0,21,0,8,True
5672,Colombia,Medellín,Bronce,True,False,True,0,0,0.0,18,7,10,False
5673,Colombia,Bogotá D.C.,Bronce,False,True,True,1,0,0.0,50,9,8,False
5674,México,—,Plata,True,False,True,17,10,4095.0,107,2,6,True
5675,Ecuador,—,Bronce,False,False,False,1,0,0.0,63,7,9,False
5676,Perú,—,Bronce,True,False,True,2,1,449.0,37,10,4,False
5677,Colombia,Otras ciudades,Bronce,False,True,True,4,2,974.0,21,8,7,False
5678,Perú,—,Bronce,False,True,True,0,0,0.0,17,7,10,False
5679,Chile,—,Plata,False,False,True,14,8,3695.0,11,3,10,True
5680,México,—,Bronce,True,True,False,0,0,0.0,4,1,7,True
5681,Colombia,Popayán,Bronce,False,True,True,0,0,0.0,33,2,4,True
5682,Colombia,Cali,Bronce,True,False,True,0,0,0.0,122,7,6,False
5683,Colombia,Bogotá D.C.,Bronce,False,False,True,1,0,0.0,43,5,2,True
5684,Colombia,Bogotá D.C.,Bronce,True,False,True,0,0,0.0,3,2,5,True
5685,México,—,Bronce,True,False,True,2,1,315.0,38,7,5,False
5686,México,—,Bronce,True,False,True,0,0,0.0,98,8,10,False
5687,Colombia,Cali,Bronce,True,False,True,0,0,0.0,38,0,6,True
5688,Colombia,Bogotá D.C.,Bronce,False,False,True,3,2,1444.0,26,10,7,False
5689,Uruguay,—,Bronce,False,False,True,1,0,0.0,34,14,6,False
5690,Colombia,Bogotá D.C.,Plata,False,False,True,14,12,5234.0,25,2,5,True
5691,Ecuador,—,Bronce,True,False,True,5,4,2402.0,35,2,8,True
5692,México,—,Bronce,True,False,True,6,3,2027.0,10,5,7,True
5693,Colombia,Medellín,Bronce,False,False,True,2,1,550.0,94,5,6,True
5694,Colombia,Bucaramanga,Bronce,True,False,True,4,3,1168.0,37,3,10,True
5695,Perú,—,Bronce,True,False,True,0,0,0.0,4,6,6,True
5696,México,—,Bronce,False,False,True,1,0,0.0,63,4,8,True
5697,Colombia,Medellín,Bronce,True,False,True,1,0,0.0,54,3,8,True
5698,Colombia,Bogotá D.C.,Bronce,False,False,True,0,0,0.0,20,7,5,False
5699,Colombia,Otras ciudades,Bronce,False,False,True,7,5,2194.0,26,1,6,True
5700,Colombia,Valledupar,Plata,False,True,True,21,19,9713.0,4,9,6,False
5701,México,—,Bronce,False,False,False,0,0,0.0,15,3,7,True
5702,Colombia,Cali,Bronce,True,False,False,0,0,0.0,14,1,8,True
5703,Ecuador,—,Bronce,False,False,True,1,0,0.0,35,4,4,True
5704,Perú,—,Plata,True,False,True,8,5,2595.0,38,8,5,False
5705,México,—,Bronce,False,True,True,2,1,420.0,20,2,7,True
5706,Colombia,Cali,Bronce,False,True,False,3,2,784.0,66,6,8,True
5707,Colombia,Bogotá D.C.,Bronce,False,False,False,7,6,2377.0,20,19,7,False
5708,Colombia,Otras ciudades,Bronce,False,False,True,2,1,518.0,3,5,7,True
5709,Colombia,Medellín,Bronce,True,False,True,2,1,603.0,37,3,10,True
5710,Colombia,Bogotá D.C.,Bronce,False,False,True,0,0,0.0,10,4,8,True
5711,Colombia,Bogotá D.C.,Bronce,False,True,True,0,0,0.0,28,5,10,True
5712,Colombia,Otras ciudades,Bronce,True,False,True,0,0,0.0,2,5,9,True
5713,México,—,Bronce,False,True,False,0,0,0.0,24,4,10,True
5714,Colombia,Bogotá D.C.,Bronce,False,False,True,0,0,0.0,67,6,8,True
5715,Colombia,Bucaramanga,Plata,False,False,True,8,5,2273.0,23,5,8,True
5716,Colombia,Cúcuta,Bronce,False,True,True,1,0,0.0,58,0,10,True
5717,México,—,Bronce,False,False,True,0,0,0.0,19,2,10,True
5718,Perú,—,Bronce,False,False,True,5,4,1811.0,14,2,10,True
5719,Colombia,Medellín,Oro,False,False,True,53,37,22714.0,38,3,7,True
5720,Perú,—,Bronce,False,False,False,0,0,0.0,4,0,5,True
5721,Colombia,Cali,Bronce,False,False,True,1,0,0.0,1,5,4,True
5722,México,—,Bronce,True,False,True,7,5,2552.0,35,7,8,False
5723,Colombia,Otras ciudades,Bronce,True,False,True,0,0,0.0,24,4,10,True
5724,Perú,—,Bronce,True,True,True,0,0,0.0,19,1,10,True
5725,Ecuador,—,Bronce,False,True,False,0,0,0.0,56,8,8,False
5726,Colombia,Cali,Bronce,False,False,True,0,0,0.0,18,5,10,True
5727,México,—,Bronce,False,True,True,1,0,0.0,96,2,4,True
5728,Colombia,Medellín,Plata,False,False,True,16,10,3253.0,81,0,10,True
5729,Colombia,Bogotá D.C.,Platino,False,False,True,87,64,32499.0,36,5,6,True
5730,Colombia,Otras ciudades,Bronce,True,True,True,0,0,0.0,16,2,5,True
5731,Perú,—,Plata,False,False,True,12,7,3925.0,9,7,6,False
5732,Colombia,Pereira,Bronce,False,True,False,1,0,0.0,26,4,10,True
5733,Colombia,Cali,Bronce,True,False,False,0,0,0.0,3,3,7,True
5734,Perú,—,Bronce,True,True,True,0,0,0.0,4,2,7,True
5735,Colombia,Medellín,Bronce,False,False,True,0,0,0.0,20,6,6,True
5736,Colombia,Bogotá D.C.,Plata,True,False,True,8,6,3166.0,29,2,9,True
5737,Colombia,Villavicencio,Bronce,True,False,True,0,0,0.0,10,3,6,True
5738,Colombia,Pereira,Bronce,True,False,True,1,0,0.0,28,5,8,True
5739,Ecuador,—,Bronce,True,True,True,2,1,570.0,35,5,5,True
5740,Colombia,Bucaramanga,Bronce,False,True,True,1,0,0.0,34,3,5,True
5741,México,—,Bronce,False,False,True,0,0,0.0,26,3,5,True
5742,Colombia,Otras ciudades,Bronce,True,False,True,1,0,0.0,8,14,7,False
5743,Perú,—,Bronce,False,False,True,0,0,0.0,65,4,10,True
5744,Colombia,Cali,Bronce,True,False,False,4,3,1614.0,28,10,10,False
5745,Colombia,Bogotá D.C.,Bronce,True,True,True,0,0,0.0,14,2,6,True
5746,Colombia,Bogotá D.C.,Bronce,False,False,True,0,0,0.0,49,2,6,True
5747,Colombia,Popayán,Bronce,True,True,True,0,0,0.0,35,5,7,True
5748,Colombia,Bogotá D.C.,Bronce,False,False,False,0,0,0.0,4,8,6,False
5749,Perú,—,Plata,False,False,True,10,6,3058.0,33,2,6,True
5750,Colombia,Cali,Bronce,False,True,True,3,2,854.0,65,0,10,True
5751,Colombia,Bogotá D.C.,Bronce,True,False,True,4,3,1470.0,13,3,2,True
5752,Colombia,Bogotá D.C.,Bronce,False,False,True,2,1,436.0,27,1,9,True
5753,Colombia,Otras ciudades,Bronce,False,False,True,0,0,0.0,53,3,7,True
5754,Colombia,Bogotá D.C.,Bronce,True,False,False,0,0,0.0,48,7,7,False
5755,Colombia,Medellín,Bronce,False,False,True,2,1,581.0,23,2,9,True
5756,Perú,—,Oro,True,False,False,53,35,19203.0,14,12,8,False
5757,Ecuador,—,Bronce,False,False,False,0,0,0.0,3,4,8,True
5758,Colombia,Pereira,Plata,False,True,True,21,16,7662.0,47,9,6,False
5759,Colombia,Bogotá D.C.,Bronce,True,False,True,1,0,0.0,31,2,6,True
5760,Colombia,Bucaramanga,Bronce,True,True,True,0,0,0.0,16,3,7,True
5761,Colombia,Bogotá D.C.,Bronce,False,False,True,1,0,0.0,19,4,4,True
5762,Perú,—,Bronce,True,False,False,4,2,969.0,41,1,7,True
5763,Colombia,Otras ciudades,Bronce,False,False,True,3,1,470.0,35,3,10,True
5764,Colombia,Bogotá D.C.,Platino,False,False,True,64,53,28677.0,72,3,8,True
5765,Colombia,Bogotá D.C.,Bronce,False,False,True,0,0,0.0,39,11,6,False
5766,Colombia,Medellín,Bronce,True,False,True,0,0,0.0,34,0,4,True
5767,Colombia,Bogotá D.C.,Bronce,False,False,True,2,1,278.0,63,1,7,True
5768,México,—,Bronce,False,True,True,0,0,0.0,8,5,5,True
5769,Colombia,Otras ciudades,Bronce,False,False,True,0,0,0.0,67,8,8,False
5770,Colombia,Bucaramanga,Bronce,False,False,False,0,0,0.0,13,5,7,True
5771,Colombia,Medellín,Bronce,True,False,False,0,0,0.0,8,9,4,False
5772,Colombia,Bogotá D.C.,Bronce,False,True,True,2,1,485.0,25,19,6,False
5773,Colombia,Cúcuta,Bronce,True,True,False,4,2,968.0,26,12,6,False
5774,Colombia,Barranquilla,Bronce,True,False,True,6,5,2356.0,29,7,6,False
5775,Perú,—,Bronce,False,False,True,0,0,0.0,14,4,7,True
5776,Colombia,Bucaramanga,Bronce,False,True,False,0,0,0.0,15,4,7,True
5777,Ecuador,—,Bronce,False,True,True,0,0,0.0,65,0,10,True
5778,México,—,Bronce,False,False,True,1,0,0.0,41,5,5,True
5779,Colombia,Santa Marta,Bronce,False,False,True,3,1,458.0,11,3,9,True
5780,Colombia,Cali,Plata,False,False,False,14,12,5379.0,23,10,7,False
5781,Colombia,Bogotá D.C.,Bronce,False,False,True,5,3,1403.0,12,21,7,False
5782,Colombia,Barranquilla,Bronce,False,True,True,3,2,1124.0,20,7,8,False
5783,Colombia,Bogotá D.C.,Bronce,True,False,True,1,0,0.0,91,3,7,True
5784,Chile,—,Bronce,True,False,True,0,0,0.0,14,12,9,False
5785,Ecuador,—,Bronce,True,False,False,0,0,0.0,46,2,7,True
5786,Colombia,Barranquilla,Bronce,True,True,True,7,5,2114.0,41,7,10,False
5787,Colombia,Bucaramanga,Bronce,False,True,True,5,4,1990.0,7,5,6,True
5788,Colombia,Bogotá D.C.,Bronce,True,False,False,3,2,827.0,3,1,10,True
5789,Colombia,Cali,Bronce,False,False,True,0,0,0.0,13,7,4,False
5790,Colombia,Cali,Bronce,True,True,True,1,0,0.0,45,13,7,False
5791,Colombia,Barranquilla,Bronce,True,True,False,0,0,0.0,16,3,6,True
5792,México,—,Bronce,False,False,True,0,0,0.0,14,9,4,False
5793,Colombia,Cali,Bronce,False,True,True,0,0,0.0,44,17,10,False
5794,Ecuador,—,Bronce,False,True,True,0,0,0.0,19,8,8,False
5795,Colombia,Cali,Bronce,False,False,True,0,0,0.0,47,1,9,True
5796,Colombia,Medellín,Plata,True,False,False,12,7,2726.0,46,13,9,False
5797,Colombia,Bogotá D.C.,Bronce,False,False,True,1,0,0.0,7,2,10,True
5798,Colombia,Cúcuta,Bronce,True,True,False,1,0,0.0,40,2,10,True
5799,México,—,Bronce,False,True,True,3,2,686.0,43,9,7,False
5800,Colombia,Villavicencio,Bronce,True,True,True,1,0,0.0,5,12,9,False
5801,México,—,Bronce,False,True,True,6,5,3472.0,30,1,6,True
5802,México,—,Bronce,True,False,True,1,0,0.0,20,9,7,False
5803,Colombia,Cúcuta,Bronce,True,False,False,1,0,0.0,22,10,8,False
5804,Colombia,Medellín,Bronce,True,False,True,0,0,0.0,17,4,10,True
5805,Colombia,Ibagué,Bronce,False,False,True,0,0,0.0,19,6,8,True
5806,Colombia,Bogotá D.C.,Bronce,True,False,True,7,5,2368.0,77,10,8,False
5807,Colombia,Otras ciudades,Bronce,False,False,False,3,2,874.0,25,2,10,True
5808,Colombia,Villavicencio,Bronce,False,False,False,0,0,0.0,22,3,3,True
5809,Colombia,Medellín,Bronce,False,True,True,0,0,0.0,12,2,9,True
5810,Colombia,Bogotá D.C.,Bronce,True,False,False,0,0,0.0,28,15,9,False
5811,México,—,Bronce,False,True,True,0,0,0.0,15,1,7,True
5812,Uruguay,—,Bronce,True,False,True,2,1,483.0,28,1,6,True
5813,Colombia,Cali,Bronce,True,False,False,7,5,2365.0,30,10,4,False
5814,Perú,—,Plata,False,True,True,18,12,6835.0,4,9,5,False
5815,Perú,—,Bronce,False,True,True,0,0,0.0,36,2,9,True
5816,Colombia,Bogotá D.C.,Bronce,False,True,True,3,2,1129.0,22,15,6,False
5817,Perú,—,Bronce,False,False,True,0,0,0.0,7,10,7,False
5818,México,—,Bronce,False,True,True,1,0,0.0,18,5,10,True
5819,Ecuador,—,Plata,False,False,True,10,8,3806.0,41,11,10,False
5820,Colombia,Barranquilla,Bronce,False,False,False,7,5,2647.0,20,1,8,True
5821,Colombia,Cali,Bronce,True,False,True,2,1,478.0,34,4,5,True
5822,Colombia,Bogotá D.C.,Bronce,True,False,True,4,3,1388.0,15,2,0,True
5823,Colombia,Bogotá D.C.,Bronce,False,True,True,1,0,0.0,20,0,9,True
5824,Colombia,Bogotá D.C.,Bronce,False,True,True,0,0,0.0,22,2,10,True
5825,Ecuador,—,Bronce,True,False,True,0,0,0.0,31,6,9,True
5826,México,—,Bronce,True,False,True,1,0,0.0,54,2,8,True
5827,Colombia,Bogotá D.C.,Bronce,False,False,True,0,0,0.0,23,2,10,True
5828,Perú,—,Bronce,True,False,True,4,3,1549.0,51,4,10,True
5829,México,—,Bronce,True,False,True,1,0,0.0,2,7,5,False
5830,Colombia,Bogotá D.C.,Bronce,True,False,True,1,0,0.0,57,5,8,True
5831,Ecuador,—,Bronce,True,False,True,0,0,0.0,46,3,7,True
5832,Colombia,Medellín,Bronce,True,False,True,3,1,531.0,5,3,10,True
5833,Colombia,Montería,Bronce,True,False,True,0,0,0.0,39,2,8,True
5834,Colombia,Cúcuta,Bronce,True,True,True,1,0,0.0,41,3,7,True
5835,Colombia,Pereira,Bronce,False,True,True,4,3,1539.0,29,3,3,True
5836,Colombia,Cali,Bronce,False,False,True,7,4,2163.0,50,0,6,True
5837,México,—,Bronce,True,False,True,1,0,0.0,27,12,8,False
5838,Colombia,Cartagena,Bronce,False,False,True,2,1,534.0,74,2,10,True
5839,Uruguay,—,Bronce,False,False,True,2,1,355.0,74,7,3,False
5840,México,—,Plata,True,False,True,9,6,2749.0,6,3,5,True
5841,Colombia,Bogotá D.C.,Bronce,False,False,True,0,0,0.0,16,9,4,False
5842,México,—,Bronce,True,True,True,0,0,0.0,15,7,7,False
5843,Colombia,Pereira,Bronce,False,False,True,2,1,577.0,59,1,9,True
5844,Colombia,Bogotá D.C.,Bronce,False,False,True,3,2,917.0,44,17,6,False
5845,Colombia,Bogotá D.C.,Bronce,False,False,False,0,0,0.0,10,9,4,False
5846,Colombia,Bogotá D.C.,Bronce,False,False,True,3,2,1013.0,15,21,7,False
5847,Colombia,Otras ciudades,Bronce,True,False,True,4,3,1570.0,35,8,7,False
5848,Ecuador,—,Bronce,False,True,True,5,4,1787.0,17,13,7,False
5849,Colombia,Pereira,Bronce,True,False,True,6,3,1281.0,57,4,8,True
5850,Colombia,Bucaramanga,Bronce,True,False,False,4,2,924.0,18,2,7,True
5851,Ecuador,—,Bronce,True,True,True,1,0,0.0,17,4,6,True
5852,Uruguay,—,Bronce,False,False,True,3,2,1067.0,13,6,6,True
5853,Colombia,Bogotá D.C.,Bronce,True,False,True,3,1,769.0,48,2,6,True
5854,Ecuador,—,Bronce,False,True,False,4,3,1466.0,14,16,9,False
5855,Colombia,Bogotá D.C.,Bronce,False,False,True,0,0,0.0,39,11,7,False
5856,Colombia,Bogotá D.C.,Bronce,True,True,True,7,4,2319.0,4,3,7,True
5857,Uruguay,—,Bronce,True,False,True,1,0,0.0,10,3,5,True
5858,Colombia,Bogotá D.C.,Bronce,False,False,True,1,0,0.0,4,13,10,False
5859,México,—,Plata,False,False,True,9,6,1484.0,29,10,5,False
5860,Colombia,Cúcuta,Plata,False,False,True,12,11,5275.0,27,6,5,True
5861,México,—,Bronce,False,False,False,0,0,0.0,28,7,5,False
5862,Colombia,Bogotá D.C.,Bronce,False,False,True,4,2,1071.0,14,0,8,True
5863,Chile,—,Bronce,True,False,True,2,1,414.0,83,5,10,True
5864,Colombia,Ibagué,Bronce,False,True,True,0,0,0.0,12,19,4,False
5865,Colombia,Bogotá D.C.,Oro,False,False,True,46,39,17430.0,21,8,10,False
5866,Colombia,Manizales,Plata,True,True,True,16,12,3670.0,26,16,6,False
5867,Colombia,Otras ciudades,Bronce,False,False,False,3,2,948.0,24,4,9,True
5868,México,—,Bronce,True,True,True,1,0,0.0,38,0,10,True
5869,Colombia,Barranquilla,Bronce,True,True,True,1,0,0.0,26,16,4,False
5870,México,—,Bronce,False,False,True,3,2,901.0,13,6,2,True
5871,Colombia,Medellín,Bronce,False,True,True,3,2,1225.0,24,13,5,False
5872,México,—,Bronce,False,False,True,1,0,0.0,7,8,10,False
5873,México,—,Bronce,False,False,True,1,0,0.0,40,16,10,False
5874,Colombia,Bogotá D.C.,Bronce,True,False,False,0,0,0.0,8,26,6,False
5875,Colombia,Medellín,Bronce,True,False,True,0,0,0.0,41,17,10,False
5876,México,—,Bronce,True,False,True,2,1,415.0,18,0,8,True
5877,Ecuador,—,Bronce,False,False,False,6,5,2516.0,126,8,8,False
5878,Colombia,Bogotá D.C.,Plata,False,False,True,10,8,3799.0,63,4,9,True
5879,Colombia,Bogotá D.C.,Bronce,False,False,True,3,2,912.0,12,2,6,True
5880,Colombia,Medellín,Bronce,True,True,True,0,0,0.0,9,5,9,True
5881,Colombia,Medellín,Bronce,False,True,False,1,0,0.0,12,4,8,True
5882,Colombia,Medellín,Bronce,False,True,False,0,0,0.0,37,13,10,False
5883,Colombia,Medellín,Bronce,True,True,True,0,0,0.0,24,1,6,True
5884,Perú,—,Bronce,False,True,True,0,0,0.0,10,7,4,False
5885,México,—,Bronce,False,True,True,0,0,0.0,61,19,4,False
5886,Ecuador,—,Bronce,False,False,True,0,0,0.0,3,13,8,False
5887,Colombia,Bogotá D.C.,Oro,True,False,False,40,35,12983.0,38,9,4,False
5888,Colombia,Bogotá D.C.,Platino,False,True,False,138,128,110256.0,6,1,5,True
5889,Colombia,Pereira,Bronce,False,True,True,3,2,1153.0,28,3,10,True
5890,Perú,—,Bronce,False,False,True,0,0,0.0,9,0,7,True
5891,Colombia,Barranquilla,Bronce,True,False,True,0,0,0.0,9,3,10,True
5892,México,—,Bronce,True,False,True,0,0,0.0,103,5,7,True
5893,Uruguay,—,Bronce,False,False,True,0,0,0.0,36,7,8,False
5894,Colombia,Santa Marta,Bronce,True,True,True,0,0,0.0,10,2,5,True
5895,Colombia,Cali,Bronce,False,False,False,1,0,0.0,22,6,7,True
5896,Colombia,Ibagué,Bronce,True,False,True,0,0,0.0,18,1,7,True
5897,Ecuador,—,Bronce,True,True,False,5,4,2083.0,46,0,9,True
5898,Colombia,Bogotá D.C.,Plata,False,False,False,20,13,5814.0,48,9,6,False
5899,Colombia,Medellín,Bronce,False,True,True,1,0,0.0,10,12,8,False
5900,Colombia,Bogotá D.C.,Bronce,True,False,True,1,0,0.0,29,14,7,False
5901,Colombia,Bogotá D.C.,Bronce,False,False,False,5,4,1679.0,53,3,4,True
5902,México,—,Bronce,False,False,True,0,0,0.0,16,11,8,False
5903,México,—,Oro,False,True,True,51,37,14285.0,55,18,8,False
5904,Colombia,Bogotá D.C.,Bronce,False,True,True,0,0,0.0,13,4,10,True
5905,México,—,Platino,True,True,True,122,105,35439.0,44,4,7,True
5906,Perú,—,Bronce,True,False,True,0,0,0.0,35,7,7,False
5907,México,—,Oro,True,False,True,38,26,13845.0,13,9,10,False
5908,Colombia,Bogotá D.C.,Bronce,True,False,True,2,1,603.0,70,6,9,True
5909,Colombia,Bogotá D.C.,Bronce,True,False,True,0,0,0.0,1,3,9,True
5910,Colombia,Medellín,Bronce,False,True,True,3,1,516.0,25,21,7,False
5911,México,—,Bronce,False,True,False,0,0,0.0,54,7,6,False
5912,Colombia,Cúcuta,Bronce,True,False,True,2,1,620.0,9,2,8,True
5913,Colombia,Barranquilla,Bronce,True,True,False,0,0,0.0,13,3,7,True
5914,México,—,Bronce,False,True,True,0,0,0.0,10,19,6,False
5915,Colombia,Cali,Bronce,False,False,True,2,1,623.0,27,6,7,True
5916,Ecuador,—,Bronce,False,True,True,3,2,1009.0,36,3,7,True
5917,Colombia,Otras ciudades,Bronce,False,True,False,0,0,0.0,12,0,4,True
5918,Colombia,Cali,Bronce,False,False,True,0,0,0.0,3,0,7,True
5919,Colombia,Otras ciudades,Bronce,False,False,True,0,0,0.0,40,9,6,False
5920,Colombia,Barranquilla,Bronce,True,True,True,3,2,799.0,83,4,2,True
5921,Perú,—,Bronce,True,False,False,0,0,0.0,17,7,9,False
5922,Colombia,Bogotá D.C.,Bronce,True,True,True,6,4,2211.0,56,5,6,True
5923,Colombia,Sincelejo,Bronce,True,False,False,7,4,1395.0,9,0,4,True
5924,Colombia,Popayán,Oro,False,False,True,26,15,5451.0,10,6,8,True
5925,Perú,—,Bronce,False,True,False,0,0,0.0,26,2,8,True
5926,Colombia,Medellín,Bronce,True,False,False,2,1,640.0,31,5,6,True
5927,México,—,Bronce,True,False,False,4,3,1952.0,21,7,8,False
5928,Colombia,Cali,Bronce,False,False,True,5,3,2026.0,18,3,5,True
5929,Colombia,Cali,Bronce,False,False,True,1,0,0.0,18,0,6,True
5930,Perú,—,Bronce,False,False,True,2,1,407.0,13,5,10,True
5931,México,—,Bronce,False,False,True,3,2,1002.0,32,6,5,True
5932,Perú,—,Plata,False,True,True,20,15,7190.0,1,3,10,True
5933,Colombia,Medellín,Plata,False,False,True,8,6,3352.0,21,8,10,False
5934,Ecuador,—,Oro,False,False,True,34,22,12613.0,15,5,6,True
5935,Colombia,Barranquilla,Bronce,True,True,True,0,0,0.0,25,0,1,True
5936,Colombia,Bogotá D.C.,Plata,False,False,True,10,8,4593.0,43,1,10,True
5937,Colombia,Medellín,Bronce,True,False,True,3,1,414.0,34,8,4,False
5938,Colombia,Otras ciudades,Bronce,True,False,True,0,0,0.0,12,3,8,True
5939,Colombia,Bogotá D.C.,Bronce,True,False,True,0,0,0.0,15,7,4,False
5940,Perú,—,Bronce,True,False,True,4,3,1765.0,15,1,8,True
5941,México,—,Plata,True,True,True,14,11,4904.0,28,5,5,True
5942,Colombia,Bogotá D.C.,Bronce,True,True,False,2,1,322.0,17,1,7,True
5943,Colombia,Bogotá D.C.,Bronce,True,False,True,2,1,626.0,15,3,8,True
5944,Colombia,Cartagena,Plata,False,False,True,11,8,5145.0,12,3,7,True
5945,Colombia,Bogotá D.C.,Bronce,True,True,True,2,1,411.0,3,18,6,False
5946,Colombia,Bogotá D.C.,Bronce,True,False,True,3,1,402.0,60,0,7,True
5947,México,—,Plata,True,False,True,8,5,2049.0,6,5,9,True
5948,Colombia,Bogotá D.C.,Bronce,True,False,True,1,0,0.0,36,3,6,True
5949,Colombia,Bogotá D.C.,Bronce,False,False,True,3,2,1059.0,18,1,10,True
5950,Colombia,Bogotá D.C.,Bronce,True,False,True,4,3,2130.0,68,1,8,True
5951,Colombia,Bogotá D.C.,Bronce,True,False,True,2,1,509.0,7,1,7,True
5952,Colombia,Ibagué,Oro,True,False,True,26,22,11833.0,31,6,7,True
5953,Ecuador,—,Bronce,False,True,True,0,0,0.0,6,2,8,True
5954,Colombia,Bogotá D.C.,Bronce,False,True,True,0,0,0.0,25,9,2,False
5955,México,—,Bronce,False,True,True,0,0,0.0,7,3,4,True
5956,Uruguay,—,Bronce,False,False,True,1,0,0.0,26,2,6,True
5957,Colombia,Barranquilla,Bronce,False,False,True,0,0,0.0,38,14,9,False
5958,Colombia,Cartagena,Bronce,True,False,True,5,3,1556.0,43,10,7,False
5959,Colombia,Bogotá D.C.,Plata,False,True,True,10,8,4231.0,7,0,7,True
5960,Colombia,Barranquilla,Bronce,True,False,True,7,6,3541.0,13,1,8,True
5961,Ecuador,—,Bronce,False,False,False,2,1,555.0,8,2,10,True
5962,Colombia,Valledupar,Bronce,False,False,True,2,1,412.0,100,8,7,False
5963,Ecuador,—,Bronce,False,False,True,0,0,0.0,34,1,8,True
5964,Colombia,Bogotá D.C.,Bronce,True,True,True,0,0,0.0,43,1,7,True
5965,México,—,Bronce,True,True,True,0,0,0.0,48,14,10,False
5966,Perú,—,Bronce,True,True,True,0,0,0.0,10,8,4,False
5967,México,—,Bronce,True,True,True,1,0,0.0,61,3,5,True
5968,Colombia,Ibagué,Bronce,True,False,True,0,0,0.0,10,6,8,True
5969,Colombia,Bogotá D.C.,Bronce,True,False,True,5,3,1202.0,28,7,8,False
5970,Ecuador,—,Bronce,True,False,True,2,1,500.0,17,5,7,True
5971,Colombia,Bogotá D.C.,Plata,True,False,True,13,12,5598.0,33,1,8,True
5972,Colombia,Cali,Platino,False,False,True,72,67,39216.0,7,9,5,False
5973,México,—,Bronce,True,True,True,0,0,0.0,24,0,7,True
5974,Colombia,Bogotá D.C.,Plata,True,True,True,19,11,7116.0,24,1,10,True
5975,México,—,Bronce,True,False,True,0,0,0.0,10,1,7,True
5976,Ecuador,—,Bronce,False,False,False,0,0,0.0,7,1,9,True
5977,Colombia,Bogotá D.C.,Bronce,False,True,True,7,5,1731.0,119,5,10,True
5978,Perú,—,Bronce,True,False,False,2,1,567.0,28,13,9,False
5979,Colombia,Medellín,Bronce,False,False,True,0,0,0.0,56,1,7,True
5980,Ecuador,—,Bronce,True,True,True,0,0,0.0,51,1,5,True
5981,Colombia,Bogotá D.C.,Bronce,False,False,False,0,0,0.0,53,0,6,True
5982,Colombia,Medellín,Bronce,False,True,True,0,0,0.0,22,2,8,True
5983,Perú,—,Bronce,True,False,True,5,3,1424.0,53,9,3,False
5984,Colombia,Bucaramanga,Plata,False,True,True,17,14,5386.0,29,1,9,True
5985,Colombia,Otras ciudades,Bronce,False,False,True,1,0,0.0,34,5,9,True
5986,Colombia,Pereira,Bronce,False,False,True,0,0,0.0,50,5,10,True
5987,Perú,—,Bronce,False,True,True,2,1,242.0,31,1,9,True
5988,Colombia,Bogotá D.C.,Bronce,False,True,False,0,0,0.0,7,2,7,True
5989,Colombia,Ibagué,Bronce,True,True,True,7,4,1292.0,12,17,10,False
5990,Colombia,Barranquilla,Bronce,False,True,False,0,0,0.0,45,2,6,True
5991,Colombia,Cali,Bronce,True,False,True,1,0,0.0,18,6,4,True
5992,Colombia,Bogotá D.C.,Bronce,False,True,False,0,0,0.0,35,8,4,False
5993,Uruguay,—,Bronce,False,False,False,1,0,0.0,9,3,5,True
5994,México,—,Plata,False,False,True,9,7,3144.0,19,1,3,True
5995,Uruguay,—,Bronce,True,True,True,0,0,0.0,6,14,6,False
5996,Colombia,Bogotá D.C.,Bronce,False,False,True,6,4,1363.0,48,1,10,True
5997,Colombia,Bogotá D.C.,Oro,True,False,True,32,28,11571.0,13,5,7,True
5998,Colombia,Cali,Plata,False,True,True,8,6,3416.0,57,5,5,True
5999,Colombia,Barranquilla,Bronce,False,True,True,3,2,1086.0,69,4,4,True
6000,Colombia,Bogotá D.C.,Bronce,True,False,True,2,1,500.0,15,5,8,True
6001,Colombia,Otras ciudades,Plata,False,False,True,10,6,2787.0,2,3,3,True
6002,Colombia,Medellín,Bronce,False,False,True,3,1,390.0,3,17,8,False
6003,Colombia,Medellín,Bronce,True,False,True,4,3,1274.0,22,2,7,True
6004,Colombia,Medellín,Plata,False,False,True,9,6,2787.0,8,5,10,True
6005,Perú,—,Bronce,False,False,True,1,0,0.0,3,11,5,False
6006,Colombia,Bogotá D.C.,Bronce,False,False,True,0,0,0.0,41,5,6,True
6007,Colombia,Medellín,Bronce,False,False,False,3,2,886.0,31,3,6,True
6008,Colombia,Otras ciudades,Bronce,False,False,False,1,0,0.0,43,5,9,True
6009,Colombia,Medellín,Bronce,False,True,True,0,0,0.0,17,8,8,False
6010,México,—,Bronce,True,True,False,2,1,669.0,6,3,9,True
6011,Colombia,Otras ciudades,Bronce,False,False,True,0,0,0.0,9,14,4,False
6012,Ecuador,—,Bronce,False,False,True,1,0,0.0,6,4,10,True
6013,Colombia,Otras ciudades,Plata,False,False,True,8,7,2541.0,5,9,7,False
6014,Colombia,Bogotá D.C.,Bronce,False,False,True,0,0,0.0,12,1,8,True
6015,Colombia,Cartagena,Bronce,False,False,True,4,3,1365.0,115,0,7,True
6016,Colombia,Manizales,Bronce,False,True,True,1,0,0.0,10,5,9,True
6017,Colombia,Barranquilla,Bronce,True,True,True,1,0,0.0,58,8,4,False
6018,México,—,Bronce,False,False,True,6,4,1872.0,69,10,6,False
6019,Colombia,Bogotá D.C.,Bronce,True,True,True,0,0,0.0,12,10,8,False
6020,Ecuador,—,Bronce,False,False,True,6,5,1898.0,20,5,4,True
6021,Colombia,Medellín,Bronce,False,False,True,1,0,0.0,30,1,8,True
6022,Colombia,Bogotá D.C.,Bronce,True,True,True,0,0,0.0,29,1,6,True
6023,Colombia,Villavicencio,Bronce,True,False,True,2,1,498.0,7,0,3,True
6024,Perú,—,Bronce,False,False,False,0,0,0.0,52,2,6,True
6025,Colombia,Medellín,Bronce,True,False,True,0,0,0.0,15,2,5,True
6026,Colombia,Medellín,Bronce,False,True,True,0,0,0.0,11,3,8,True
6027,Colombia,Cali,Plata,True,True,True,8,5,2703.0,1,2,8,True
6028,Colombia,Bogotá D.C.,Plata,False,True,True,10,7,3492.0,92,8,8,False
6029,Colombia,Barranquilla,Bronce,False,False,True,5,4,1907.0,43,4,10,True
6030,Ecuador,—,Bronce,False,False,True,3,2,810.0,24,8,9,False
6031,Ecuador,—,Bronce,False,False,True,0,0,0.0,23,4,6,True
6032,Ecuador,—,Bronce,False,False,True,2,1,522.0,36,1,10,True
6033,Colombia,Medellín,Plata,True,False,True,11,7,2896.0,36,15,8,False
6034,Colombia,Cartagena,Bronce,False,False,True,0,0,0.0,23,18,6,False
6035,Colombia,Pereira,Bronce,False,False,True,5,3,1234.0,23,5,7,True
6036,Ecuador,—,Bronce,False,False,False,1,0,0.0,32,2,3,True
6037,Colombia,Barranquilla,Bronce,False,False,True,5,3,1674.0,47,7,7,False
6038,Colombia,Cali,Bronce,False,False,True,1,0,0.0,44,10,8,False
6039,México,—,Bronce,False,True,True,0,0,0.0,68,6,9,True
6040,Ecuador,—,Bronce,True,False,False,3,2,940.0,21,12,9,False
6041,Colombia,Bogotá D.C.,Bronce,False,False,True,1,0,0.0,19,2,9,True
6042,Colombia,Cali,Bronce,False,False,True,0,0,0.0,30,1,7,True
6043,México,—,Bronce,True,False,True,0,0,0.0,8,12,6,False
6044,Uruguay,—,Bronce,False,True,True,0,0,0.0,43,3,6,True
6045,México,—,Bronce,False,False,True,7,4,1578.0,12,6,6,True
6046,Uruguay,—,Bronce,False,False,True,0,0,0.0,12,15,4,False
6047,Colombia,Medellín,Bronce,True,False,True,0,0,0.0,20,1,6,True
6048,Colombia,Bogotá D.C.,Bronce,True,False,True,0,0,0.0,16,5,6,True
6049,Perú,—,Bronce,False,False,True,1,0,0.0,27,1,8,True
6050,Colombia,Manizales,Bronce,True,False,True,0,0,0.0,97,11,4,False
6051,Colombia,Bogotá D.C.,Bronce,True,False,True,4,2,944.0,2,1,5,True
6052,Colombia,Medellín,Bronce,False,False,True,3,1,467.0,31,9,9,False
6053,Perú,—,Bronce,True,True,True,1,0,0.0,44,3,4,True
6054,Colombia,Bogotá D.C.,Plata,False,True,True,15,13,7832.0,25,1,9,True
6055,México,—,Bronce,False,False,True,2,1,373.0,34,15,8,False
6056,Colombia,Armenia,Bronce,True,False,True,6,4,1710.0,31,3,6,True
6057,Colombia,Bogotá D.C.,Bronce,False,False,True,1,0,0.0,9,7,6,False
6058,Ecuador,—,Bronce,True,False,True,7,6,3029.0,3,2,4,True
6059,Colombia,Otras ciudades,Bronce,True,True,True,4,2,1202.0,29,4,8,True
6060,Colombia,Bogotá D.C.,Bronce,True,True,False,3,1,415.0,25,6,9,True
6061,México,—,Plata,True,False,True,9,7,3045.0,85,6,9,True
6062,Colombia,Bucaramanga,Bronce,False,False,True,3,2,1348.0,42,9,10,False
6063,Colombia,Medellín,Bronce,False,False,True,0,0,0.0,11,14,10,False
6064,Colombia,Manizales,Bronce,False,False,True,4,3,1396.0,28,2,7,True
6065,Colombia,Bucaramanga,Bronce,False,True,True,2,1,664.0,9,2,9,True
6066,Colombia,Montería,Bronce,True,False,True,5,3,1139.0,28,12,9,False
6067,México,—,Bronce,True,True,False,2,1,478.0,33,8,10,False
6068,Colombia,Bogotá D.C.,Plata,False,False,True,18,13,7367.0,36,2,10,True
6069,México,—,Plata,False,True,True,14,9,5805.0,47,7,9,False
6070,Uruguay,—,Bronce,False,True,True,1,0,0.0,29,14,6,False
6071,Colombia,Otras ciudades,Bronce,True,True,True,1,0,0.0,24,2,6,True
6072,Colombia,Ibagué,Bronce,False,False,True,0,0,0.0,55,2,8,True
6073,Colombia,Otras ciudades,Bronce,False,False,False,0,0,0.0,37,7,7,False
6074,Colombia,Sincelejo,Plata,False,True,True,22,13,6093.0,7,12,8,False
6075,México,—,Bronce,True,True,False,1,0,0.0,4,2,4,True
6076,Colombia,Bogotá D.C.,Bronce,True,True,True,0,0,0.0,41,9,6,False
6077,Colombia,Neiva,Bronce,False,False,True,0,0,0.0,12,2,7,True
6078,Ecuador,—,Bronce,False,False,True,2,1,338.0,11,6,9,True
6079,Colombia,Bogotá D.C.,Bronce,False,False,True,0,0,0.0,15,8,8,False
6080,Colombia,Bogotá D.C.,Bronce,True,False,True,2,1,740.0,60,2,8,True
6081,Colombia,Medellín,Bronce,False,True,True,0,0,0.0,39,11,7,False
6082,Perú,—,Bronce,False,False,True,1,0,0.0,7,0,7,True
6083,México,—,Bronce,False,True,True,3,2,1077.0,7,5,9,True
6084,Colombia,Bucaramanga,Bronce,False,True,True,0,0,0.0,7,5,9,True
6085,Chile,—,Bronce,True,False,True,1,0,0.0,2,5,7,True
6086,México,—,Bronce,False,False,True,0,0,0.0,1,4,8,True
6087,Colombia,Bogotá D.C.,Plata,True,False,True,20,16,4655.0,29,4,8,True
6088,Ecuador,—,Bronce,True,False,False,0,0,0.0,9,3,3,True
6089,Colombia,Cartagena,Bronce,False,True,True,5,4,2671.0,27,4,10,True
6090,Colombia,Cúcuta,Plata,False,False,True,14,10,7260.0,15,15,9,False
6091,Colombia,Medellín,Bronce,False,True,False,0,0,0.0,69,2,10,True
6092,México,—,Bronce,True,False,True,3,2,1382.0,74,8,6,False
6093,Colombia,Ibagué,Bronce,True,True,True,0,0,0.0,28,1,8,True
6094,México,—,Bronce,True,False,True,1,0,0.0,70,6,4,True
6095,Colombia,Neiva,Bronce,False,False,True,0,0,0.0,20,2,8,True
6096,México,—,Bronce,False,True,True,0,0,0.0,20,13,10,False
6097,Colombia,Otras ciudades,Bronce,True,False,True,0,0,0.0,19,12,6,False
6098,Perú,—,Bronce,False,False,True,1,0,0.0,6,2,9,True
6099,Colombia,Otras ciudades,Bronce,True,False,True,0,0,0.0,28,3,5,True
6100,Ecuador,—,Plata,False,False,False,9,6,3013.0,37,11,4,False
6101,Colombia,Barranquilla,Bronce,False,False,True,2,1,487.0,17,3,10,True
6102,Colombia,Bogotá D.C.,Bronce,False,False,True,1,0,0.0,6,0,7,True
6103,Colombia,Sincelejo,Bronce,True,True,True,2,1,375.0,34,7,10,False
6104,Chile,—,Bronce,False,True,True,0,0,0.0,28,9,10,False
6105,Colombia,Bogotá D.C.,Bronce,True,False,True,3,2,1236.0,25,12,10,False
6106,México,—,Bronce,True,False,True,0,0,0.0,11,7,4,False
6107,Colombia,Cartagena,Bronce,False,False,True,1,0,0.0,62,6,5,True
6108,Colombia,Bogotá D.C.,Bronce,True,False,True,0,0,0.0,5,0,10,True
6109,Colombia,Medellín,Bronce,True,False,True,4,2,956.0,21,10,7,False
6110,Colombia,Pasto,Bronce,False,True,True,1,0,0.0,6,20,9,False
6111,Perú,—,Bronce,True,False,True,0,0,0.0,23,1,10,True
6112,Colombia,Cali,Plata,False,True,True,11,6,1793.0,17,5,10,True
6113,Colombia,Cartagena,Bronce,True,False,True,0,0,0.0,94,2,9,True
6114,Colombia,Medellín,Plata,False,False,True,12,8,5105.0,46,7,7,False
6115,Chile,—,Bronce,True,True,True,0,0,0.0,25,8,9,False
6116,Colombia,Bogotá D.C.,Bronce,False,True,False,0,0,0.0,24,10,6,False
6117,Perú,—,Bronce,False,False,True,0,0,0.0,22,4,9,True
6118,Ecuador,—,Bronce,True,False,True,1,0,0.0,21,18,5,False
6119,Colombia,Cali,Bronce,True,False,True,0,0,0.0,8,1,4,True
6120,Uruguay,—,Bronce,True,False,True,0,0,0.0,18,8,5,False
6121,Colombia,Bogotá D.C.,Plata,True,False,True,8,5,2169.0,29,6,8,True
6122,Colombia,Bogotá D.C.,Bronce,False,False,True,0,0,0.0,20,3,5,True
6123,Ecuador,—,Plata,False,False,True,16,14,5869.0,47,1,5,True
6124,Colombia,Bogotá D.C.,Bronce,False,False,True,0,0,0.0,12,9,9,False
6125,México,—,Plata,False,True,True,13,10,4236.0,26,24,10,False
6126,México,—,Bronce,False,False,False,0,0,0.0,37,4,9,True
6127,Colombia,Cali,Bronce,False,True,True,7,4,2006.0,53,2,8,True
6128,México,—,Plata,False,False,True,11,9,4630.0,53,3,3,True
6129,Colombia,Medellín,Bronce,True,True,True,1,0,0.0,11,0,6,True
6130,México,—,Bronce,True,True,True,1,0,0.0,51,5,5,True
6131,Colombia,Barranquilla,Bronce,True,False,True,3,1,605.0,24,13,10,False
6132,Perú,—,Bronce,False,False,True,6,4,1332.0,23,1,5,True
6133,Colombia,Medellín,Bronce,True,True,True,0,0,0.0,19,6,6,True
6134,Colombia,Medellín,Bronce,False,False,True,1,0,0.0,2,5,6,True
6135,Colombia,Cúcuta,Platino,True,False,True,144,103,36224.0,23,5,8,True
6136,México,—,Bronce,False,False,True,2,1,591.0,3,4,5,True
6137,México,—,Bronce,False,False,True,0,0,0.0,49,6,6,True
6138,Ecuador,—,Bronce,True,False,True,1,0,0.0,31,9,8,False
6139,Colombia,Bogotá D.C.,Bronce,False,True,True,5,4,1499.0,23,0,9,True
6140,Colombia,Bogotá D.C.,Bronce,False,False,False,4,3,1264.0,12,5,7,True
6141,Colombia,Medellín,Bronce,False,False,False,1,0,0.0,22,0,8,True
6142,Colombia,Pereira,Bronce,True,False,True,1,0,0.0,13,4,10,True
6143,Colombia,Villavicencio,Plata,True,False,True,20,12,6552.0,49,2,5,True
6144,Colombia,Bogotá D.C.,Plata,False,False,True,8,6,3720.0,10,6,8,True
6145,Colombia,Bogotá D.C.,Bronce,False,False,False,3,2,888.0,42,2,6,True
6146,Colombia,Cali,Bronce,True,False,True,3,2,340.0,15,1,8,True
6147,Colombia,Cartagena,Bronce,True,True,True,5,4,1917.0,22,4,8,True
6148,Colombia,Bogotá D.C.,Bronce,True,False,True,3,2,1199.0,9,5,10,True
6149,México,—,Bronce,False,True,True,5,3,1341.0,18,1,4,True
6150,Ecuador,—,Plata,True,False,True,13,8,3085.0,21,5,10,True
6151,Colombia,Bogotá D.C.,Bronce,False,False,True,1,0,0.0,69,4,8,True
6152,Colombia,Cali,Bronce,False,False,True,0,0,0.0,6,5,7,True
6153,Colombia,Bogotá D.C.,Oro,False,True,True,25,18,5898.0,78,4,10,True
6154,Colombia,Pasto,Bronce,True,True,True,2,1,702.0,14,6,8,True
6155,México,—,Bronce,False,True,True,0,0,0.0,19,0,10,True
6156,Colombia,Bogotá D.C.,Bronce,True,True,True,3,2,528.0,40,6,10,True
6157,Ecuador,—,Bronce,True,True,True,0,0,0.0,6,14,6,False
6158,Colombia,Bogotá D.C.,Bronce,True,True,True,0,0,0.0,115,6,8,True
6159,Ecuador,—,Bronce,True,True,True,7,6,1857.0,49,1,8,True
6160,Chile,—,Bronce,False,True,True,0,0,0.0,70,6,3,True
6161,México,—,Bronce,True,True,True,1,0,0.0,22,2,8,True
6162,Colombia,Bogotá D.C.,Bronce,False,True,True,0,0,0.0,35,21,4,False
6163,Colombia,Santa Marta,Bronce,True,False,False,0,0,0.0,5,4,8,True
6164,México,—,Bronce,True,True,True,1,0,0.0,20,25,10,False
6165,Colombia,Barranquilla,Bronce,False,False,False,1,0,0.0,14,5,7,True
6166,Colombia,Cali,Bronce,True,False,True,2,1,445.0,18,4,10,True
6167,Colombia,Medellín,Bronce,True,False,True,0,0,0.0,15,4,8,True
6168,Chile,—,Bronce,True,True,True,3,2,575.0,3,0,6,True
6169,Uruguay,—,Bronce,False,False,True,0,0,0.0,52,11,8,False
6170,Colombia,Cali,Bronce,False,True,True,0,0,0.0,11,12,8,False
6171,Colombia,Pereira,Plata,False,False,True,10,6,2415.0,56,6,8,True
6172,Colombia,Bogotá D.C.,Bronce,True,True,True,4,2,1281.0,6,15,7,False
6173,Colombia,Cali,Bronce,True,False,True,0,0,0.0,13,12,6,False
6174,Colombia,Otras ciudades,Bronce,False,False,True,0,0,0.0,15,0,7,True
6175,México,—,Bronce,False,True,True,0,0,0.0,23,3,6,True
6176,Colombia,Otras ciudades,Bronce,True,False,True,0,0,0.0,75,1,10,True
6177,Colombia,Bogotá D.C.,Bronce,True,True,True,1,0,0.0,27,16,7,False
6178,México,—,Bronce,False,False,True,1,0,0.0,17,4,3,True
6179,Colombia,Cali,Plata,False,False,True,10,8,5310.0,20,5,7,True
6180,Chile,—,Bronce,False,False,False,7,4,2127.0,94,6,6,True
6181,Ecuador,—,Bronce,True,False,True,0,0,0.0,11,4,6,True
6182,Colombia,Bogotá D.C.,Bronce,True,False,True,0,0,0.0,10,2,8,True
6183,México,—,Bronce,False,False,True,0,0,0.0,6,5,9,True
6184,Colombia,Cali,Bronce,False,False,True,3,2,850.0,132,1,10,True
6185,Perú,—,Plata,False,True,False,10,7,2492.0,30,0,9,True
6186,Colombia,Bogotá D.C.,Bronce,False,False,True,1,0,0.0,5,7,10,False
6187,Colombia,Barranquilla,Bronce,False,False,True,0,0,0.0,8,11,4,False
6188,México,—,Bronce,False,False,True,1,0,0.0,10,0,9,True
6189,Colombia,Bogotá D.C.,Bronce,True,False,True,0,0,0.0,83,1,9,True
6190,México,—,Plata,True,False,True,12,8,5483.0,39,7,5,False
6191,Colombia,Barranquilla,Bronce,False,False,True,0,0,0.0,17,2,8,True
6192,Uruguay,—,Bronce,False,False,True,3,1,457.0,87,15,9,False
6193,Colombia,Otras ciudades,Bronce,False,False,False,3,2,1062.0,51,10,7,False
6194,Colombia,Bogotá D.C.,Bronce,False,False,True,4,3,1022.0,17,2,8,True
6195,Uruguay,—,Oro,False,False,True,34,31,18761.0,12,7,5,False
6196,Colombia,Bogotá D.C.,Bronce,True,False,True,0,0,0.0,30,13,10,False
6197,Colombia,Otras ciudades,Bronce,False,True,True,1,0,0.0,21,0,10,True
6198,Ecuador,—,Bronce,True,False,True,0,0,0.0,9,7,6,False
6199,Uruguay,—,Bronce,True,False,True,4,2,752.0,34,12,4,False
6200,Colombia,Popayán,Bronce,False,False,True,2,1,340.0,15,2,9,True
6201,México,—,Bronce,True,False,True,0,0,0.0,25,9,10,False
6202,México,—,Bronce,True,False,True,5,3,962.0,30,7,8,False
6203,Colombia,Bogotá D.C.,Bronce,False,False,True,1,0,0.0,47,3,5,True
6204,Ecuador,—,Bronce,False,False,True,0,0,0.0,27,5,5,True
6205,Colombia,Bogotá D.C.,Bronce,False,False,True,1,0,0.0,59,5,6,True
6206,Colombia,Otras ciudades,Bronce,True,True,True,2,1,682.0,4,4,9,True
6207,Colombia,Cali,Bronce,False,False,True,5,3,1788.0,10,2,1,True
6208,Colombia,Santa Marta,Plata,True,False,True,9,7,3148.0,9,2,10,True
6209,Perú,—,Bronce,False,False,True,3,2,1201.0,16,5,6,True
6210,Chile,—,Bronce,False,False,True,1,0,0.0,13,11,7,False
6211,Colombia,Otras ciudades,Bronce,False,False,True,1,0,0.0,10,1,6,True
6212,Colombia,Cali,Bronce,True,False,True,6,3,1490.0,8,18,6,False
6213,Colombia,Bogotá D.C.,Bronce,False,True,True,0,0,0.0,7,15,8,False
6214,Colombia,Barranquilla,Bronce,False,False,True,3,2,810.0,56,18,5,False
6215,Colombia,Barranquilla,Plata,False,False,True,14,10,4990.0,37,4,8,True
6216,Ecuador,—,Bronce,False,False,True,3,2,1201.0,40,8,8,False
6217,Colombia,Medellín,Bronce,True,False,True,2,1,614.0,38,0,6,True
6218,Perú,—,Bronce,False,False,True,0,0,0.0,41,12,6,False
6219,Colombia,Villavicencio,Bronce,False,False,True,3,2,850.0,45,23,8,False
6220,México,—,Bronce,False,False,True,0,0,0.0,49,0,8,True
6221,Colombia,Manizales,Bronce,False,True,True,2,1,665.0,17,7,10,False
6222,Colombia,Villavicencio,Bronce,True,False,True,2,1,376.0,45,10,8,False
6223,México,—,Bronce,True,False,True,1,0,0.0,14,1,7,True
6224,México,—,Plata,False,True,True,12,8,4635.0,38,0,6,True
6225,México,—,Bronce,False,True,True,1,0,0.0,1,5,7,True
6226,Colombia,Bogotá D.C.,Bronce,True,True,True,1,0,0.0,27,6,9,True
6227,Colombia,Barranquilla,Bronce,False,False,True,1,0,0.0,9,1,10,True
6228,Colombia,Barranquilla,Bronce,False,False,False,0,0,0.0,23,0,6,True
6229,Ecuador,—,Bronce,False,True,True,6,3,2033.0,32,14,8,False
6230,Uruguay,—,Bronce,True,False,True,0,0,0.0,34,1,7,True
6231,México,—,Plata,True,True,True,10,6,2722.0,24,4,5,True
6232,Colombia,Bogotá D.C.,Bronce,False,False,True,6,5,1463.0,36,1,9,True
6233,México,—,Bronce,False,False,False,2,1,424.0,30,14,7,False
6234,Colombia,Cali,Bronce,True,False,True,4,3,1114.0,41,7,9,False
6235,México,—,Oro,True,False,False,47,28,27874.0,38,1,7,True
6236,Colombia,Otras ciudades,Bronce,True,True,False,0,0,0.0,31,2,10,True
6237,Colombia,Barranquilla,Bronce,True,False,True,3,2,663.0,43,6,10,True
6238,Colombia,Bogotá D.C.,Bronce,True,False,True,1,0,0.0,18,11,6,False
6239,Colombia,Neiva,Bronce,False,False,True,0,0,0.0,5,5,10,True
6240,Colombia,Bogotá D.C.,Bronce,True,False,True,0,0,0.0,30,10,9,False
6241,Colombia,Cali,Bronce,True,False,False,6,3,1444.0,51,7,7,False
6242,Colombia,Otras ciudades,Bronce,True,False,True,1,0,0.0,6,4,5,True
6243,México,—,Plata,True,True,True,20,15,6368.0,5,7,8,False
6244,Colombia,Cúcuta,Bronce,False,False,True,2,1,383.0,6,10,4,False
6245,Colombia,Bogotá D.C.,Bronce,False,False,True,0,0,0.0,15,6,5,True
6246,Colombia,Bogotá D.C.,Bronce,True,False,True,0,0,0.0,50,6,10,True
6247,Colombia,Otras ciudades,Plata,True,False,True,8,5,3004.0,55,5,7,True
6248,Perú,—,Bronce,True,False,True,2,1,541.0,57,3,7,True
6249,México,—,Bronce,False,False,True,3,2,1012.0,20,8,5,False
6250,Colombia,Manizales,Bronce,False,False,True,7,4,2653.0,46,2,10,True
6251,Colombia,Popayán,Plata,True,True,True,8,5,2248.0,33,9,5,False
6252,Colombia,Bogotá D.C.,Bronce,True,False,True,0,0,0.0,3,10,8,False
6253,Perú,—,Bronce,False,True,True,7,4,2112.0,4,2,6,True
6254,Colombia,Ibagué,Bronce,True,True,True,5,4,1877.0,28,3,6,True
6255,Colombia,Neiva,Bronce,False,True,False,0,0,0.0,79,9,9,False
6256,Colombia,Bogotá D.C.,Bronce,False,False,True,3,2,930.0,4,11,9,False
6257,Chile,—,Bronce,True,False,False,2,1,492.0,41,11,8,False
6258,México,—,Bronce,False,False,True,0,0,0.0,34,1,10,True
6259,Colombia,Bogotá D.C.,Bronce,True,False,True,2,1,399.0,34,2,10,True
6260,Colombia,Villavicencio,Bronce,True,False,True,7,5,3247.0,19,6,5,True
6261,México,—,Plata,False,True,True,13,10,4353.0,35,3,6,True
6262,Colombia,Bogotá D.C.,Bronce,True,False,True,6,3,1188.0,22,4,10,True
6263,Ecuador,—,Bronce,False,False,True,3,2,1288.0,11,11,6,False
6264,Ecuador,—,Bronce,True,False,False,3,2,990.0,23,2,2,True
6265,Colombia,Cúcuta,Bronce,False,False,False,1,0,0.0,16,8,10,False
6266,Colombia,Cúcuta,Bronce,False,False,True,1,0,0.0,9,8,8,False
6267,México,—,Bronce,True,False,True,2,1,505.0,23,6,7,True
6268,Perú,—,Bronce,False,True,True,0,0,0.0,23,7,7,False
6269,Colombia,Ibagué,Bronce,False,False,True,1,0,0.0,41,3,5,True
6270,Perú,—,Bronce,True,True,False,4,3,1837.0,9,1,8,True
6271,Colombia,Medellín,Bronce,True,False,True,5,3,1144.0,38,9,10,False
6272,Colombia,Villavicencio,Bronce,False,False,True,1,0,0.0,15,4,6,True
6273,México,—,Bronce,False,False,False,6,3,885.0,62,5,5,True
6274,México,—,Bronce,False,False,False,1,0,0.0,22,4,6,True
6275,Colombia,Medellín,Plata,False,False,True,19,12,6025.0,4,7,3,False
6276,México,—,Bronce,False,True,True,0,0,0.0,35,8,2,False
6277,Perú,—,Bronce,False,True,False,1,0,0.0,29,13,6,False
6278,Chile,—,Plata,False,False,True,10,6,3336.0,19,5,10,True
6279,Colombia,Bucaramanga,Bronce,False,False,True,1,0,0.0,15,14,8,False
6280,Colombia,Cali,Bronce,False,False,True,2,1,442.0,23,3,6,True
6281,México,—,Bronce,False,False,True,2,1,378.0,58,1,9,True
6282,México,—,Bronce,False,True,True,1,0,0.0,27,0,7,True
6283,Colombia,Cali,Bronce,True,False,True,0,0,0.0,72,5,4,True
6284,Colombia,Otras ciudades,Bronce,True,False,True,4,3,1246.0,1,9,7,False
6285,México,—,Bronce,False,False,True,2,1,559.0,44,1,7,True
6286,Colombia,Neiva,Bronce,False,False,True,0,0,0.0,26,2,10,True
6287,Colombia,Neiva,Bronce,False,True,False,1,0,0.0,14,5,8,True
6288,Ecuador,—,Bronce,True,False,False,1,0,0.0,8,12,9,False
6289,México,—,Bronce,False,True,True,5,3,1709.0,110,2,10,True
6290,Colombia,Bogotá D.C.,Bronce,True,False,True,7,5,2675.0,6,5,5,True
6291,México,—,Bronce,True,False,True,4,2,1117.0,23,9,9,False
6292,Colombia,Otras ciudades,Bronce,False,False,True,1,0,0.0,17,4,9,True
6293,México,—,Plata,True,False,True,18,12,5661.0,34,2,10,True
6294,Colombia,Bogotá D.C.,Bronce,False,False,True,1,0,0.0,16,0,10,True
6295,Perú,—,Plata,True,True,True,11,10,4634.0,16,5,10,True
6296,Colombia,Medellín,Plata,False,False,True,13,8,5840.0,2,9,5,False
6297,México,—,Bronce,True,True,True,2,1,463.0,17,3,3,True
6298,Colombia,Barranquilla,Bronce,False,False,True,1,0,0.0,4,3,5,True
6299,Colombia,Medellín,Bronce,True,False,True,5,3,1640.0,17,9,3,False
6300,Colombia,Otras ciudades,Bronce,False,False,True,2,1,789.0,13,5,8,True
6301,Colombia,Otras ciudades,Bronce,True,True,True,0,0,0.0,23,1,9,True
6302,Colombia,Medellín,Bronce,False,False,True,0,0,0.0,20,4,7,True
6303,Perú,—,Bronce,False,False,True,1,0,0.0,31,9,9,False
6304,México,—,Bronce,False,False,True,0,0,0.0,57,12,10,False
6305,México,—,Plata,False,False,True,9,7,2540.0,28,1,7,True
6306,Colombia,Barranquilla,Bronce,True,False,True,1,0,0.0,30,3,9,True
6307,Colombia,Bogotá D.C.,Bronce,False,False,True,0,0,0.0,21,1,6,True
6308,Colombia,Medellín,Bronce,True,True,True,0,0,0.0,4,18,10,False
6309,Colombia,Otras ciudades,Plata,True,False,True,24,16,6456.0,52,1,10,True
6310,Colombia,Medellín,Bronce,True,False,True,0,0,0.0,3,6,5,True
6311,Colombia,Bogotá D.C.,Bronce,True,False,True,1,0,0.0,32,9,9,False
6312,Colombia,Cali,Bronce,False,False,True,0,0,0.0,35,11,5,False
6313,Colombia,Cali,Bronce,False,True,True,1,0,0.0,100,33,6,False
6314,México,—,Bronce,False,False,True,0,0,0.0,13,5,9,True
6315,Colombia,Bogotá D.C.,Bronce,True,True,True,1,0,0.0,5,8,5,False
6316,Ecuador,—,Bronce,False,True,False,0,0,0.0,17,0,5,True
6317,Colombia,Bogotá D.C.,Bronce,True,False,True,0,0,0.0,26,12,7,False
6318,México,—,Bronce,False,True,True,1,0,0.0,16,7,5,False
6319,Colombia,Barranquilla,Bronce,True,False,False,2,1,518.0,5,11,6,False
6320,Colombia,Otras ciudades,Bronce,False,True,True,0,0,0.0,50,8,10,False
6321,Colombia,Bogotá D.C.,Bronce,False,False,True,0,0,0.0,48,19,8,False
6322,Colombia,Cali,Bronce,False,False,True,7,4,2160.0,20,8,6,False
6323,Ecuador,—,Bronce,False,False,True,4,2,997.0,22,3,9,True
6324,Colombia,Pereira,Bronce,True,False,True,0,0,0.0,23,20,9,False
6325,Ecuador,—,Bronce,True,False,True,1,0,0.0,3,2,10,True
6326,Chile,—,Plata,True,False,True,11,9,3066.0,33,3,6,True
6327,Colombia,Bogotá D.C.,Bronce,False,False,True,1,0,0.0,14,8,7,False
6328,Perú,—,Plata,False,True,True,11,8,4053.0,37,4,10,True
6329,Colombia,Pereira,Bronce,True,False,False,0,0,0.0,98,3,5,True
6330,Colombia,Bogotá D.C.,Bronce,False,False,True,2,1,497.0,24,2,7,True
6331,México,—,Bronce,False,False,True,2,1,597.0,45,1,10,True
6332,Colombia,Bogotá D.C.,Bronce,False,False,False,0,0,0.0,73,4,10,True
6333,Colombia,Cali,Bronce,False,False,True,0,0,0.0,5,5,6,True
6334,Colombia,Otras ciudades,Bronce,False,False,True,0,0,0.0,21,0,6,True
6335,México,—,Bronce,True,False,True,2,1,521.0,27,3,10,True
6336,México,—,Bronce,True,False,True,0,0,0.0,39,17,7,False
6337,Ecuador,—,Bronce,True,True,False,0,0,0.0,15,14,4,False
6338,Colombia,Bogotá D.C.,Plata,False,False,False,12,7,4155.0,38,8,8,False
6339,Colombia,Bogotá D.C.,Bronce,True,True,True,2,1,613.0,10,3,6,True
6340,Colombia,Bogotá D.C.,Bronce,False,False,True,1,0,0.0,25,0,9,True
6341,Colombia,Bogotá D.C.,Bronce,False,False,False,0,0,0.0,7,0,9,True
6342,Colombia,Bogotá D.C.,Plata,False,False,False,8,7,3780.0,28,2,5,True
6343,Colombia,Bogotá D.C.,Bronce,True,False,True,0,0,0.0,12,13,7,False
6344,Colombia,Medellín,Bronce,False,True,True,0,0,0.0,112,2,6,True
6345,Chile,—,Bronce,True,False,True,1,0,0.0,40,4,10,True
6346,Colombia,Bucaramanga,Bronce,False,True,True,6,4,1549.0,6,2,5,True
6347,Colombia,Bogotá D.C.,Bronce,False,False,True,1,0,0.0,104,15,10,False
6348,Perú,—,Bronce,True,False,True,0,0,0.0,21,1,9,True
6349,Colombia,Barranquilla,Bronce,False,False,True,0,0,0.0,27,0,7,True
6350,Colombia,Cartagena,Bronce,False,False,True,1,0,0.0,13,10,8,False
6351,Colombia,Pereira,Bronce,False,True,True,0,0,0.0,22,2,10,True
6352,Colombia,Medellín,Bronce,False,False,True,1,0,0.0,51,2,10,True
6353,Colombia,Bucaramanga,Bronce,False,False,True,2,1,495.0,12,9,5,False
6354,Colombia,Medellín,Bronce,True,False,True,4,2,1045.0,36,6,10,True
6355,México,—,Plata,True,True,True,17,13,4332.0,63,4,4,True
6356,Colombia,Montería,Bronce,True,False,False,1,0,0.0,30,1,7,True
6357,México,—,Bronce,True,True,True,2,1,475.0,17,0,6,True
6358,México,—,Bronce,False,True,True,1,0,0.0,19,0,8,True
6359,Colombia,Medellín,Bronce,True,False,True,4,2,792.0,63,5,8,True
6360,México,—,Bronce,True,True,True,0,0,0.0,31,11,8,False
6361,México,—,Bronce,False,True,True,0,0,0.0,14,3,9,True
6362,Colombia,Cali,Bronce,True,True,True,1,0,0.0,23,1,4,True
6363,Colombia,Cartagena,Bronce,True,False,False,0,0,0.0,9,14,10,False
6364,Ecuador,—,Plata,False,False,True,21,13,4775.0,10,0,7,True
6365,Ecuador,—,Bronce,False,False,True,0,0,0.0,20,0,8,True
6366,Colombia,Bogotá D.C.,Bronce,False,False,True,5,3,1427.0,78,10,9,False
6367,Colombia,Medellín,Bronce,False,False,True,0,0,0.0,9,10,8,False
6368,Perú,—,Bronce,True,False,True,0,0,0.0,11,2,8,True
6369,Colombia,Bogotá D.C.,Bronce,True,True,True,3,1,698.0,63,1,3,True
6370,Ecuador,—,Bronce,True,True,True,4,2,609.0,10,10,9,False
6371,Perú,—,Bronce,False,False,False,4,3,1239.0,54,10,7,False
6372,Colombia,Otras ciudades,Bronce,False,False,True,1,0,0.0,17,14,7,False
6373,México,—,Bronce,False,False,True,0,0,0.0,71,2,2,True
6374,Uruguay,—,Bronce,True,False,True,0,0,0.0,53,1,7,True
6375,Colombia,Otras ciudades,Bronce,False,True,False,2,1,325.0,12,7,5,False
6376,Colombia,Montería,Bronce,False,False,False,2,1,638.0,61,20,10,False
6377,Perú,—,Bronce,True,False,True,2,1,551.0,51,14,8,False
6378,Ecuador,—,Bronce,True,True,True,3,1,441.0,8,5,7,True
6379,México,—,Bronce,True,True,True,0,0,0.0,12,3,6,True
6380,México,—,Bronce,False,False,True,3,1,582.0,17,4,6,True
6381,Uruguay,—,Bronce,True,False,True,4,3,965.0,5,0,6,True
6382,México,—,Bronce,True,True,True,5,3,1404.0,18,2,7,True
6383,Ecuador,—,Oro,True,False,True,58,40,16647.0,18,2,8,True
6384,Colombia,Bogotá D.C.,Bronce,False,True,False,0,0,0.0,13,10,8,False
6385,Colombia,Bogotá D.C.,Bronce,True,False,True,0,0,0.0,18,12,5,False
6386,Colombia,Cali,Oro,False,False,False,29,20,13555.0,13,3,3,True
6387,Ecuador,—,Bronce,False,True,False,1,0,0.0,41,1,10,True
6388,Colombia,Bogotá D.C.,Bronce,False,True,True,1,0,0.0,19,3,7,True
6389,Ecuador,—,Bronce,False,False,True,3,2,614.0,32,1,10,True
6390,México,—,Plata,True,False,True,23,16,8157.0,6,10,6,False
6391,México,—,Plata,False,False,True,12,9,5255.0,17,6,7,True
6392,Colombia,Otras ciudades,Bronce,True,False,True,2,1,262.0,42,21,6,False
6393,Colombia,Otras ciudades,Plata,True,False,False,8,6,2873.0,29,10,10,False
6394,México,—,Bronce,False,True,True,1,0,0.0,36,12,6,False
6395,Colombia,Medellín,Bronce,True,True,False,2,1,552.0,22,12,7,False
6396,México,—,Bronce,False,False,True,0,0,0.0,3,7,8,False
6397,México,—,Bronce,True,False,True,5,3,979.0,50,4,6,True
6398,Colombia,Pereira,Bronce,False,True,False,3,2,860.0,22,5,9,True
6399,Ecuador,—,Bronce,False,False,True,1,0,0.0,9,1,5,True
6400,México,—,Bronce,False,False,True,0,0,0.0,20,1,6,True
6401,Colombia,Medellín,Plata,True,False,True,20,16,7092.0,28,9,1,False
6402,Colombia,Medellín,Bronce,False,False,False,2,1,550.0,11,13,9,False
6403,México,—,Bronce,True,False,True,0,0,0.0,24,11,9,False
6404,Ecuador,—,Bronce,True,False,True,0,0,0.0,30,5,10,True
6405,Uruguay,—,Bronce,False,False,True,0,0,0.0,19,4,9,True
6406,Colombia,Santa Marta,Bronce,True,False,True,0,0,0.0,15,7,6,False
6407,Colombia,Barranquilla,Bronce,False,False,True,1,0,0.0,47,2,10,True
6408,Colombia,Bogotá D.C.,Bronce,False,False,True,1,0,0.0,57,5,10,True
6409,Colombia,Bogotá D.C.,Plata,True,False,True,15,9,5104.0,22,10,8,False
6410,Uruguay,—,Bronce,False,False,True,1,0,0.0,9,18,7,False
6411,Colombia,Bucaramanga,Bronce,False,False,False,0,0,0.0,12,3,10,True
6412,Perú,—,Bronce,False,False,True,0,0,0.0,8,7,7,False
6413,Colombia,Bogotá D.C.,Bronce,True,False,True,1,0,0.0,19,4,10,True
6414,Colombia,Bogotá D.C.,Bronce,True,False,False,0,0,0.0,21,3,10,True
6415,Ecuador,—,Bronce,True,False,False,0,0,0.0,34,1,5,True
6416,Colombia,Bogotá D.C.,Bronce,False,True,True,1,0,0.0,66,5,7,True
6417,Colombia,Cartagena,Plata,True,False,False,21,14,9668.0,66,3,8,True
6418,Colombia,Barranquilla,Plata,False,True,True,12,7,4401.0,7,9,10,False
6419,Colombia,Barranquilla,Bronce,True,False,True,0,0,0.0,16,5,10,True
6420,Perú,—,Plata,False,False,True,9,7,4574.0,41,1,5,True
6421,México,—,Bronce,True,False,True,0,0,0.0,1,7,8,False
6422,Colombia,Bogotá D.C.,Bronce,True,False,True,0,0,0.0,36,4,6,True
6423,Colombia,Medellín,Bronce,True,False,False,4,3,1786.0,2,2,10,True
6424,Colombia,Villavicencio,Bronce,False,True,True,1,0,0.0,1,2,10,True
6425,Colombia,Medellín,Bronce,False,True,True,0,0,0.0,8,9,6,False
6426,Ecuador,—,Bronce,True,False,True,7,5,2011.0,24,5,9,True
6427,Chile,—,Bronce,False,False,True,3,2,789.0,18,18,5,False
6428,Colombia,Montería,Bronce,True,False,True,2,1,451.0,81,3,8,True
6429,Colombia,Bogotá D.C.,Bronce,True,False,False,2,1,329.0,4,4,9,True
6430,Colombia,Medellín,Plata,False,True,True,11,9,5028.0,15,6,7,True
6431,Colombia,Cali,Bronce,True,False,True,1,0,0.0,13,6,7,True
6432,Colombia,Bogotá D.C.,Bronce,False,False,True,0,0,0.0,24,2,5,True
6433,México,—,Bronce,False,False,True,0,0,0.0,20,4,10,True
6434,Colombia,Cartagena,Bronce,False,False,True,2,1,603.0,8,1,3,True
6435,Colombia,Villavicencio,Bronce,False,False,True,0,0,0.0,23,12,10,False
6436,Colombia,Cali,Bronce,True,False,False,1,0,0.0,67,3,5,True
6437,Colombia,Cartagena,Plata,True,False,False,12,11,7116.0,23,1,6,True
6438,Colombia,Pasto,Bronce,False,True,True,1,0,0.0,29,3,8,True
6439,Ecuador,—,Plata,True,False,True,14,11,5762.0,9,8,9,False
6440,Colombia,Bogotá D.C.,Bronce,False,False,False,0,0,0.0,104,0,3,True
6441,México,—,Bronce,False,False,True,2,1,319.0,12,2,7,True
6442,Colombia,Otras ciudades,Bronce,False,True,True,0,0,0.0,92,13,10,False
6443,Ecuador,—,Bronce,False,False,True,1,0,0.0,24,2,6,True
6444,México,—,Bronce,False,True,False,0,0,0.0,37,3,9,True
6445,Colombia,Villavicencio,Bronce,False,True,True,3,2,1444.0,36,4,9,True
6446,México,—,Platino,True,False,True,345,264,165530.0,89,8,3,False
6447,Colombia,Cali,Bronce,True,True,True,2,1,302.0,17,8,9,False
6448,Perú,—,Bronce,False,False,True,4,2,1266.0,34,11,10,False
6449,Colombia,Bogotá D.C.,Bronce,False,False,True,0,0,0.0,7,3,10,True
6450,Colombia,Bogotá D.C.,Bronce,False,False,True,2,1,472.0,5,6,6,True
6451,México,—,Bronce,True,True,False,0,0,0.0,12,21,7,False
6452,Colombia,Pereira,Bronce,True,False,True,0,0,0.0,124,4,10,True
6453,Colombia,Bucaramanga,Bronce,True,False,True,0,0,0.0,21,3,8,True
6454,Colombia,Medellín,Bronce,True,False,True,1,0,0.0,27,3,6,True
6455,Colombia,Cúcuta,Bronce,True,False,True,0,0,0.0,29,2,8,True
6456,Colombia,Bogotá D.C.,Bronce,True,False,True,6,3,1122.0,73,3,10,True
6457,Ecuador,—,Bronce,True,True,True,7,4,1990.0,13,3,10,True
6458,Ecuador,—,Bronce,False,False,True,3,2,1271.0,64,1,6,True
6459,Perú,—,Bronce,False,False,True,0,0,0.0,35,1,7,True
6460,México,—,Bronce,False,True,True,0,0,0.0,20,2,9,True
6461,Colombia,Valledupar,Oro,True,False,False,41,28,15931.0,27,7,8,False
6462,Colombia,Medellín,Bronce,True,False,True,0,0,0.0,50,3,8,True
6463,Ecuador,—,Bronce,False,False,True,2,1,313.0,6,1,9,True
6464,México,—,Bronce,True,True,True,4,2,1002.0,12,2,7,True
6465,Colombia,Bucaramanga,Plata,False,False,True,8,5,2846.0,25,8,6,False
6466,Colombia,Cali,Plata,True,False,True,10,6,2203.0,38,17,8,False
6467,Colombia,Sincelejo,Bronce,False,False,True,2,1,440.0,58,1,7,True
6468,Ecuador,—,Bronce,False,False,True,0,0,0.0,48,4,5,True
6469,Ecuador,—,Bronce,False,False,True,0,0,0.0,23,10,8,False
6470,Colombia,Bogotá D.C.,Bronce,True,False,True,0,0,0.0,42,4,8,True
6471,México,—,Bronce,True,True,True,1,0,0.0,40,4,6,True
6472,Colombia,Cali,Bronce,False,False,True,2,1,376.0,8,3,8,True
6473,Colombia,Bucaramanga,Bronce,False,False,True,0,0,0.0,7,17,5,False
6474,Colombia,Armenia,Bronce,False,False,True,0,0,0.0,27,4,9,True
6475,Colombia,Medellín,Bronce,True,False,True,0,0,0.0,25,0,9,True
6476,México,—,Bronce,False,False,True,0,0,0.0,51,1,8,True
6477,Colombia,Otras ciudades,Plata,False,False,False,13,8,5716.0,42,3,5,True
6478,Colombia,Bogotá D.C.,Bronce,False,False,True,5,2,1073.0,12,5,7,True
6479,Colombia,Medellín,Bronce,False,False,True,6,4,1674.0,65,2,9,True
6480,Uruguay,—,Bronce,True,False,False,1,0,0.0,10,5,4,True
6481,Colombia,Bucaramanga,Bronce,True,True,True,4,2,1274.0,30,8,6,False
6482,Chile,—,Bronce,True,True,False,3,2,561.0,14,3,6,True
6483,Colombia,Otras ciudades,Bronce,True,False,True,0,0,0.0,20,3,7,True
6484,Perú,—,Bronce,True,False,True,0,0,0.0,32,2,4,True
6485,Colombia,Otras ciudades,Plata,True,False,True,11,9,5879.0,43,1,10,True
6486,Colombia,Medellín,Bronce,True,False,True,3,2,740.0,19,3,8,True
6487,México,—,Bronce,False,True,False,1,0,0.0,20,2,5,True
6488,México,—,Bronce,False,False,True,1,0,0.0,6,7,8,False
6489,México,—,Bronce,False,False,True,1,0,0.0,4,1,6,True
6490,México,—,Bronce,False,False,False,4,3,1280.0,5,7,7,False
6491,Colombia,Bogotá D.C.,Bronce,True,False,True,0,0,0.0,19,1,10,True
6492,Colombia,Medellín,Bronce,False,True,True,0,0,0.0,16,4,6,True
6493,Colombia,Bogotá D.C.,Bronce,False,False,False,5,3,1359.0,26,5,8,True
6494,México,—,Plata,True,False,True,19,12,6120.0,17,2,10,True
6495,Colombia,Medellín,Plata,False,False,True,8,6,2761.0,8,3,5,True
6496,Colombia,Medellín,Plata,False,True,True,8,6,3475.0,28,1,6,True
6497,México,—,Plata,False,False,True,20,15,6087.0,10,1,10,True
6498,Colombia,Bucaramanga,Bronce,False,False,True,0,0,0.0,43,10,6,False
6499,Ecuador,—,Oro,True,False,True,36,27,13620.0,14,10,2,False
6500,Perú,—,Bronce,False,False,True,1,0,0.0,24,6,10,True
6501,Uruguay,—,Bronce,False,True,False,2,1,499.0,14,4,4,True
6502,Ecuador,—,Bronce,False,False,True,2,1,470.0,31,16,2,False
6503,México,—,Bronce,False,False,True,5,3,675.0,48,1,7,True
6504,Ecuador,—,Bronce,True,False,True,1,0,0.0,10,9,9,False
6505,Colombia,Bogotá D.C.,Bronce,True,False,True,0,0,0.0,9,1,9,True
6506,Colombia,Bogotá D.C.,Bronce,False,True,True,1,0,0.0,22,5,4,True
6507,Colombia,Pereira,Bronce,False,True,False,1,0,0.0,5,1,7,True
6508,Colombia,Ibagué,Bronce,False,True,True,1,0,0.0,2,8,10,False
6509,Uruguay,—,Bronce,True,False,True,0,0,0.0,23,1,6,True
6510,México,—,Bronce,False,False,True,1,0,0.0,12,4,6,True
6511,México,—,Bronce,True,False,True,0,0,0.0,23,0,2,True
6512,México,—,Bronce,False,False,True,1,0,0.0,54,4,10,True
6513,México,—,Bronce,True,True,False,6,4,2045.0,57,12,7,False
6514,Colombia,Pasto,Bronce,False,False,True,0,0,0.0,16,11,6,False
6515,Colombia,Bogotá D.C.,Bronce,False,False,True,2,1,341.0,12,3,9,True
6516,Colombia,Manizales,Bronce,False,False,True,5,4,2020.0,48,7,8,False
6517,Colombia,Bogotá D.C.,Bronce,True,False,True,0,0,0.0,32,8,7,False
6518,México,—,Bronce,True,True,False,0,0,0.0,18,14,9,False
6519,Colombia,Bogotá D.C.,Bronce,True,False,True,4,3,1577.0,49,6,7,True
6520,Colombia,Bogotá D.C.,Plata,True,False,False,12,10,4975.0,5,5,9,True
6521,México,—,Bronce,True,True,True,2,1,552.0,30,14,7,False
6522,Colombia,Medellín,Bronce,False,True,True,0,0,0.0,43,20,5,False
6523,Ecuador,—,Bronce,True,False,True,1,0,0.0,23,8,5,False
6524,Colombia,Bogotá D.C.,Plata,False,True,True,18,16,6401.0,16,1,6,True
6525,Colombia,Medellín,Plata,False,False,True,9,8,3449.0,77,1,8,True
6526,Colombia,Popayán,Plata,False,False,True,21,16,6764.0,12,7,5,False
6527,Colombia,Bogotá D.C.,Bronce,False,False,True,0,0,0.0,22,0,8,True
6528,Colombia,Bogotá D.C.,Bronce,False,False,True,3,2,1038.0,27,10,7,False
6529,Perú,—,Bronce,True,True,False,2,1,502.0,31,3,9,True
6530,Colombia,Montería,Bronce,False,False,True,0,0,0.0,46,2,8,True
6531,Colombia,Otras ciudades,Bronce,True,False,False,0,0,0.0,41,1,6,True
6532,Ecuador,—,Bronce,False,False,True,2,1,427.0,9,2,10,True
6533,Ecuador,—,Plata,False,True,True,15,11,6625.0,55,4,4,True
6534,México,—,Bronce,True,False,True,0,0,0.0,30,3,7,True
6535,Colombia,Bogotá D.C.,Plata,True,False,False,13,11,7887.0,57,5,7,True
6536,Colombia,Bogotá D.C.,Bronce,True,True,True,3,1,615.0,16,10,6,False
6537,México,—,Bronce,True,True,False,0,0,0.0,9,13,8,False
6538,Colombia,Medellín,Bronce,False,False,True,1,0,0.0,8,0,4,True
6539,Colombia,Cali,Bronce,False,False,True,3,2,800.0,35,1,10,True
6540,Colombia,Otras ciudades,Bronce,True,False,True,2,1,438.0,74,6,0,True
6541,México,—,Bronce,True,False,False,1,0,0.0,52,5,7,True
6542,Colombia,Manizales,Plata,True,False,False,13,7,4179.0,52,20,8,False
6543,Colombia,Bogotá D.C.,Bronce,False,False,True,0,0,0.0,14,7,9,False
6544,Colombia,Otras ciudades,Bronce,True,False,True,1,0,0.0,2,2,4,True
6545,México,—,Bronce,True,False,True,2,1,571.0,21,5,7,True
6546,Colombia,Sincelejo,Plata,False,False,True,8,5,1561.0,23,4,7,True
6547,Colombia,Pereira,Bronce,False,False,True,0,0,0.0,19,6,9,True
6548,Perú,—,Bronce,False,False,True,0,0,0.0,57,3,9,True
6549,Ecuador,—,Bronce,True,False,True,4,3,1781.0,104,5,10,True
6550,Colombia,Bucaramanga,Plata,False,True,True,8,4,2092.0,10,9,6,False
6551,Colombia,Bogotá D.C.,Bronce,False,False,True,1,0,0.0,15,6,9,True
6552,Perú,—,Bronce,False,False,False,1,0,0.0,15,0,10,True
6553,Perú,—,Bronce,False,False,True,1,0,0.0,14,0,5,True
6554,Colombia,Bogotá D.C.,Bronce,False,False,True,1,0,0.0,67,4,6,True
6555,México,—,Bronce,False,False,True,1,0,0.0,9,0,8,True
6556,Colombia,Medellín,Bronce,False,False,True,4,3,1374.0,103,1,7,True
6557,México,—,Bronce,True,True,True,0,0,0.0,19,5,10,True
6558,México,—,Bronce,True,True,False,1,0,0.0,30,10,6,False
6559,Colombia,Villavicencio,Bronce,False,False,True,0,0,0.0,30,7,9,False
6560,Chile,—,Bronce,True,True,True,3,2,728.0,22,6,10,True
6561,Colombia,Medellín,Bronce,False,True,True,1,0,0.0,4,2,10,True
6562,Uruguay,—,Bronce,True,False,True,2,1,567.0,11,5,7,True
6563,Colombia,Barranquilla,Plata,False,False,True,11,9,3514.0,28,14,6,False
6564,Colombia,Bogotá D.C.,Bronce,True,True,True,1,0,0.0,20,0,10,True
6565,México,—,Bronce,False,True,True,1,0,0.0,40,7,9,False
6566,México,—,Bronce,True,False,True,3,2,1015.0,49,5,1,True
6567,Colombia,Bogotá D.C.,Bronce,True,False,True,0,0,0.0,3,1,10,True
6568,México,—,Plata,True,False,False,13,8,3949.0,49,2,6,True
6569,Colombia,Bogotá D.C.,Bronce,True,False,False,6,4,2044.0,69,12,7,False
6570,Colombia,Bogotá D.C.,Bronce,True,False,True,0,0,0.0,33,5,7,True
6571,Perú,—,Plata,False,False,True,18,11,5407.0,57,5,9,True
6572,Ecuador,—,Bronce,False,False,True,1,0,0.0,31,18,6,False
6573,Uruguay,—,Bronce,False,True,True,5,2,1002.0,41,1,5,True
6574,Ecuador,—,Bronce,False,True,True,0,0,0.0,73,9,6,False
6575,Colombia,Medellín,Bronce,True,False,True,5,3,1787.0,16,1,4,True
6576,Colombia,Ibagué,Bronce,False,False,True,2,1,419.0,26,1,10,True
6577,Colombia,Bogotá D.C.,Bronce,False,True,True,4,3,1702.0,29,6,10,True
6578,México,—,Bronce,True,False,True,2,1,700.0,32,1,10,True
6579,Colombia,Ibagué,Bronce,True,False,True,0,0,0.0,14,3,7,True
6580,Colombia,Medellín,Bronce,True,True,True,4,2,817.0,54,5,7,True
6581,Colombia,Cali,Bronce,False,False,True,3,1,500.0,6,5,6,True
6582,Colombia,Bogotá D.C.,Plata,True,False,False,11,8,3112.0,8,2,7,True
6583,Colombia,Barranquilla,Bronce,True,True,True,2,1,454.0,20,10,9,False
6584,Colombia,Bogotá D.C.,Bronce,True,False,True,1,0,0.0,50,12,9,False
6585,Colombia,Medellín,Bronce,False,False,True,1,0,0.0,2,10,4,False
6586,Colombia,Bogotá D.C.,Bronce,True,False,True,5,3,2113.0,59,1,9,True
6587,Colombia,Cali,Bronce,False,False,False,0,0,0.0,32,8,3,False
6588,Colombia,Medellín,Bronce,True,False,True,6,3,1528.0,18,8,4,False
6589,Colombia,Cartagena,Bronce,False,False,True,1,0,0.0,8,5,5,True
6590,Colombia,Sincelejo,Oro,False,False,True,26,18,10370.0,13,8,4,False
6591,Colombia,Medellín,Bronce,False,True,True,2,1,545.0,27,2,4,True
6592,Ecuador,—,Plata,True,False,True,10,7,3237.0,25,11,9,False
6593,Perú,—,Bronce,False,True,True,0,0,0.0,31,4,6,True
6594,Uruguay,—,Bronce,False,False,True,2,1,484.0,12,6,5,True
6595,México,—,Bronce,True,False,False,6,4,2534.0,27,4,8,True
6596,Uruguay,—,Oro,False,True,True,28,22,10460.0,14,14,8,False
6597,Colombia,Bogotá D.C.,Plata,False,True,True,8,6,3516.0,17,8,7,False
6598,Ecuador,—,Bronce,True,True,True,1,0,0.0,28,16,10,False
6599,México,—,Bronce,True,True,True,0,0,0.0,12,6,8,True
6600,Colombia,Otras ciudades,Bronce,False,False,True,1,0,0.0,33,9,7,False
6601,Colombia,Cali,Bronce,True,True,True,2,1,528.0,18,11,6,False
6602,Colombia,Bogotá D.C.,Bronce,False,False,True,2,1,403.0,51,0,10,True
6603,Ecuador,—,Bronce,True,False,True,1,0,0.0,21,14,10,False
6604,Perú,—,Bronce,True,False,False,7,4,2090.0,11,14,2,False
6605,Ecuador,—,Bronce,True,False,True,0,0,0.0,17,6,7,True
6606,Colombia,Cartagena,Plata,False,False,True,11,7,3752.0,42,7,8,False
6607,Perú,—,Plata,False,False,True,15,12,6126.0,17,3,7,True
6608,Colombia,Bogotá D.C.,Bronce,True,True,True,3,1,452.0,16,5,8,True
6609,Colombia,Bogotá D.C.,Bronce,False,True,False,4,2,860.0,29,7,7,False
6610,Colombia,Sincelejo,Bronce,True,False,True,1,0,0.0,33,3,8,True
6611,México,—,Bronce,False,False,True,1,0,0.0,11,2,7,True
6612,Colombia,Bogotá D.C.,Bronce,True,True,True,0,0,0.0,22,1,4,True
6613,México,—,Bronce,True,False,True,3,1,541.0,15,4,6,True
6614,Colombia,Medellín,Bronce,False,False,True,3,2,877.0,19,8,8,False
6615,Colombia,Bogotá D.C.,Bronce,True,True,True,4,2,1164.0,4,1,9,True
6616,Colombia,Medellín,Bronce,False,False,False,1,0,0.0,22,6,10,True
6617,Colombia,Cali,Bronce,False,True,True,1,0,0.0,5,0,5,True
6618,Colombia,Bogotá D.C.,Oro,False,True,True,40,26,14319.0,23,6,10,True
6619,Colombia,Neiva,Plata,True,False,True,14,9,4433.0,19,10,6,False
6620,Colombia,Bogotá D.C.,Bronce,False,True,False,0,0,0.0,6,6,10,True
6621,Colombia,Barranquilla,Bronce,False,False,True,0,0,0.0,9,0,6,True
6622,Colombia,Medellín,Bronce,False,True,True,4,3,1977.0,41,5,5,True
6623,Colombia,Cali,Plata,False,False,True,22,13,6403.0,8,4,10,True
6624,México,—,Platino,False,False,True,67,53,24811.0,37,3,10,True
6625,Colombia,Cali,Oro,False,False,False,26,15,8360.0,6,7,4,False
6626,Colombia,Cali,Bronce,False,False,True,2,1,611.0,34,7,8,False
6627,México,—,Plata,False,False,True,21,19,7590.0,46,10,9,False
6628,Colombia,Cúcuta,Bronce,False,False,True,2,1,406.0,35,10,9,False
6629,Colombia,Otras ciudades,Oro,True,True,True,25,20,6970.0,42,6,4,True
6630,Ecuador,—,Bronce,False,False,True,0,0,0.0,10,3,10,True
6631,Colombia,Cali,Bronce,False,False,True,5,3,1769.0,27,12,7,False
6632,México,—,Bronce,False,False,False,0,0,0.0,15,0,8,True
6633,Colombia,Medellín,Bronce,False,False,False,1,0,0.0,36,9,6,False
6634,Perú,—,Bronce,False,False,True,5,3,1783.0,21,0,7,True
6635,Colombia,Cali,Bronce,True,False,True,1,0,0.0,4,3,5,True
6636,Colombia,Cali,Bronce,True,False,True,0,0,0.0,8,1,6,True
6637,México,—,Bronce,True,False,True,1,0,0.0,9,21,6,False
6638,Colombia,Bogotá D.C.,Bronce,False,False,True,3,1,168.0,14,10,8,False
6639,Colombia,Santa Marta,Bronce,True,True,True,0,0,0.0,30,9,5,False
6640,Colombia,Medellín,Bronce,True,False,True,0,0,0.0,3,4,6,True
6641,Colombia,Bogotá D.C.,Plata,True,True,True,11,9,4133.0,16,12,2,False
6642,Perú,—,Bronce,True,False,True,0,0,0.0,41,2,8,True
6643,Colombia,Barranquilla,Bronce,False,True,True,1,0,0.0,37,7,7,False
6644,Colombia,Otras ciudades,Bronce,True,False,True,2,1,398.0,23,4,9,True
6645,México,—,Bronce,True,False,True,1,0,0.0,9,12,8,False
6646,Perú,—,Bronce,True,False,True,0,0,0.0,43,4,9,True
6647,México,—,Bronce,False,False,True,0,0,0.0,17,15,6,False
6648,Colombia,Bucaramanga,Plata,True,False,False,12,8,3389.0,12,5,10,True
6649,Colombia,Neiva,Bronce,False,False,True,7,6,1911.0,21,6,7,True
6650,Colombia,Bogotá D.C.,Bronce,False,False,True,2,1,459.0,28,10,7,False
6651,México,—,Bronce,True,False,True,3,1,547.0,33,5,9,True
6652,Perú,—,Bronce,True,True,True,0,0,0.0,25,4,7,True
6653,México,—,Bronce,False,False,True,0,0,0.0,57,3,9,True
6654,Colombia,Medellín,Bronce,False,False,False,2,1,670.0,14,11,10,False
6655,Colombia,Barranquilla,Bronce,True,True,True,1,0,0.0,38,1,6,True
6656,México,—,Bronce,False,False,True,7,5,2504.0,27,7,7,False
6657,Colombia,Villavicencio,Bronce,True,False,True,1,0,0.0,4,0,8,True
6658,Colombia,Medellín,Bronce,True,True,False,3,2,1145.0,13,1,7,True
6659,Colombia,Medellín,Bronce,False,True,True,2,1,475.0,30,8,8,False
6660,Colombia,Bogotá D.C.,Plata,False,False,True,8,6,2101.0,45,5,9,True
6661,Colombia,Santa Marta,Bronce,False,True,True,6,4,2168.0,34,16,7,False
6662,Colombia,Medellín,Bronce,True,False,False,0,0,0.0,1,4,10,True
6663,México,—,Bronce,True,False,True,2,1,412.0,18,29,4,False
6664,Colombia,Otras ciudades,Bronce,True,False,True,0,0,0.0,69,1,10,True
6665,Colombia,Cali,Bronce,True,False,True,4,2,1181.0,37,0,5,True
6666,Colombia,Neiva,Bronce,False,False,True,1,0,0.0,9,7,8,False
6667,Perú,—,Bronce,False,True,True,0,0,0.0,41,2,8,True
6668,México,—,Bronce,True,False,False,3,2,1312.0,63,18,7,False
6669,Colombia,Otras ciudades,Plata,False,False,True,11,10,6385.0,22,3,7,True
6670,México,—,Bronce,True,False,True,2,1,364.0,1,5,4,True
6671,Colombia,Bogotá D.C.,Bronce,False,False,True,3,2,919.0,12,6,8,True
6672,Colombia,Bogotá D.C.,Plata,False,False,False,10,7,2200.0,18,15,9,False
6673,Colombia,Neiva,Bronce,True,False,True,0,0,0.0,16,3,8,True
6674,México,—,Bronce,False,False,False,6,5,2385.0,21,4,7,True
6675,Colombia,Bucaramanga,Bronce,False,False,True,5,3,1726.0,16,2,7,True
6676,Perú,—,Bronce,False,False,True,0,0,0.0,62,2,5,True
6677,Colombia,Barranquilla,Bronce,False,False,True,6,3,894.0,37,4,6,True
6678,Ecuador,—,Bronce,True,False,False,0,0,0.0,15,6,8,True
6679,Perú,—,Platino,False,False,True,79,46,29581.0,12,4,6,True
6680,Colombia,Cali,Bronce,True,True,True,0,0,0.0,85,3,10,True
6681,Colombia,Cali,Bronce,False,False,True,0,0,0.0,43,15,5,False
6682,México,—,Bronce,False,False,True,1,0,0.0,13,1,6,True
6683,Colombia,Barranquilla,Bronce,False,False,False,0,0,0.0,16,9,4,False
6684,México,—,Bronce,False,True,False,0,0,0.0,30,14,8,False
6685,Ecuador,—,Bronce,True,True,True,1,0,0.0,14,19,7,False
6686,Ecuador,—,Bronce,True,False,True,1,0,0.0,10,2,8,True
6687,Perú,—,Bronce,True,False,True,4,2,1021.0,23,3,5,True
6688,Colombia,Bogotá D.C.,Plata,True,False,True,12,9,3953.0,50,7,8,False
6689,Colombia,Cartagena,Bronce,False,False,True,0,0,0.0,60,6,9,True
6690,México,—,Bronce,True,True,False,0,0,0.0,60,2,6,True
6691,Colombia,Cali,Bronce,True,False,True,3,2,541.0,15,4,6,True
6692,Colombia,Cúcuta,Bronce,True,False,True,0,0,0.0,16,3,7,True
6693,Colombia,Bogotá D.C.,Bronce,True,False,True,1,0,0.0,14,28,7,False
6694,Colombia,Cali,Bronce,False,True,False,0,0,0.0,21,0,6,True
6695,Ecuador,—,Bronce,True,False,True,0,0,0.0,14,2,10,True
6696,Colombia,Barranquilla,Bronce,False,False,True,1,0,0.0,32,12,3,False
6697,Perú,—,Oro,False,True,False,42,33,20472.0,92,1,4,True
6698,Colombia,Otras ciudades,Oro,True,True,False,43,38,17106.0,18,5,9,True
6699,Colombia,Barranquilla,Bronce,True,True,True,1,0,0.0,86,0,10,True
6700,Uruguay,—,Bronce,False,True,True,1,0,0.0,26,9,8,False
6701,Colombia,Medellín,Bronce,True,True,True,0,0,0.0,11,2,9,True
6702,Colombia,Popayán,Bronce,True,False,True,6,5,1978.0,21,1,10,True
6703,Colombia,Pasto,Plata,False,True,True,16,12,4841.0,28,8,10,False
6704,México,—,Bronce,True,False,True,1,0,0.0,41,9,9,False
6705,Ecuador,—,Bronce,False,False,True,5,3,1448.0,72,9,8,False
6706,Colombia,Bogotá D.C.,Bronce,False,True,False,1,0,0.0,76,2,7,True
6707,Colombia,Bogotá D.C.,Bronce,False,False,True,0,0,0.0,13,0,8,True
6708,Colombia,Bogotá D.C.,Bronce,True,False,False,2,1,380.0,42,4,9,True
6709,México,—,Bronce,True,False,True,0,0,0.0,35,4,6,True
6710,México,—,Bronce,True,False,True,0,0,0.0,29,5,10,True
6711,Colombia,Otras ciudades,Bronce,False,False,True,0,0,0.0,9,4,9,True
6712,México,—,Bronce,False,True,True,0,0,0.0,35,5,9,True
6713,Colombia,Barranquilla,Platino,True,False,True,67,48,23199.0,42,4,10,True
6714,México,—,Bronce,True,True,True,1,0,0.0,12,12,9,False
6715,Colombia,Bogotá D.C.,Bronce,False,False,False,0,0,0.0,27,13,7,False
6716,México,—,Bronce,True,False,True,5,4,1927.0,8,9,10,False
6717,Colombia,Ibagué,Plata,False,True,True,10,7,4195.0,28,1,6,True
6718,México,—,Bronce,True,False,True,7,4,1627.0,77,1,10,True
6719,Colombia,Bogotá D.C.,Bronce,True,True,True,1,0,0.0,7,3,10,True
6720,México,—,Bronce,True,False,False,0,0,0.0,49,10,6,False
6721,México,—,Bronce,False,True,True,0,0,0.0,46,2,5,True
6722,Chile,—,Bronce,False,True,True,0,0,0.0,52,7,7,False
6723,México,—,Bronce,True,True,True,0,0,0.0,21,1,5,True
6724,Colombia,Medellín,Bronce,True,True,True,2,1,537.0,18,5,7,True
6725,Colombia,Pasto,Bronce,False,False,True,4,3,1192.0,1,11,10,False
6726,México,—,Bronce,False,False,True,0,0,0.0,25,1,9,True
6727,Colombia,Otras ciudades,Bronce,False,False,True,2,1,619.0,20,8,10,False
6728,Colombia,Bogotá D.C.,Bronce,True,False,True,7,4,1881.0,24,4,10,True
6729,Colombia,Bogotá D.C.,Bronce,False,False,True,1,0,0.0,7,6,4,True
6730,Perú,—,Bronce,True,False,True,0,0,0.0,14,26,7,False
6731,Colombia,Sincelejo,Bronce,False,False,True,0,0,0.0,63,0,9,True
6732,México,—,Bronce,True,False,True,1,0,0.0,4,3,9,True
6733,Colombia,Bucaramanga,Bronce,True,False,True,1,0,0.0,26,7,9,False
6734,México,—,Plata,False,False,True,10,8,4410.0,52,3,9,True
6735,Ecuador,—,Bronce,False,False,True,2,1,646.0,32,7,7,False
6736,Colombia,Bogotá D.C.,Bronce,False,False,True,5,3,1654.0,85,6,7,True
6737,Colombia,Medellín,Bronce,True,True,True,0,0,0.0,94,4,5,True
6738,Colombia,Pereira,Bronce,True,False,True,0,0,0.0,37,2,8,True
6739,Colombia,Medellín,Bronce,True,False,True,0,0,0.0,16,0,8,True
6740,Ecuador,—,Bronce,True,False,False,1,0,0.0,27,2,6,True
6741,México,—,Bronce,False,False,True,0,0,0.0,25,10,10,False
6742,México,—,Bronce,False,False,False,0,0,0.0,77,6,9,True
6743,Colombia,Cartagena,Bronce,False,False,False,3,2,982.0,18,1,6,True
6744,Colombia,Cali,Bronce,True,False,True,0,0,0.0,16,0,8,True
6745,Colombia,Montería,Bronce,True,False,True,1,0,0.0,51,16,9,False
6746,Colombia,Medellín,Bronce,False,True,True,6,4,1663.0,34,2,8,True
6747,Colombia,Bogotá D.C.,Bronce,True,False,True,2,1,461.0,7,0,7,True
6748,Colombia,Medellín,Bronce,True,False,True,1,0,0.0,16,5,8,True
6749,México,—,Bronce,True,False,True,3,2,841.0,8,5,8,True
6750,Colombia,Bogotá D.C.,Bronce,False,False,False,0,0,0.0,2,7,5,False
6751,Ecuador,—,Bronce,True,False,True,0,0,0.0,2,8,6,False
6752,Colombia,Ibagué,Bronce,False,False,True,0,0,0.0,24,7,10,False
6753,Colombia,Bogotá D.C.,Bronce,True,False,True,0,0,0.0,57,0,10,True
6754,Perú,—,Plata,False,True,True,9,6,2383.0,2,1,6,True
6755,Colombia,Medellín,Plata,True,True,True,13,11,4379.0,34,4,8,True
6756,Colombia,Neiva,Bronce,False,False,True,0,0,0.0,45,15,7,False
6757,México,—,Bronce,False,True,True,4,2,1020.0,28,2,8,True
6758,Colombia,Bogotá D.C.,Bronce,True,False,True,2,1,396.0,80,5,9,True
6759,México,—,Bronce,False,False,True,3,1,486.0,48,6,10,True
6760,Colombia,Manizales,Bronce,False,False,True,3,2,851.0,39,1,6,True
6761,Colombia,Barranquilla,Bronce,True,False,True,2,1,555.0,37,1,6,True
6762,Colombia,Neiva,Bronce,True,True,True,0,0,0.0,52,1,8,True
6763,México,—,Bronce,False,False,True,5,4,1563.0,13,1,6,True
6764,Uruguay,—,Bronce,False,False,True,0,0,0.0,45,0,10,True
6765,Uruguay,—,Bronce,False,False,False,4,3,1746.0,82,2,10,True
6766,Chile,—,Bronce,True,False,False,1,0,0.0,72,6,8,True
6767,Perú,—,Bronce,True,True,True,1,0,0.0,31,11,7,False
6768,Colombia,Medellín,Bronce,True,True,True,2,1,338.0,16,3,9,True
6769,Colombia,Medellín,Plata,False,False,False,11,6,1806.0,28,4,9,True
6770,México,—,Bronce,False,False,True,4,2,1165.0,35,15,5,False
6771,Colombia,Bogotá D.C.,Bronce,False,True,True,0,0,0.0,32,8,6,False
6772,México,—,Bronce,True,True,False,1,0,0.0,53,8,9,False
6773,Colombia,Otras ciudades,Bronce,True,False,True,5,3,1364.0,8,5,10,True
6774,Colombia,Cúcuta,Bronce,True,False,True,1,0,0.0,13,9,8,False
6775,Colombia,Montería,Bronce,False,False,True,1,0,0.0,47,11,7,False
6776,Colombia,Otras ciudades,Bronce,True,True,True,1,0,0.0,14,2,8,True
6777,Colombia,Bogotá D.C.,Bronce,False,False,True,3,2,842.0,8,11,5,False
6778,Ecuador,—,Bronce,False,True,False,3,2,1089.0,11,14,10,False
6779,Ecuador,—,Bronce,False,False,True,5,3,1644.0,81,3,8,True
6780,Colombia,Cúcuta,Bronce,False,False,False,0,0,0.0,18,22,5,False
6781,Colombia,Ibagué,Bronce,True,False,False,1,0,0.0,10,0,7,True
6782,Chile,—,Oro,True,False,True,26,23,6391.0,13,0,9,True
6783,México,—,Bronce,True,False,False,0,0,0.0,11,4,10,True
6784,México,—,Bronce,True,False,True,2,1,609.0,31,1,4,True
6785,Colombia,Cartagena,Bronce,False,True,True,2,1,573.0,56,3,10,True
6786,Colombia,Bogotá D.C.,Bronce,False,False,True,2,1,443.0,9,0,6,True
6787,Colombia,Bucaramanga,Bronce,False,False,True,2,1,290.0,26,2,7,True
6788,Uruguay,—,Bronce,False,True,True,3,2,947.0,27,2,8,True
6789,México,—,Bronce,False,False,True,0,0,0.0,21,3,8,True
6790,Colombia,Medellín,Bronce,False,True,True,1,0,0.0,35,8,9,False
6791,México,—,Bronce,True,False,True,0,0,0.0,23,0,7,True
6792,Colombia,Medellín,Bronce,True,False,True,0,0,0.0,6,10,9,False
6793,Colombia,Medellín,Bronce,True,True,True,0,0,0.0,107,18,3,False
6794,Colombia,Medellín,Bronce,False,False,True,2,1,565.0,28,1,8,True
6795,Colombia,Bogotá D.C.,Bronce,False,True,True,0,0,0.0,24,6,6,True
6796,Colombia,Bogotá D.C.,Oro,False,False,False,35,32,15011.0,131,0,10,True
6797,Colombia,Bogotá D.C.,Bronce,False,False,True,4,2,1000.0,73,4,7,True
6798,Colombia,Barranquilla,Bronce,False,False,True,0,0,0.0,9,6,5,True
6799,Colombia,Popayán,Bronce,False,False,True,4,2,718.0,32,8,4,False
6800,Ecuador,—,Bronce,False,False,True,1,0,0.0,36,13,6,False
6801,Perú,—,Bronce,True,False,True,1,0,0.0,7,5,6,True
6802,Colombia,Medellín,Bronce,True,False,True,0,0,0.0,5,3,6,True
6803,Colombia,Medellín,Bronce,False,False,True,0,0,0.0,3,5,7,True
6804,México,—,Bronce,True,False,True,3,1,640.0,19,8,7,False
6805,Colombia,Barranquilla,Bronce,False,False,False,1,0,0.0,19,2,7,True
6806,Colombia,Medellín,Bronce,False,False,True,3,2,782.0,13,4,5,True
6807,Ecuador,—,Plata,True,False,True,12,9,3754.0,62,3,5,True
6808,Colombia,Bogotá D.C.,Bronce,False,False,True,2,1,556.0,42,11,10,False
6809,Colombia,Pereira,Bronce,True,False,True,0,0,0.0,13,3,5,True
6810,Ecuador,—,Bronce,True,False,False,2,1,414.0,20,4,7,True
6811,Colombia,Neiva,Bronce,True,True,False,2,1,590.0,12,7,10,False
6812,Colombia,Bogotá D.C.,Bronce,True,True,True,0,0,0.0,8,7,5,False
6813,Perú,—,Bronce,True,False,True,7,5,2911.0,16,2,7,True
6814,Colombia,Medellín,Bronce,False,True,True,3,2,1408.0,19,2,10,True
6815,Colombia,Bogotá D.C.,Bronce,False,False,True,2,1,438.0,73,2,7,True
6816,México,—,Bronce,False,True,True,0,0,0.0,34,1,8,True
6817,Colombia,Barranquilla,Bronce,False,True,True,5,4,2635.0,82,4,7,True
6818,México,—,Bronce,False,False,True,0,0,0.0,10,4,9,True
6819,Colombia,Cali,Bronce,False,False,True,0,0,0.0,7,0,9,True
6820,Colombia,Neiva,Bronce,True,True,True,3,2,1400.0,24,2,8,True
6821,Colombia,Barranquilla,Bronce,True,False,True,0,0,0.0,40,32,8,False
6822,Colombia,Barranquilla,Bronce,True,False,True,5,4,2267.0,44,2,10,True
6823,Colombia,Cali,Bronce,True,False,True,2,1,429.0,29,5,5,True
6824,Colombia,Cali,Bronce,True,False,True,0,0,0.0,36,15,7,False
6825,Perú,—,Plata,False,False,True,10,7,2558.0,11,19,7,False
6826,Colombia,Ibagué,Bronce,False,False,True,1,0,0.0,12,1,8,True
6827,Colombia,Pereira,Bronce,False,False,True,1,0,0.0,44,1,7,True
6828,México,—,Bronce,True,False,True,0,0,0.0,19,4,7,True
6829,México,—,Bronce,False,True,True,0,0,0.0,12,0,6,True
6830,Perú,—,Bronce,True,False,True,6,4,3085.0,55,8,7,False
6831,Colombia,Pereira,Bronce,False,True,True,2,1,450.0,12,6,9,True
6832,Colombia,Otras ciudades,Bronce,True,True,False,5,4,1209.0,11,6,10,True
6833,Colombia,Bogotá D.C.,Bronce,True,False,True,1,0,0.0,42,13,4,False
6834,Colombia,Bogotá D.C.,Plata,False,False,True,22,20,9555.0,83,4,9,True
6835,México,—,Bronce,True,True,False,1,0,0.0,143,1,9,True
6836,Colombia,Bogotá D.C.,Plata,True,False,True,11,9,4499.0,55,18,6,False
6837,México,—,Bronce,False,False,True,2,1,501.0,85,6,5,True
6838,México,—,Bronce,True,False,True,0,0,0.0,2,2,3,True
6839,México,—,Bronce,False,False,False,4,2,1261.0,49,3,8,True
6840,Colombia,Bogotá D.C.,Bronce,True,True,True,0,0,0.0,58,1,8,True
6841,Ecuador,—,Bronce,False,False,True,1,0,0.0,25,5,6,True
6842,Colombia,Barranquilla,Bronce,True,True,True,1,0,0.0,36,8,7,False
6843,Chile,—,Bronce,True,False,True,0,0,0.0,11,12,8,False
6844,México,—,Bronce,False,False,True,0,0,0.0,16,13,10,False
6845,Colombia,Bogotá D.C.,Plata,False,True,False,24,19,8433.0,14,3,10,True
6846,Perú,—,Plata,True,False,True,11,9,4955.0,43,2,7,True
6847,México,—,Bronce,True,False,True,2,1,438.0,2,1,9,True
6848,Colombia,Montería,Bronce,True,False,True,0,0,0.0,28,4,5,True
6849,Uruguay,—,Bronce,True,True,True,4,3,1164.0,23,1,6,True
6850,Colombia,Manizales,Plata,False,True,True,8,6,2810.0,10,3,7,True
6851,México,—,Bronce,False,False,False,0,0,0.0,5,9,9,False
6852,México,—,Bronce,False,False,True,1,0,0.0,5,5,9,True
6853,Uruguay,—,Bronce,False,False,True,1,0,0.0,107,4,6,True
6854,México,—,Bronce,False,True,True,0,0,0.0,16,22,8,False
6855,Colombia,Medellín,Plata,True,False,True,19,12,3088.0,30,7,8,False
6856,Uruguay,—,Bronce,False,False,True,1,0,0.0,19,14,7,False
6857,Colombia,Cali,Plata,False,False,True,9,6,3274.0,20,9,8,False
6858,Colombia,Bogotá D.C.,Bronce,True,False,True,0,0,0.0,43,3,8,True
6859,Ecuador,—,Bronce,False,False,True,0,0,0.0,24,13,10,False
6860,Perú,—,Bronce,False,True,True,4,2,1171.0,23,3,0,True
6861,Colombia,Cali,Bronce,False,True,True,1,0,0.0,97,9,9,False
6862,México,—,Bronce,False,False,True,0,0,0.0,21,9,9,False
6863,Colombia,Santa Marta,Bronce,True,False,True,0,0,0.0,1,5,10,True
6864,Colombia,Armenia,Bronce,True,True,True,0,0,0.0,42,2,7,True
6865,México,—,Bronce,True,False,True,3,1,525.0,28,1,10,True
6866,Colombia,Popayán,Bronce,True,False,False,4,2,1002.0,1,3,6,True
6867,Colombia,Neiva,Bronce,False,False,True,7,4,2152.0,25,5,7,True
6868,Colombia,Manizales,Bronce,True,False,True,2,1,436.0,78,16,5,False
6869,México,—,Bronce,False,True,True,2,1,485.0,19,6,10,True
6870,Colombia,Medellín,Bronce,False,False,True,7,5,2437.0,32,9,8,False
6871,Colombia,Otras ciudades,Bronce,True,False,True,1,0,0.0,2,9,10,False
6872,Colombia,Medellín,Bronce,True,False,True,0,0,0.0,4,11,9,False
6873,Perú,—,Bronce,True,True,True,6,3,1238.0,26,23,9,False
6874,Colombia,Bogotá D.C.,Bronce,True,True,True,1,0,0.0,29,10,4,False
6875,Colombia,Bogotá D.C.,Bronce,False,True,True,0,0,0.0,37,6,7,True
6876,Colombia,Cali,Bronce,False,False,False,1,0,0.0,28,2,5,True
6877,Colombia,Medellín,Bronce,True,False,True,0,0,0.0,49,2,6,True
6878,Ecuador,—,Bronce,True,True,True,2,1,561.0,2,3,7,True
6879,Ecuador,—,Bronce,False,False,True,1,0,0.0,12,4,8,True
6880,Colombia,Cúcuta,Bronce,True,False,True,0,0,0.0,12,4,9,True
6881,Ecuador,—,Bronce,False,False,True,0,0,0.0,33,9,6,False
6882,Colombia,Medellín,Bronce,False,False,True,2,1,548.0,17,4,8,True
6883,Colombia,Neiva,Bronce,True,False,True,2,1,433.0,27,10,9,False
6884,Chile,—,Oro,True,False,True,28,23,9178.0,34,15,9,False
6885,México,—,Bronce,True,False,True,6,4,2075.0,9,5,10,True
6886,Colombia,Barranquilla,Bronce,False,True,True,0,0,0.0,11,19,10,False
6887,Chile,—,Bronce,True,False,True,5,4,2972.0,23,14,8,False
6888,México,—,Bronce,False,False,True,4,3,1332.0,21,11,5,False
6889,México,—,Bronce,True,True,False,2,1,475.0,22,4,7,True
6890,Colombia,Bogotá D.C.,Bronce,False,False,True,0,0,0.0,67,7,5,False
6891,Colombia,Neiva,Bronce,False,True,True,0,0,0.0,3,10,8,False
6892,Colombia,Bucaramanga,Bronce,True,False,False,1,0,0.0,47,6,7,True
6893,Perú,—,Bronce,True,True,True,0,0,0.0,27,6,6,True
6894,Colombia,Bogotá D.C.,Bronce,False,False,True,0,0,0.0,7,0,6,True
6895,México,—,Bronce,False,True,True,6,5,2033.0,64,4,10,True
6896,Colombia,Villavicencio,Plata,True,False,True,16,14,6570.0,4,1,6,True
6897,México,—,Bronce,True,False,False,3,2,1126.0,3,4,7,True
6898,Colombia,Cali,Bronce,False,False,True,2,1,431.0,16,11,8,False
6899,Ecuador,—,Bronce,True,False,True,2,1,665.0,14,7,10,False
6900,Colombia,Bucaramanga,Plata,True,False,True,17,12,6249.0,43,6,7,True
6901,Colombia,Bogotá D.C.,Plata,True,True,True,16,10,4461.0,9,3,5,True
6902,Uruguay,—,Bronce,False,False,True,3,1,560.0,20,2,4,True
6903,México,—,Bronce,False,False,True,3,2,826.0,16,3,6,True
6904,México,—,Bronce,False,False,True,0,0,0.0,20,1,9,True
6905,Perú,—,Bronce,True,True,True,0,0,0.0,22,15,6,False
6906,Colombia,Otras ciudades,Bronce,False,False,True,0,0,0.0,14,2,7,True
6907,Colombia,Bogotá D.C.,Bronce,True,False,True,6,4,2234.0,27,1,7,True
6908,Uruguay,—,Bronce,False,False,True,0,0,0.0,29,3,7,True
6909,Colombia,Bogotá D.C.,Bronce,False,False,True,1,0,0.0,99,9,6,False
6910,Colombia,Cali,Bronce,False,False,True,0,0,0.0,37,4,9,True
6911,Colombia,Valledupar,Bronce,False,False,True,2,1,298.0,15,1,10,True
6912,Perú,—,Bronce,True,False,True,0,0,0.0,25,3,6,True
6913,Colombia,Cúcuta,Oro,True,False,True,27,21,7594.0,83,3,8,True
6914,Perú,—,Bronce,False,True,False,3,2,1034.0,14,1,7,True
6915,Colombia,Bucaramanga,Bronce,False,False,True,1,0,0.0,61,13,5,False
6916,Colombia,Cúcuta,Bronce,True,True,False,0,0,0.0,102,9,6,False
6917,Uruguay,—,Bronce,True,False,False,2,1,466.0,20,14,9,False
6918,Colombia,Cali,Plata,False,False,False,12,8,5101.0,7,4,6,True
6919,Colombia,Bogotá D.C.,Bronce,False,False,False,0,0,0.0,19,8,10,False
6920,Ecuador,—,Bronce,True,True,True,0,0,0.0,22,2,5,True
6921,Colombia,Barranquilla,Plata,True,False,True,12,9,5321.0,86,5,7,True
6922,Chile,—,Plata,True,True,True,14,13,7884.0,41,19,9,False
6923,Colombia,Bogotá D.C.,Bronce,False,False,True,2,1,275.0,42,11,10,False
6924,Colombia,Medellín,Bronce,True,False,True,3,2,1168.0,65,5,8,True
6925,Perú,—,Bronce,True,False,True,0,0,0.0,50,9,9,False
6926,Colombia,Otras ciudades,Bronce,False,False,True,4,3,1498.0,38,0,4,True
6927,Colombia,Ibagué,Bronce,False,True,True,1,0,0.0,16,7,7,False
6928,Colombia,Ibagué,Bronce,True,False,True,2,1,595.0,49,0,3,True
6929,Colombia,Ibagué,Bronce,True,True,True,0,0,0.0,49,4,8,True
6930,Perú,—,Plata,True,False,False,11,7,4012.0,103,3,8,True
6931,Colombia,Medellín,Bronce,False,False,True,1,0,0.0,11,14,5,False
6932,México,—,Oro,False,False,False,26,19,7753.0,7,1,10,True
6933,México,—,Bronce,False,False,True,0,0,0.0,17,0,5,True
6934,México,—,Bronce,True,False,True,1,0,0.0,35,4,10,True
6935,Colombia,Bogotá D.C.,Bronce,True,False,True,0,0,0.0,5,8,7,False
6936,Colombia,Sincelejo,Bronce,True,True,True,2,1,260.0,33,6,9,True
6937,Colombia,Bogotá D.C.,Plata,False,False,False,9,7,3292.0,5,2,8,True
6938,Colombia,Bogotá D.C.,Bronce,False,False,True,1,0,0.0,42,5,9,True
6939,México,—,Bronce,False,True,True,0,0,0.0,49,1,8,True
6940,México,—,Bronce,False,False,True,0,0,0.0,23,6,10,True
6941,Colombia,Otras ciudades,Oro,False,False,True,50,35,17052.0,1,7,8,False
6942,Colombia,Bogotá D.C.,Oro,True,False,False,29,27,13564.0,7,0,8,True
6943,Colombia,Cali,Bronce,True,True,True,0,0,0.0,24,5,4,True
6944,México,—,Bronce,False,True,True,0,0,0.0,2,0,4,True
6945,Perú,—,Platino,True,False,True,73,49,29023.0,55,16,10,False
6946,Colombia,Bogotá D.C.,Bronce,False,False,False,0,0,0.0,4,2,6,True
6947,Colombia,Bogotá D.C.,Oro,False,False,True,40,24,12495.0,32,5,10,True
6948,Chile,—,Bronce,False,False,True,1,0,0.0,3,5,9,True
6949,Colombia,Cali,Bronce,True,True,False,0,0,0.0,91,0,6,True
6950,Colombia,Valledupar,Bronce,True,False,True,1,0,0.0,85,6,7,True
6951,Uruguay,—,Bronce,True,True,False,4,3,1535.0,13,2,9,True
6952,Perú,—,Bronce,False,False,True,1,0,0.0,96,4,10,True
6953,Perú,—,Bronce,True,False,True,0,0,0.0,5,7,6,False
6954,Perú,—,Bronce,False,False,True,1,0,0.0,37,3,9,True
6955,Colombia,Otras ciudades,Bronce,False,False,False,7,6,4047.0,9,11,5,False
6956,Colombia,Bogotá D.C.,Bronce,False,False,True,3,1,419.0,84,9,3,False
6957,Perú,—,Bronce,False,False,True,0,0,0.0,18,5,9,True
6958,Colombia,Otras ciudades,Bronce,True,True,False,0,0,0.0,45,7,6,False
6959,Colombia,Medellín,Bronce,True,False,True,4,3,1255.0,18,2,6,True
6960,Colombia,Cúcuta,Bronce,False,True,False,4,2,1155.0,35,1,9,True
6961,Perú,—,Bronce,False,False,True,2,1,538.0,14,11,6,False
6962,Perú,—,Bronce,True,False,True,6,4,1640.0,14,4,9,True
6963,Ecuador,—,Oro,True,False,True,46,35,20392.0,11,3,10,True
6964,Colombia,Cartagena,Bronce,False,False,True,2,1,610.0,1,2,6,True
6965,Colombia,Pasto,Bronce,False,False,True,1,0,0.0,17,3,9,True
6966,Colombia,Bogotá D.C.,Bronce,True,False,True,3,2,1030.0,20,11,8,False
6967,México,—,Bronce,True,False,True,1,0,0.0,4,15,7,False
6968,Ecuador,—,Bronce,True,True,False,0,0,0.0,39,4,5,True
6969,Ecuador,—,Bronce,False,False,True,0,0,0.0,11,2,10,True
6970,Colombia,Otras ciudades,Bronce,True,True,True,0,0,0.0,19,2,4,True
6971,Colombia,Ibagué,Bronce,True,False,True,0,0,0.0,9,2,7,True
6972,México,—,Bronce,False,True,True,1,0,0.0,19,14,6,False
6973,Colombia,Bucaramanga,Bronce,False,False,True,1,0,0.0,58,14,10,False
6974,México,—,Bronce,True,False,True,0,0,0.0,40,0,10,True
6975,Colombia,Bogotá D.C.,Plata,False,False,True,13,8,3478.0,53,7,4,False
6976,Colombia,Otras ciudades,Bronce,True,True,True,3,2,969.0,21,22,9,False
6977,Colombia,Bogotá D.C.,Bronce,True,True,True,1,0,0.0,43,10,8,False
6978,Colombia,Bogotá D.C.,Bronce,False,False,True,0,0,0.0,2,8,8,False
6979,Colombia,Popayán,Bronce,True,False,True,0,0,0.0,70,14,10,False
6980,Colombia,Medellín,Bronce,True,False,False,5,2,1201.0,5,2,10,True
6981,Colombia,Bogotá D.C.,Bronce,False,False,True,0,0,0.0,10,3,10,True
6982,Ecuador,—,Bronce,False,False,True,0,0,0.0,9,1,4,True
6983,Ecuador,—,Bronce,False,False,True,1,0,0.0,13,16,7,False
6984,Colombia,Bogotá D.C.,Bronce,False,False,True,2,1,695.0,63,7,10,False
6985,Ecuador,—,Bronce,True,False,True,2,1,554.0,6,5,4,True
6986,Colombia,Cúcuta,Bronce,False,False,True,1,0,0.0,17,7,6,False
6987,Colombia,Bucaramanga,Bronce,True,False,True,7,5,3251.0,30,0,6,True
6988,Colombia,Bogotá D.C.,Bronce,False,False,True,2,1,451.0,26,3,6,True
6989,México,—,Bronce,False,False,True,4,2,763.0,30,1,9,True
6990,Colombia,Manizales,Bronce,False,False,True,2,1,872.0,17,0,8,True
6991,Chile,—,Bronce,True,False,True,0,0,0.0,16,1,7,True
6992,Colombia,Popayán,Plata,False,True,True,12,11,6274.0,7,3,10,True
6993,Colombia,Otras ciudades,Bronce,False,False,True,0,0,0.0,17,1,10,True
6994,Colombia,Bogotá D.C.,Bronce,False,False,True,7,5,3320.0,7,6,10,True
6995,Colombia,Otras ciudades,Bronce,True,True,True,0,0,0.0,3,3,8,True
6996,México,—,Bronce,False,False,True,1,0,0.0,14,3,10,True
6997,Colombia,Medellín,Bronce,False,True,True,2,1,344.0,125,0,8,True
6998,Perú,—,Bronce,False,False,True,2,1,458.0,30,6,9,True
6999,México,—,Bronce,True,True,False,0,0,0.0,20,5,7,True
7000,México,—,Bronce,False,False,False,0,0,0.0,22,5,9,True
7001,Uruguay,—,Plata,False,True,False,12,9,4333.0,21,5,6,True
7002,Colombia,Bogotá D.C.,Bronce,True,False,True,7,6,2374.0,46,7,10,False
7003,Colombia,Bogotá D.C.,Bronce,False,False,True,0,0,0.0,63,4,7,True
7004,Colombia,Otras ciudades,Bronce,True,True,True,1,0,0.0,7,0,5,True
7005,Uruguay,—,Bronce,True,True,True,0,0,0.0,36,4,9,True
7006,Uruguay,—,Bronce,True,False,True,4,3,1377.0,19,22,8,False
7007,Colombia,Ibagué,Bronce,False,True,True,3,1,557.0,70,0,10,True
7008,Ecuador,—,Bronce,True,False,True,3,2,730.0,74,9,5,False
7009,Colombia,Medellín,Bronce,True,True,True,3,2,1391.0,4,1,10,True
7010,Colombia,Otras ciudades,Bronce,False,False,True,1,0,0.0,48,4,6,True
7011,Chile,—,Plata,False,False,True,15,9,4975.0,13,13,10,False
7012,Colombia,Otras ciudades,Bronce,False,False,False,7,5,2381.0,10,13,7,False
7013,México,—,Bronce,False,False,True,0,0,0.0,63,6,10,True
7014,Colombia,Cali,Bronce,True,False,True,1,0,0.0,13,11,10,False
7015,Perú,—,Oro,False,False,True,35,22,8452.0,37,1,4,True
7016,Colombia,Bogotá D.C.,Bronce,False,False,True,1,0,0.0,66,5,8,True
7017,México,—,Bronce,False,False,False,2,1,576.0,82,1,7,True
7018,México,—,Bronce,True,True,True,1,0,0.0,19,0,7,True
7019,México,—,Bronce,True,False,True,1,0,0.0,13,8,5,False
7020,Colombia,Bogotá D.C.,Bronce,True,False,True,1,0,0.0,9,1,9,True
7021,Ecuador,—,Bronce,True,False,False,5,3,1081.0,50,4,10,True
7022,Colombia,Medellín,Bronce,False,False,False,2,1,275.0,56,3,4,True
7023,Colombia,Armenia,Bronce,True,False,True,4,3,1678.0,11,9,10,False
7024,Perú,—,Bronce,True,True,True,1,0,0.0,20,8,10,False
7025,Ecuador,—,Bronce,True,True,False,1,0,0.0,25,3,6,True
7026,Colombia,Cali,Oro,False,False,True,43,36,19916.0,7,5,10,True
7027,Colombia,Bogotá D.C.,Bronce,False,False,False,0,0,0.0,50,29,6,False
7028,Colombia,Popayán,Bronce,True,False,True,0,0,0.0,21,4,9,True
7029,Colombia,Barranquilla,Bronce,False,True,True,0,0,0.0,39,11,5,False
7030,Colombia,Barranquilla,Bronce,True,False,True,0,0,0.0,17,2,9,True
7031,Colombia,Bogotá D.C.,Bronce,False,False,True,2,1,547.0,10,6,10,True
7032,Ecuador,—,Bronce,True,False,True,3,1,597.0,11,2,8,True
7033,Colombia,Bogotá D.C.,Bronce,True,False,False,4,2,817.0,48,1,8,True
7034,Colombia,Pereira,Bronce,True,True,True,3,2,660.0,39,4,8,True
7035,Colombia,Cartagena,Bronce,False,False,False,1,0,0.0,65,1,8,True
7036,Colombia,Pereira,Bronce,True,False,True,4,3,1975.0,1,4,7,True
7037,México,—,Bronce,False,False,True,0,0,0.0,74,1,3,True
7038,México,—,Bronce,False,False,True,0,0,0.0,40,9,9,False
7039,Ecuador,—,Oro,False,False,True,37,28,13779.0,35,8,10,False
7040,México,—,Bronce,True,True,False,0,0,0.0,13,2,9,True
7041,Colombia,Bogotá D.C.,Bronce,False,False,True,4,2,1178.0,12,1,8,True
7042,Colombia,Villavicencio,Bronce,True,False,True,0,0,0.0,17,8,8,False
7043,Perú,—,Bronce,False,True,True,3,2,737.0,22,17,8,False
7044,Perú,—,Platino,True,False,True,75,46,24766.0,16,1,9,True
7045,Colombia,Ibagué,Bronce,True,False,True,4,3,1166.0,6,5,7,True
7046,Colombia,Barranquilla,Bronce,False,True,True,4,2,882.0,25,1,5,True
7047,Colombia,Santa Marta,Bronce,False,True,True,1,0,0.0,18,4,9,True
7048,Colombia,Medellín,Bronce,False,True,True,1,0,0.0,7,2,7,True
7049,Colombia,Neiva,Bronce,False,True,True,1,0,0.0,14,8,5,False
7050,Colombia,Pereira,Bronce,False,False,True,0,0,0.0,72,3,6,True
7051,Colombia,Valledupar,Bronce,False,False,True,1,0,0.0,26,5,7,True
7052,Colombia,Medellín,Bronce,False,False,True,0,0,0.0,26,10,7,False
7053,México,—,Bronce,True,True,True,0,0,0.0,21,3,10,True
7054,Colombia,Cali,Bronce,False,False,True,1,0,0.0,40,0,7,True
7055,Colombia,Bucaramanga,Bronce,False,False,True,7,4,2192.0,8,3,9,True
7056,México,—,Bronce,False,False,True,0,0,0.0,35,2,6,True
7057,Colombia,Popayán,Bronce,False,False,False,0,0,0.0,76,12,9,False
7058,Colombia,Bogotá D.C.,Bronce,True,False,True,1,0,0.0,79,4,5,True
7059,México,—,Bronce,True,False,False,0,0,0.0,66,10,6,False
7060,Colombia,Bogotá D.C.,Bronce,True,True,True,2,1,689.0,49,10,6,False
7061,México,—,Bronce,False,False,True,0,0,0.0,34,33,8,False
7062,México,—,Bronce,False,False,True,1,0,0.0,72,11,8,False
7063,Colombia,Barranquilla,Bronce,False,False,True,3,2,1315.0,30,6,5,True
7064,Perú,—,Bronce,True,True,True,0,0,0.0,10,7,7,False
7065,Colombia,Cartagena,Oro,False,False,True,40,29,17082.0,36,1,9,True
7066,Colombia,Pereira,Bronce,False,True,True,0,0,0.0,14,0,9,True
7067,Colombia,Medellín,Bronce,True,False,True,0,0,0.0,62,4,10,True
7068,Colombia,Bogotá D.C.,Bronce,False,False,True,3,2,972.0,18,7,9,False
7069,Colombia,Otras ciudades,Plata,False,False,True,9,7,3892.0,29,2,9,True
7070,Colombia,Medellín,Bronce,True,False,False,1,0,0.0,7,2,10,True
7071,Colombia,Cartagena,Bronce,True,False,True,2,1,427.0,8,1,8,True
7072,Colombia,Barranquilla,Bronce,False,True,True,2,1,471.0,19,9,9,False
7073,Ecuador,—,Bronce,False,False,True,7,5,1593.0,21,11,2,False
7074,Colombia,Pereira,Bronce,False,False,True,6,5,2698.0,24,5,8,True
7075,Colombia,Cali,Bronce,True,False,False,0,0,0.0,16,17,10,False
7076,Colombia,Otras ciudades,Bronce,False,False,True,0,0,0.0,33,3,10,True
7077,Colombia,Bucaramanga,Plata,False,False,True,19,11,5252.0,16,3,6,True
7078,Colombia,Medellín,Bronce,False,True,False,0,0,0.0,60,7,9,False
7079,Colombia,Bogotá D.C.,Bronce,True,False,True,2,1,677.0,13,8,10,False
7080,Colombia,Medellín,Bronce,False,True,True,0,0,0.0,22,1,9,True
7081,Uruguay,—,Plata,True,False,True,18,12,7828.0,18,5,6,True
7082,Uruguay,—,Plata,False,False,False,17,13,7516.0,28,3,10,True
7083,Colombia,Medellín,Bronce,True,True,True,4,2,675.0,2,0,7,True
7084,Colombia,Bogotá D.C.,Bronce,True,False,False,2,1,657.0,12,6,7,True
7085,México,—,Plata,True,False,True,19,11,5199.0,18,4,4,True
7086,Colombia,Otras ciudades,Bronce,True,True,True,6,5,2250.0,69,1,10,True
7087,Ecuador,—,Bronce,False,True,True,0,0,0.0,43,0,4,True
7088,Ecuador,—,Bronce,False,True,True,5,3,1824.0,20,15,7,False
7089,Colombia,Barranquilla,Plata,False,True,True,9,8,4402.0,28,10,4,False
7090,Colombia,Bogotá D.C.,Bronce,False,True,True,1,0,0.0,43,0,6,True
7091,México,—,Bronce,False,False,True,2,1,334.0,2,0,8,True
7092,Uruguay,—,Plata,False,False,True,13,8,2970.0,54,1,7,True
7093,Colombia,Medellín,Bronce,True,False,True,0,0,0.0,3,0,8,True
7094,Colombia,Bogotá D.C.,Bronce,False,False,False,1,0,0.0,14,1,10,True
7095,México,—,Bronce,True,False,True,2,1,491.0,17,3,6,True
7096,México,—,Bronce,False,True,False,0,0,0.0,19,9,7,False
7097,Colombia,Barranquilla,Bronce,False,False,True,0,0,0.0,39,10,8,False
7098,México,—,Bronce,False,True,True,2,1,510.0,28,5,6,True
7099,México,—,Bronce,True,False,True,1,0,0.0,20,5,8,True
7100,Perú,—,Bronce,False,False,False,4,3,1157.0,84,3,9,True
7101,Colombia,Medellín,Plata,True,False,True,9,5,3577.0,23,4,7,True
7102,Colombia,Pereira,Bronce,False,False,True,0,0,0.0,22,0,9,True
7103,Colombia,Bogotá D.C.,Bronce,True,True,True,0,0,0.0,1,6,10,True
7104,México,—,Bronce,True,False,True,2,1,346.0,25,5,9,True
7105,Uruguay,—,Bronce,True,False,True,0,0,0.0,29,3,9,True
7106,Colombia,Medellín,Bronce,True,False,True,1,0,0.0,64,5,8,True
7107,México,—,Bronce,True,True,True,3,2,983.0,73,3,6,True
7108,Colombia,Bogotá D.C.,Platino,True,True,False,99,63,31893.0,20,17,5,False
7109,Colombia,Medellín,Plata,True,True,True,9,5,2714.0,37,5,10,True
7110,México,—,Bronce,False,False,True,2,1,501.0,32,11,10,False
7111,México,—,Bronce,False,False,True,1,0,0.0,23,6,9,True
7112,México,—,Bronce,False,False,True,0,0,0.0,12,4,7,True
7113,México,—,Plata,False,False,True,21,15,6264.0,15,3,6,True
7114,Perú,—,Bronce,False,False,True,0,0,0.0,30,9,10,False
7115,Colombia,Bogotá D.C.,Bronce,True,False,True,0,0,0.0,32,6,7,True
7116,Colombia,Cali,Bronce,True,True,False,0,0,0.0,12,4,7,True
7117,Colombia,Otras ciudades,Bronce,False,False,True,0,0,0.0,17,15,8,False
7118,Colombia,Medellín,Plata,True,True,False,10,6,3437.0,51,3,9,True
7119,Colombia,Bogotá D.C.,Bronce,True,False,True,5,4,2280.0,34,1,7,True
7120,Colombia,Cartagena,Bronce,True,False,True,2,1,503.0,26,0,1,True
7121,Colombia,Bogotá D.C.,Bronce,True,False,True,1,0,0.0,7,2,8,True
7122,Colombia,Otras ciudades,Bronce,False,False,False,0,0,0.0,18,0,6,True
7123,Colombia,Cartagena,Bronce,True,True,True,0,0,0.0,50,9,8,False
7124,Colombia,Medellín,Bronce,True,False,True,2,1,746.0,61,2,5,True
7125,Ecuador,—,Bronce,False,True,True,1,0,0.0,19,5,4,True
7126,Colombia,Armenia,Bronce,True,False,True,3,2,1104.0,22,1,10,True
7127,Colombia,Bogotá D.C.,Bronce,True,False,True,1,0,0.0,22,2,10,True
7128,Colombia,Medellín,Bronce,True,True,False,1,0,0.0,20,4,9,True
7129,Colombia,Pereira,Bronce,True,True,True,7,4,1811.0,41,1,7,True
7130,Colombia,Barranquilla,Bronce,False,True,True,2,1,438.0,23,1,10,True
7131,Colombia,Cali,Bronce,True,False,True,1,0,0.0,20,7,10,False
7132,Colombia,Medellín,Bronce,False,False,True,0,0,0.0,63,7,8,False
7133,México,—,Bronce,True,True,True,1,0,0.0,34,11,6,False
7134,Colombia,Medellín,Plata,False,True,True,15,10,4338.0,44,5,8,True
7135,México,—,Bronce,True,False,True,0,0,0.0,15,1,5,True
7136,Colombia,Medellín,Bronce,False,False,True,5,3,1809.0,24,4,1,True
7137,Ecuador,—,Bronce,True,False,True,0,0,0.0,15,19,10,False
7138,Colombia,Medellín,Bronce,False,True,True,0,0,0.0,44,4,4,True
7139,Colombia,Otras ciudades,Bronce,True,True,True,2,1,444.0,1,10,5,False
7140,Colombia,Neiva,Oro,False,False,True,53,37,19627.0,11,7,5,False
7141,Colombia,Bogotá D.C.,Bronce,True,False,True,3,2,1063.0,42,7,9,False
7142,Colombia,Bucaramanga,Bronce,False,True,True,0,0,0.0,6,0,8,True
7143,Colombia,Medellín,Bronce,True,False,True,0,0,0.0,5,4,3,True
7144,Colombia,Bogotá D.C.,Plata,True,True,True,15,10,5602.0,15,9,9,False
7145,Colombia,Bogotá D.C.,Bronce,False,True,True,4,2,1308.0,10,0,9,True
7146,Colombia,Pereira,Bronce,True,True,True,0,0,0.0,25,1,10,True
7147,Perú,—,Bronce,True,False,True,3,2,759.0,4,4,10,True
7148,Ecuador,—,Bronce,True,False,False,7,6,3103.0,31,5,6,True
7149,Colombia,Otras ciudades,Bronce,False,False,True,4,2,1107.0,7,12,10,False
7150,Perú,—,Plata,True,False,True,16,12,6886.0,37,3,6,True
7151,Colombia,Bogotá D.C.,Oro,False,False,True,27,23,11302.0,33,8,6,False
7152,Colombia,Otras ciudades,Bronce,False,False,True,0,0,0.0,52,2,9,True
7153,México,—,Oro,True,False,True,28,20,10981.0,1,4,8,True
7154,Ecuador,—,Bronce,True,False,True,1,0,0.0,27,0,8,True
7155,Colombia,Bogotá D.C.,Bronce,True,False,True,7,5,1924.0,31,2,10,True
7156,México,—,Bronce,False,False,False,0,0,0.0,20,14,6,False
7157,México,—,Bronce,True,True,False,0,0,0.0,71,5,6,True
7158,Colombia,Bogotá D.C.,Bronce,False,False,True,2,1,603.0,9,3,7,True
7159,México,—,Bronce,True,False,True,0,0,0.0,20,7,8,False
7160,Colombia,Santa Marta,Bronce,False,True,True,0,0,0.0,88,11,7,False
7161,Colombia,Cartagena,Bronce,False,False,True,1,0,0.0,30,23,10,False
7162,México,—,Bronce,True,False,True,1,0,0.0,20,0,9,True
7163,México,—,Bronce,True,False,True,1,0,0.0,15,1,10,True
7164,México,—,Bronce,True,False,True,1,0,0.0,3,2,9,True
7165,Ecuador,—,Bronce,True,False,True,5,3,1725.0,31,6,7,True
7166,Colombia,Otras ciudades,Bronce,False,False,True,2,1,568.0,32,5,9,True
7167,Ecuador,—,Bronce,False,False,True,6,4,2019.0,21,3,8,True
7168,Colombia,Cali,Bronce,False,False,True,1,0,0.0,1,8,5,False
7169,Colombia,Bogotá D.C.,Bronce,False,False,True,4,3,1814.0,19,1,7,True
7170,Colombia,Otras ciudades,Bronce,False,True,True,0,0,0.0,6,20,7,False
7171,Colombia,Bogotá D.C.,Bronce,True,False,True,0,0,0.0,13,10,8,False
7172,Colombia,Cali,Bronce,False,True,True,6,3,1804.0,39,4,4,True
7173,Colombia,Neiva,Bronce,False,False,False,2,1,626.0,47,6,5,True
7174,Colombia,Cali,Bronce,False,False,True,1,0,0.0,63,8,5,False
7175,Colombia,Medellín,Bronce,False,True,True,1,0,0.0,7,6,5,True
7176,Colombia,Medellín,Bronce,True,False,True,1,0,0.0,19,7,8,False
7177,México,—,Oro,False,False,True,30,20,8168.0,21,1,9,True
7178,Colombia,Bogotá D.C.,Bronce,True,False,True,0,0,0.0,61,13,6,False
7179,Uruguay,—,Bronce,True,False,True,0,0,0.0,40,12,4,False
7180,Ecuador,—,Bronce,False,False,True,4,2,1002.0,40,5,10,True
7181,Ecuador,—,Bronce,False,True,True,0,0,0.0,20,8,5,False
7182,Uruguay,—,Bronce,False,False,False,0,0,0.0,24,3,10,True
7183,Colombia,Barranquilla,Bronce,False,False,False,1,0,0.0,38,13,5,False
7184,Colombia,Bogotá D.C.,Bronce,False,False,True,4,3,1378.0,18,3,7,True
7185,Colombia,Medellín,Plata,True,False,True,8,7,3944.0,26,3,8,True
7186,Uruguay,—,Plata,False,True,True,10,6,2541.0,39,17,7,False
7187,Colombia,Villavicencio,Plata,False,True,True,11,8,4459.0,4,2,6,True
7188,Colombia,Cali,Bronce,True,False,False,0,0,0.0,54,1,6,True
7189,Colombia,Otras ciudades,Bronce,False,True,True,2,1,533.0,26,0,6,True
7190,Colombia,Pasto,Bronce,False,False,True,1,0,0.0,18,8,3,False
7191,Colombia,Bogotá D.C.,Bronce,True,False,True,2,1,521.0,40,7,8,False
7192,Colombia,Bogotá D.C.,Bronce,False,False,True,2,1,554.0,53,1,3,True
7193,Colombia,Barranquilla,Bronce,True,True,True,1,0,0.0,26,4,9,True
7194,Colombia,Cali,Bronce,True,False,False,0,0,0.0,49,4,7,True
7195,Colombia,Bogotá D.C.,Bronce,False,False,False,2,1,473.0,44,18,6,False
7196,Colombia,Pereira,Plata,False,True,True,13,8,3612.0,52,0,10,True
7197,Colombia,Bogotá D.C.,Bronce,True,False,True,0,0,0.0,7,16,10,False
7198,México,—,Bronce,True,False,True,3,1,612.0,11,5,8,True
7199,Perú,—,Bronce,True,False,True,0,0,0.0,38,12,4,False
7200,Colombia,Barranquilla,Plata,True,False,True,21,12,6112.0,11,2,10,True
7201,Colombia,Bogotá D.C.,Bronce,True,False,False,0,0,0.0,10,12,5,False
7202,Uruguay,—,Bronce,True,False,True,5,3,680.0,32,2,10,True
7203,Ecuador,—,Bronce,False,False,True,0,0,0.0,49,13,4,False
7204,Colombia,Cali,Bronce,False,False,True,0,0,0.0,23,3,8,True
7205,Colombia,Montería,Bronce,True,False,True,0,0,0.0,15,1,6,True
7206,Colombia,Barranquilla,Bronce,False,False,False,7,4,1970.0,53,9,9,False
7207,Colombia,Manizales,Bronce,False,False,True,0,0,0.0,25,17,5,False
7208,México,—,Oro,True,True,True,30,20,9179.0,28,7,7,False
7209,Colombia,Bogotá D.C.,Bronce,True,False,False,3,1,524.0,13,2,7,True
7210,Colombia,Cali,Plata,True,False,False,11,8,3206.0,8,0,9,True
7211,México,—,Bronce,False,True,True,3,2,1048.0,40,5,5,True
7212,México,—,Bronce,False,True,True,2,1,596.0,40,8,6,False
7213,Colombia,Villavicencio,Bronce,False,False,True,0,0,0.0,41,1,4,True
7214,Colombia,Cartagena,Bronce,True,True,True,0,0,0.0,10,7,4,False
7215,Colombia,Otras ciudades,Bronce,True,False,True,1,0,0.0,6,9,8,False
7216,Colombia,Cali,Oro,True,False,True,31,21,11817.0,6,12,5,False
7217,Colombia,Cúcuta,Bronce,False,False,True,0,0,0.0,70,5,7,True
7218,Chile,—,Bronce,False,False,True,0,0,0.0,43,8,10,False
7219,Colombia,Medellín,Bronce,False,True,True,0,0,0.0,30,13,7,False
7220,Ecuador,—,Bronce,True,False,True,1,0,0.0,15,12,9,False
7221,Perú,—,Bronce,True,True,False,1,0,0.0,31,1,8,True
7222,México,—,Bronce,True,False,True,1,0,0.0,6,3,5,True
7223,Colombia,Cartagena,Bronce,False,False,True,6,3,1204.0,27,1,10,True
7224,Colombia,Bogotá D.C.,Bronce,True,True,False,5,3,1313.0,5,15,8,False
7225,Uruguay,—,Plata,False,True,True,8,6,2200.0,78,2,9,True
7226,Colombia,Bogotá D.C.,Oro,False,False,True,40,31,18509.0,76,4,6,True
7227,Colombia,Sincelejo,Bronce,True,True,True,0,0,0.0,34,0,3,True
7228,Colombia,Otras ciudades,Oro,True,False,True,44,26,11027.0,13,1,6,True
7229,Colombia,Cartagena,Bronce,False,False,False,0,0,0.0,68,3,8,True
7230,Colombia,Bogotá D.C.,Bronce,False,True,True,0,0,0.0,57,21,7,False
7231,Colombia,Otras ciudades,Bronce,False,True,True,3,2,972.0,29,5,8,True
7232,Ecuador,—,Plata,False,False,True,8,5,1769.0,31,7,7,False
7233,Colombia,Cartagena,Bronce,False,False,True,0,0,0.0,19,11,8,False
7234,Colombia,Cali,Bronce,False,False,True,0,0,0.0,19,1,9,True
7235,Colombia,Medellín,Bronce,False,True,True,4,3,1845.0,1,12,10,False
7236,Perú,—,Bronce,False,False,True,0,0,0.0,17,0,7,True
7237,México,—,Bronce,True,False,True,0,0,0.0,33,3,9,True
7238,Colombia,Montería,Bronce,False,False,False,1,0,0.0,28,6,3,True
7239,Colombia,Bogotá D.C.,Bronce,True,False,True,0,0,0.0,28,9,8,False
7240,Colombia,Medellín,Bronce,False,False,True,1,0,0.0,27,12,5,False
7241,México,—,Bronce,True,True,True,2,1,660.0,55,6,7,True
7242,Colombia,Cartagena,Bronce,True,False,False,0,0,0.0,8,4,7,True
7243,Colombia,Cúcuta,Plata,True,False,True,21,12,5437.0,35,7,9,False
7244,Ecuador,—,Bronce,True,False,True,0,0,0.0,70,2,9,True
7245,Colombia,Otras ciudades,Plata,True,False,True,19,13,3871.0,33,5,7,True
7246,Ecuador,—,Bronce,False,False,True,4,3,1259.0,24,7,8,False
7247,Colombia,Bogotá D.C.,Bronce,True,False,True,0,0,0.0,6,0,8,True
7248,Colombia,Villavicencio,Bronce,False,False,True,6,3,884.0,2,19,10,False
7249,México,—,Bronce,False,False,False,5,2,729.0,23,5,8,True
7250,Colombia,Barranquilla,Bronce,True,False,True,0,0,0.0,19,1,7,True
7251,Colombia,Cali,Bronce,False,True,True,0,0,0.0,16,13,4,False
7252,Colombia,Ibagué,Bronce,True,True,True,0,0,0.0,39,16,10,False
7253,Ecuador,—,Bronce,True,False,False,5,4,1255.0,34,0,5,True
7254,Perú,—,Bronce,True,False,True,7,6,2746.0,44,2,8,True
7255,Colombia,Cali,Bronce,False,True,True,1,0,0.0,56,1,10,True
7256,México,—,Bronce,False,False,True,3,2,820.0,1,2,7,True
7257,México,—,Bronce,False,False,True,0,0,0.0,28,1,8,True
7258,Colombia,Sincelejo,Bronce,False,False,True,0,0,0.0,42,6,6,True
7259,Perú,—,Oro,True,False,True,53,36,19677.0,34,9,8,False
7260,Colombia,Medellín,Bronce,True,False,True,1,0,0.0,59,3,4,True
7261,México,—,Bronce,True,False,True,2,1,334.0,19,5,7,True
7262,Colombia,Bucaramanga,Bronce,True,False,True,6,4,2362.0,3,13,8,False
7263,México,—,Bronce,True,False,True,4,3,1370.0,22,8,9,False
7264,México,—,Bronce,True,False,True,2,1,600.0,10,2,7,True
7265,Colombia,Otras ciudades,Bronce,True,True,True,1,0,0.0,24,1,7,True
7266,Colombia,Pasto,Plata,True,True,True,11,9,5679.0,36,13,8,False
7267,Ecuador,—,Bronce,False,True,True,6,5,1794.0,2,9,5,False
7268,Colombia,Medellín,Bronce,False,False,True,0,0,0.0,31,0,7,True
7269,Ecuador,—,Bronce,True,True,True,2,1,445.0,44,2,5,True
7270,Uruguay,—,Bronce,True,False,True,0,0,0.0,58,5,3,True
7271,México,—,Bronce,False,False,True,0,0,0.0,30,0,6,True
7272,Colombia,Manizales,Bronce,True,False,True,4,3,1242.0,28,6,7,True
7273,Ecuador,—,Bronce,True,False,False,1,0,0.0,6,2,5,True
7274,Colombia,Bogotá D.C.,Bronce,True,False,True,5,3,1155.0,13,1,5,True
7275,Colombia,Pereira,Bronce,False,False,True,6,3,1470.0,30,3,9,True
7276,Colombia,Bogotá D.C.,Bronce,True,False,True,0,0,0.0,51,9,7,False
7277,México,—,Bronce,False,False,False,1,0,0.0,54,13,8,False
7278,Ecuador,—,Plata,True,False,True,10,6,3290.0,36,1,10,True
7279,Colombia,Sincelejo,Bronce,False,False,False,5,3,2111.0,32,3,8,True
7280,Colombia,Bogotá D.C.,Bronce,False,False,True,1,0,0.0,1,8,6,False
7281,Colombia,Villavicencio,Bronce,False,True,True,3,2,1077.0,34,0,9,True
7282,México,—,Bronce,False,False,True,2,1,411.0,32,1,8,True
7283,Colombia,Manizales,Bronce,True,False,True,1,0,0.0,43,7,6,False
7284,Colombia,Bucaramanga,Bronce,False,True,True,1,0,0.0,14,5,7,True
7285,Colombia,Bogotá D.C.,Bronce,False,False,True,2,1,392.0,93,10,9,False
7286,Colombia,Otras ciudades,Plata,True,True,True,16,13,5219.0,30,3,9,True
7287,Ecuador,—,Plata,True,False,True,9,7,4171.0,86,20,7,False
7288,Chile,—,Bronce,False,True,True,1,0,0.0,4,6,4,True
7289,Colombia,Bogotá D.C.,Bronce,False,False,True,1,0,0.0,50,3,9,True
7290,Ecuador,—,Bronce,False,False,False,1,0,0.0,43,5,4,True
7291,Colombia,Neiva,Bronce,True,False,True,1,0,0.0,20,5,8,True
7292,México,—,Plata,False,False,True,17,15,8351.0,16,0,7,True
7293,México,—,Bronce,False,False,True,2,1,484.0,70,0,4,True
7294,Colombia,Montería,Bronce,False,True,True,2,1,549.0,13,10,10,False
7295,Colombia,Neiva,Bronce,True,True,False,1,0,0.0,64,9,8,False
7296,Colombia,Bogotá D.C.,Bronce,False,False,True,3,1,402.0,46,5,8,True
7297,México,—,Bronce,False,False,True,0,0,0.0,19,4,7,True
7298,Colombia,Bogotá D.C.,Bronce,False,False,True,0,0,0.0,58,4,9,True
7299,Colombia,Bogotá D.C.,Bronce,True,True,True,2,1,464.0,22,8,0,False
7300,Colombia,Medellín,Bronce,True,False,True,1,0,0.0,69,9,6,False
7301,Perú,—,Bronce,True,False,True,2,1,321.0,33,6,10,True
7302,Colombia,Medellín,Bronce,True,True,True,0,0,0.0,5,5,8,True
7303,Colombia,Otras ciudades,Bronce,False,True,True,5,3,1924.0,12,5,10,True
7304,Colombia,Santa Marta,Bronce,True,False,True,0,0,0.0,26,11,9,False
7305,Colombia,Bogotá D.C.,Bronce,True,False,True,4,2,1147.0,21,3,2,True
7306,Colombia,Cartagena,Bronce,False,True,True,0,0,0.0,17,3,10,True
7307,Colombia,Pereira,Bronce,False,False,True,0,0,0.0,25,3,8,True
7308,Colombia,Montería,Bronce,False,False,True,2,1,741.0,9,9,6,False
7309,Colombia,Otras ciudades,Bronce,False,True,True,4,2,1320.0,5,8,7,False
7310,México,—,Plata,False,False,True,11,10,6193.0,11,3,10,True
7311,Ecuador,—,Bronce,True,False,False,2,1,450.0,59,4,5,True
7312,Colombia,Santa Marta,Bronce,True,False,True,0,0,0.0,50,2,5,True
7313,México,—,Bronce,True,True,True,0,0,0.0,40,0,10,True
7314,México,—,Bronce,False,False,True,0,0,0.0,2,2,10,True
7315,Colombia,Pasto,Bronce,True,False,True,5,4,936.0,46,1,7,True
7316,Ecuador,—,Bronce,False,False,True,1,0,0.0,7,3,10,True
7317,Colombia,Manizales,Bronce,False,True,True,2,1,392.0,87,9,10,False
7318,Uruguay,—,Bronce,False,True,True,5,4,2174.0,60,4,5,True
7319,Ecuador,—,Bronce,True,False,True,1,0,0.0,67,4,5,True
7320,Perú,—,Bronce,True,True,True,0,0,0.0,21,16,5,False
7321,Perú,—,Bronce,True,False,True,7,5,2370.0,33,1,9,True
7322,Colombia,Bogotá D.C.,Bronce,False,False,True,0,0,0.0,51,21,8,False
7323,Uruguay,—,Bronce,False,False,True,1,0,0.0,30,8,3,False
7324,Colombia,Barranquilla,Bronce,False,False,True,2,1,557.0,8,15,6,False
7325,Colombia,Cartagena,Bronce,False,False,False,4,3,1533.0,32,4,7,True
7326,Colombia,Medellín,Plata,True,False,True,19,15,8674.0,59,10,8,False
7327,México,—,Bronce,False,False,True,1,0,0.0,15,21,7,False
7328,México,—,Bronce,False,True,True,0,0,0.0,20,2,6,True
7329,Colombia,Otras ciudades,Plata,True,False,True,21,13,7469.0,44,3,6,True
7330,Chile,—,Plata,False,False,False,23,15,7026.0,55,2,9,True
7331,Ecuador,—,Bronce,False,False,False,1,0,0.0,5,1,9,True
7332,Colombia,Cúcuta,Bronce,True,True,True,5,4,2575.0,9,4,7,True
7333,Perú,—,Bronce,False,False,True,1,0,0.0,48,6,10,True
7334,Colombia,Bucaramanga,Bronce,False,False,True,0,0,0.0,22,3,8,True
7335,Colombia,Bogotá D.C.,Bronce,False,True,True,0,0,0.0,9,7,7,False
7336,Perú,—,Bronce,True,False,True,0,0,0.0,16,17,7,False
7337,Perú,—,Bronce,True,False,True,4,2,899.0,32,6,8,True
7338,Colombia,Barranquilla,Plata,False,False,True,8,7,3460.0,41,2,7,True
7339,Colombia,Pereira,Platino,False,False,True,297,256,141621.0,25,3,8,True
7340,Colombia,Sincelejo,Bronce,False,True,True,4,3,1090.0,25,5,9,True
7341,Ecuador,—,Bronce,False,False,True,1,0,0.0,26,1,7,True
7342,Perú,—,Bronce,False,False,True,1,0,0.0,7,18,7,False
7343,Uruguay,—,Bronce,False,True,True,0,0,0.0,28,2,7,True
7344,Colombia,Otras ciudades,Bronce,True,True,True,1,0,0.0,17,5,8,True
7345,Colombia,Bogotá D.C.,Bronce,False,False,True,3,2,734.0,59,6,8,True
7346,México,—,Bronce,False,True,True,0,0,0.0,9,0,6,True
7347,Colombia,Cali,Platino,False,False,True,96,73,22841.0,8,7,8,False
7348,México,—,Bronce,False,False,True,2,1,682.0,31,3,8,True
7349,Ecuador,—,Bronce,False,True,True,1,0,0.0,12,3,10,True
7350,Colombia,Medellín,Bronce,False,False,False,0,0,0.0,20,2,9,True
7351,Colombia,Manizales,Oro,True,False,True,47,33,16300.0,8,12,8,False
7352,México,—,Plata,False,True,True,8,5,2102.0,17,3,5,True
7353,México,—,Plata,False,True,True,14,13,7620.0,13,2,8,True
7354,Colombia,Cali,Bronce,False,True,True,1,0,0.0,13,8,8,False
7355,Colombia,Cali,Bronce,False,False,True,4,2,983.0,123,1,10,True
7356,Colombia,Otras ciudades,Plata,True,True,True,24,15,7665.0,11,8,5,False
7357,Colombia,Ibagué,Bronce,True,False,False,0,0,0.0,24,9,6,False
7358,México,—,Plata,False,False,True,21,17,8018.0,50,5,8,True
7359,Colombia,Barranquilla,Bronce,True,False,True,3,2,504.0,12,2,6,True
7360,México,—,Bronce,False,True,False,0,0,0.0,1,4,6,True
7361,Colombia,Bogotá D.C.,Bronce,False,False,False,1,0,0.0,11,3,10,True
7362,Colombia,Manizales,Plata,True,False,True,13,10,3029.0,44,2,9,True
7363,Colombia,Bogotá D.C.,Oro,False,False,True,26,19,10201.0,8,5,6,True
7364,Perú,—,Plata,False,True,True,15,13,6880.0,17,6,5,True
7365,Perú,—,Bronce,False,False,True,2,1,682.0,21,1,8,True
7366,Colombia,Santa Marta,Bronce,True,False,True,4,3,1710.0,33,15,6,False
7367,Colombia,Medellín,Bronce,True,False,True,0,0,0.0,91,3,5,True
7368,Colombia,Cali,Bronce,False,True,True,5,3,1761.0,23,1,10,True
7369,México,—,Bronce,True,True,True,1,0,0.0,16,3,6,True
7370,Colombia,Medellín,Bronce,False,False,True,0,0,0.0,91,10,9,False
7371,Ecuador,—,Bronce,True,False,True,4,3,1638.0,17,3,4,True
7372,Perú,—,Bronce,False,False,True,0,0,0.0,28,1,8,True
7373,Chile,—,Bronce,False,True,True,4,2,978.0,48,6,7,True
7374,México,—,Bronce,False,False,True,4,3,1061.0,4,2,9,True
7375,Ecuador,—,Bronce,False,False,True,0,0,0.0,48,8,10,False
7376,Colombia,Bogotá D.C.,Plata,False,False,True,19,12,5195.0,36,8,7,False
7377,México,—,Bronce,False,False,True,2,1,483.0,72,0,4,True
7378,Colombia,Cali,Bronce,False,False,True,0,0,0.0,14,1,10,True
7379,México,—,Bronce,True,True,True,0,0,0.0,12,3,2,True
7380,Colombia,Bogotá D.C.,Plata,False,False,False,11,8,3666.0,108,5,8,True
7381,Colombia,Medellín,Bronce,True,False,True,5,3,1336.0,33,4,7,True
7382,Colombia,Medellín,Bronce,False,False,True,0,0,0.0,6,5,9,True
7383,Colombia,Medellín,Bronce,False,True,True,2,1,521.0,31,15,10,False
7384,Colombia,Bogotá D.C.,Bronce,False,False,False,3,2,892.0,103,0,10,True
7385,Colombia,Medellín,Bronce,False,False,True,2,1,534.0,1,1,7,True
7386,Colombia,Pereira,Bronce,True,True,False,0,0,0.0,22,17,7,False
7387,México,—,Plata,True,False,True,13,10,5843.0,45,1,8,True
7388,Perú,—,Bronce,False,False,True,1,0,0.0,65,8,10,False
7389,Colombia,Bogotá D.C.,Bronce,True,False,False,0,0,0.0,37,1,9,True
7390,Colombia,Cali,Bronce,False,False,True,3,1,500.0,16,10,6,False
7391,México,—,Bronce,False,True,True,0,0,0.0,26,2,9,True
7392,México,—,Bronce,True,False,True,5,4,1333.0,66,1,10,True
7393,Ecuador,—,Bronce,False,True,True,1,0,0.0,68,4,2,True
7394,Colombia,Valledupar,Bronce,False,False,True,0,0,0.0,17,2,5,True
7395,Colombia,Barranquilla,Bronce,False,False,True,1,0,0.0,32,11,5,False
7396,Colombia,Bogotá D.C.,Bronce,False,False,False,1,0,0.0,27,10,6,False
7397,Colombia,Cali,Bronce,False,True,True,1,0,0.0,82,4,8,True
7398,México,—,Bronce,False,False,True,2,1,709.0,34,0,9,True
7399,Colombia,Bogotá D.C.,Bronce,True,False,True,0,0,0.0,22,2,7,True
7400,Colombia,Otras ciudades,Bronce,True,False,False,0,0,0.0,66,2,5,True
7401,Colombia,Otras ciudades,Plata,False,False,False,14,9,3541.0,37,3,8,True
7402,Perú,—,Bronce,False,True,True,1,0,0.0,108,7,3,False
7403,México,—,Plata,False,True,True,9,7,3460.0,7,5,3,True
7404,Ecuador,—,Bronce,True,False,True,3,2,914.0,23,2,9,True
7405,México,—,Bronce,True,False,True,1,0,0.0,39,3,5,True
7406,Colombia,Bogotá D.C.,Bronce,False,True,True,1,0,0.0,17,9,7,False
7407,Uruguay,—,Bronce,False,False,True,7,6,3402.0,27,9,6,False
7408,Colombia,Bogotá D.C.,Bronce,True,True,True,4,2,699.0,24,9,5,False
7409,Colombia,Medellín,Bronce,False,False,True,2,1,282.0,46,2,10,True
7410,México,—,Bronce,False,True,True,2,1,604.0,5,1,10,True
7411,Colombia,Bogotá D.C.,Bronce,False,True,True,0,0,0.0,18,9,10,False
7412,Colombia,Manizales,Bronce,True,False,True,0,0,0.0,14,3,9,True
7413,Colombia,Bucaramanga,Bronce,False,False,True,2,1,545.0,13,1,10,True
7414,Perú,—,Bronce,False,False,True,0,0,0.0,45,2,10,True
7415,Ecuador,—,Bronce,False,True,True,6,5,2306.0,22,3,7,True
7416,Colombia,Cali,Bronce,True,False,True,0,0,0.0,39,14,4,False
7417,Colombia,Villavicencio,Bronce,True,False,False,3,2,940.0,1,19,7,False
7418,Colombia,Cali,Bronce,False,False,True,1,0,0.0,20,5,8,True
7419,Perú,—,Bronce,False,True,True,3,2,843.0,27,6,8,True
7420,México,—,Bronce,True,False,True,0,0,0.0,32,5,5,True
7421,México,—,Plata,True,False,True,20,15,5034.0,54,2,4,True
7422,Ecuador,—,Bronce,True,False,True,0,0,0.0,8,7,10,False
7423,Colombia,Bogotá D.C.,Bronce,False,False,True,1,0,0.0,52,5,9,True
7424,Colombia,Armenia,Bronce,False,False,True,2,1,424.0,9,5,6,True
7425,Colombia,Bogotá D.C.,Bronce,True,False,False,5,4,1887.0,23,0,9,True
7426,Perú,—,Bronce,False,True,True,4,3,1104.0,7,3,5,True
7427,Colombia,Bogotá D.C.,Bronce,True,False,True,0,0,0.0,25,2,8,True
7428,México,—,Bronce,True,False,True,0,0,0.0,5,3,8,True
7429,Colombia,Bogotá D.C.,Bronce,True,False,True,2,1,659.0,14,6,8,True
7430,Colombia,Cartagena,Bronce,False,True,True,0,0,0.0,51,12,7,False
7431,Colombia,Cali,Bronce,True,True,False,1,0,0.0,32,4,8,True
7432,México,—,Bronce,False,False,True,0,0,0.0,13,15,10,False
7433,Colombia,Bogotá D.C.,Plata,False,False,True,9,7,3206.0,21,3,8,True
7434,México,—,Bronce,True,False,True,0,0,0.0,5,3,10,True
7435,Colombia,Bogotá D.C.,Bronce,True,False,False,0,0,0.0,55,5,5,True
7436,Colombia,Bogotá D.C.,Bronce,False,True,True,2,1,420.0,12,6,7,True
7437,Ecuador,—,Bronce,False,False,True,0,0,0.0,37,5,9,True
7438,Colombia,Bogotá D.C.,Bronce,True,False,True,3,1,551.0,35,3,6,True
7439,Colombia,Otras ciudades,Bronce,False,False,True,5,4,1851.0,21,6,7,True
7440,Perú,—,Bronce,True,False,True,5,4,1367.0,31,1,6,True
7441,Chile,—,Bronce,True,False,True,0,0,0.0,3,1,10,True
7442,Colombia,Bucaramanga,Bronce,False,False,False,1,0,0.0,5,3,7,True
7443,Colombia,Cali,Bronce,False,False,True,7,6,2581.0,25,4,7,True
7444,Colombia,Cúcuta,Bronce,True,False,True,1,0,0.0,27,14,8,False
7445,Colombia,Otras ciudades,Bronce,False,False,True,0,0,0.0,28,7,10,False
7446,Colombia,Bogotá D.C.,Plata,True,True,True,16,13,6032.0,4,11,10,False
7447,Ecuador,—,Bronce,False,True,False,0,0,0.0,43,1,8,True
7448,Perú,—,Bronce,True,False,False,1,0,0.0,38,3,9,True
7449,Colombia,Popayán,Bronce,False,False,True,0,0,0.0,55,19,5,False
7450,Ecuador,—,Bronce,False,False,False,4,2,1023.0,24,4,10,True
7451,Colombia,Medellín,Plata,False,True,True,20,18,7376.0,20,4,9,True
7452,Colombia,Bogotá D.C.,Plata,False,False,True,12,7,5097.0,36,5,4,True
7453,Colombia,Santa Marta,Bronce,False,False,True,2,1,657.0,51,3,6,True
7454,Colombia,Medellín,Plata,False,True,False,8,6,2887.0,17,1,8,True
7455,México,—,Bronce,False,True,False,0,0,0.0,43,1,9,True
7456,Uruguay,—,Plata,True,True,True,18,12,4388.0,15,9,10,False
7457,Colombia,Popayán,Bronce,False,True,True,1,0,0.0,34,4,8,True
7458,Colombia,Cali,Bronce,True,False,True,0,0,0.0,37,4,10,True
7459,Colombia,Cúcuta,Plata,False,False,True,15,9,4622.0,1,3,7,True
7460,Colombia,Cali,Bronce,False,False,True,1,0,0.0,17,1,6,True
7461,Colombia,Cali,Bronce,True,True,False,0,0,0.0,57,4,6,True
7462,Perú,—,Bronce,True,False,True,0,0,0.0,23,0,9,True
7463,Perú,—,Plata,True,False,True,10,9,5291.0,5,1,10,True
7464,Colombia,Cali,Bronce,False,True,True,3,1,447.0,14,1,6,True
7465,Colombia,Bogotá D.C.,Bronce,True,False,False,4,3,1175.0,50,12,8,False
7466,Ecuador,—,Bronce,True,False,False,2,1,496.0,79,7,9,False
7467,Uruguay,—,Bronce,False,False,False,2,1,368.0,44,16,8,False
7468,Colombia,Medellín,Bronce,True,True,False,2,1,407.0,9,1,5,True
7469,Ecuador,—,Bronce,False,False,True,4,2,589.0,16,4,10,True
7470,Colombia,Villavicencio,Bronce,True,False,True,0,0,0.0,47,1,8,True
7471,Colombia,Medellín,Bronce,False,False,True,1,0,0.0,42,13,10,False
7472,Colombia,Bogotá D.C.,Bronce,False,True,True,0,0,0.0,14,16,5,False
7473,Colombia,Cali,Bronce,False,False,True,3,2,683.0,44,7,4,False
7474,Colombia,Cali,Bronce,True,False,False,0,0,0.0,3,8,4,False
7475,Colombia,Bogotá D.C.,Bronce,False,True,True,0,0,0.0,25,9,1,False
7476,Ecuador,—,Oro,False,True,True,37,21,12932.0,45,17,10,False
7477,México,—,Bronce,False,False,True,0,0,0.0,22,7,9,False
7478,Uruguay,—,Bronce,False,True,True,0,0,0.0,29,6,3,True
7479,Ecuador,—,Bronce,False,False,True,3,2,1004.0,6,9,4,False
7480,Colombia,Pereira,Bronce,False,False,False,0,0,0.0,24,6,3,True
7481,Colombia,Cartagena,Bronce,True,True,True,1,0,0.0,11,3,10,True
7482,Colombia,Bogotá D.C.,Bronce,False,False,True,4,3,1444.0,32,11,6,False
7483,Colombia,Otras ciudades,Bronce,True,True,True,1,0,0.0,26,5,5,True
7484,Colombia,Barranquilla,Bronce,False,False,True,0,0,0.0,24,7,7,False
7485,México,—,Plata,False,False,False,11,8,2756.0,41,2,6,True
7486,Colombia,Bogotá D.C.,Plata,False,True,True,9,6,2018.0,73,2,6,True
7487,México,—,Bronce,True,True,True,2,1,642.0,16,0,6,True
7488,México,—,Plata,True,False,True,10,5,3604.0,40,12,7,False
7489,Colombia,Cartagena,Bronce,True,True,True,1,0,0.0,35,5,5,True
7490,Colombia,Bogotá D.C.,Bronce,False,True,True,3,2,1267.0,23,6,8,True
7491,Colombia,Barranquilla,Bronce,True,False,True,3,1,526.0,18,4,9,True
7492,Colombia,Bogotá D.C.,Bronce,False,True,False,0,0,0.0,35,8,8,False
7493,México,—,Bronce,False,False,True,1,0,0.0,45,15,7,False
7494,Ecuador,—,Bronce,False,False,False,1,0,0.0,18,0,9,True
7495,Colombia,Otras ciudades,Bronce,False,True,False,1,0,0.0,24,0,9,True
7496,México,—,Bronce,True,False,True,7,5,2650.0,18,11,10,False
7497,México,—,Bronce,False,False,True,2,1,439.0,25,2,3,True
7498,Perú,—,Bronce,True,True,False,0,0,0.0,9,2,7,True
7499,Colombia,Medellín,Bronce,False,False,True,1,0,0.0,4,7,7,False
7500,Colombia,Cali,Bronce,False,False,True,3,1,341.0,32,2,8,True
7501,México,—,Bronce,True,True,True,2,1,421.0,36,26,6,False
7502,Colombia,Cartagena,Plata,True,False,True,10,8,4233.0,37,2,7,True
7503,México,—,Bronce,True,False,True,5,2,921.0,40,11,8,False
7504,Colombia,Medellín,Bronce,True,False,True,5,4,2328.0,56,6,7,True
7505,Colombia,Medellín,Bronce,False,False,True,0,0,0.0,11,9,7,False
7506,México,—,Bronce,False,False,True,0,0,0.0,68,4,4,True
7507,Colombia,Pasto,Bronce,True,False,False,6,3,1119.0,17,8,9,False
7508,Ecuador,—,Bronce,False,False,True,0,0,0.0,17,12,7,False
7509,Colombia,Bucaramanga,Bronce,False,False,True,5,3,1352.0,72,8,2,False
7510,Colombia,Cartagena,Bronce,False,False,True,0,0,0.0,46,3,10,True
7511,Colombia,Ibagué,Bronce,True,False,True,0,0,0.0,10,1,4,True
7512,Colombia,Bucaramanga,Bronce,False,True,True,0,0,0.0,11,6,10,True
7513,Perú,—,Bronce,True,False,False,3,1,562.0,30,7,7,False
7514,Colombia,Cartagena,Bronce,True,True,False,1,0,0.0,7,4,9,True
7515,Colombia,Bogotá D.C.,Bronce,False,True,False,6,5,2358.0,5,4,10,True
7516,México,—,Bronce,False,False,True,0,0,0.0,29,6,8,True
7517,Perú,—,Bronce,True,True,True,0,0,0.0,27,4,7,True
7518,Colombia,Bogotá D.C.,Bronce,True,False,True,0,0,0.0,43,5,8,True
7519,México,—,Plata,False,False,True,24,22,10473.0,19,8,3,False
7520,México,—,Bronce,False,False,True,5,4,2091.0,31,1,9,True
7521,Uruguay,—,Bronce,False,False,True,0,0,0.0,45,5,7,True
7522,Colombia,Ibagué,Bronce,True,False,False,0,0,0.0,64,12,7,False
7523,Colombia,Barranquilla,Bronce,False,False,True,1,0,0.0,84,3,8,True
7524,Colombia,Bogotá D.C.,Bronce,True,False,True,0,0,0.0,27,14,8,False
7525,Ecuador,—,Bronce,False,False,False,3,2,995.0,14,5,5,True
7526,México,—,Bronce,False,True,True,6,4,2268.0,5,8,7,False
7527,Colombia,Neiva,Bronce,True,True,True,0,0,0.0,10,3,5,True
7528,Colombia,Bogotá D.C.,Bronce,True,True,True,0,0,0.0,58,1,5,True
7529,Colombia,Medellín,Bronce,True,False,True,1,0,0.0,6,4,8,True
7530,Colombia,Cali,Bronce,True,False,True,2,1,388.0,20,15,7,False
7531,México,—,Bronce,False,True,False,0,0,0.0,22,2,7,True
7532,Ecuador,—,Bronce,False,False,True,1,0,0.0,19,2,4,True
7533,México,—,Bronce,True,True,True,0,0,0.0,17,4,8,True
7534,Colombia,Medellín,Bronce,True,False,True,1,0,0.0,15,3,6,True
7535,Colombia,Bogotá D.C.,Bronce,False,True,False,7,5,2867.0,27,9,4,False
7536,Colombia,Bogotá D.C.,Bronce,False,False,True,1,0,0.0,24,8,9,False
7537,Perú,—,Bronce,False,True,True,0,0,0.0,16,4,8,True
7538,Colombia,Armenia,Bronce,True,True,True,2,1,661.0,49,5,8,True
7539,Colombia,Medellín,Bronce,False,True,False,0,0,0.0,7,2,6,True
7540,Colombia,Bucaramanga,Bronce,False,False,False,0,0,0.0,26,5,8,True
7541,Colombia,Pereira,Bronce,False,True,True,6,3,1848.0,16,8,9,False
7542,Perú,—,Bronce,True,True,True,0,0,0.0,5,5,6,True
7543,Colombia,Otras ciudades,Bronce,True,False,True,5,4,1952.0,39,2,5,True
7544,Uruguay,—,Bronce,False,False,True,2,1,527.0,22,14,10,False
7545,Colombia,Bogotá D.C.,Bronce,False,False,True,0,0,0.0,13,22,9,False
7546,Colombia,Cartagena,Bronce,False,False,True,0,0,0.0,5,4,10,True
7547,Colombia,Barranquilla,Bronce,True,True,False,5,3,1109.0,9,1,9,True
7548,Colombia,Cali,Bronce,True,False,True,0,0,0.0,70,2,7,True
7549,Ecuador,—,Bronce,True,True,True,1,0,0.0,7,10,10,False
7550,Colombia,Bogotá D.C.,Bronce,True,False,True,0,0,0.0,12,0,7,True
7551,Colombia,Cúcuta,Bronce,False,True,False,1,0,0.0,20,2,5,True
7552,México,—,Bronce,False,False,True,0,0,0.0,41,4,9,True
7553,Colombia,Bogotá D.C.,Bronce,True,False,True,4,2,859.0,3,5,10,True
7554,México,—,Bronce,False,False,True,1,0,0.0,46,0,10,True
7555,México,—,Bronce,False,True,True,0,0,0.0,2,5,8,True
7556,Colombia,Bogotá D.C.,Bronce,False,False,False,1,0,0.0,98,5,7,True
7557,Colombia,Cali,Bronce,False,False,True,2,1,691.0,33,13,7,False
7558,Colombia,Bucaramanga,Bronce,False,True,True,3,2,1139.0,82,12,8,False
7559,Colombia,Bogotá D.C.,Bronce,True,False,True,4,2,1110.0,43,1,9,True
7560,Uruguay,—,Bronce,True,False,True,0,0,0.0,17,20,7,False
7561,Colombia,Cartagena,Bronce,False,False,False,0,0,0.0,32,6,4,True
7562,Colombia,Otras ciudades,Bronce,False,False,False,5,3,1280.0,39,12,5,False
7563,Colombia,Montería,Bronce,True,False,True,2,1,323.0,8,11,9,False
7564,México,—,Bronce,False,True,False,0,0,0.0,11,11,6,False
7565,Colombia,Neiva,Bronce,True,True,True,6,3,1859.0,3,16,8,False
7566,México,—,Bronce,False,True,True,4,2,879.0,110,11,9,False
7567,Colombia,Pereira,Bronce,False,True,True,6,4,2022.0,60,4,6,True
7568,México,—,Bronce,False,True,True,0,0,0.0,26,4,10,True
7569,Ecuador,—,Bronce,False,False,True,0,0,0.0,2,1,4,True
7570,Colombia,Medellín,Bronce,False,False,True,0,0,0.0,94,8,7,False
7571,Ecuador,—,Bronce,True,False,False,1,0,0.0,27,3,0,True
7572,Colombia,Bogotá D.C.,Oro,False,False,True,48,42,19178.0,20,5,8,True
7573,México,—,Plata,False,True,False,20,13,6976.0,31,1,9,True
7574,Colombia,Bucaramanga,Bronce,True,True,True,0,0,0.0,16,13,10,False
7575,Colombia,Ibagué,Bronce,True,False,True,6,4,1453.0,50,4,10,True
7576,Colombia,Bogotá D.C.,Bronce,False,True,True,2,1,397.0,11,3,9,True
7577,Colombia,Armenia,Bronce,False,False,True,1,0,0.0,32,1,7,True
7578,Colombia,Medellín,Bronce,True,True,True,2,1,568.0,28,8,10,False
7579,Chile,—,Bronce,True,True,False,0,0,0.0,39,7,5,False
7580,Ecuador,—,Bronce,False,False,True,6,4,2322.0,56,3,9,True
7581,Colombia,Bogotá D.C.,Bronce,True,False,False,0,0,0.0,3,6,6,True
7582,Colombia,Bucaramanga,Platino,False,False,True,87,62,20169.0,21,2,9,True
7583,Colombia,Bucaramanga,Bronce,True,False,False,0,0,0.0,36,1,4,True
7584,Colombia,Bogotá D.C.,Bronce,False,False,True,0,0,0.0,31,3,6,True
7585,Colombia,Sincelejo,Bronce,True,False,True,2,1,507.0,61,15,9,False
7586,Colombia,Medellín,Bronce,False,False,True,1,0,0.0,35,2,7,True
7587,México,—,Plata,True,False,False,8,5,3151.0,56,5,6,True
7588,Colombia,Cali,Bronce,False,True,True,0,0,0.0,39,1,8,True
7589,Colombia,Medellín,Bronce,True,True,True,5,4,1281.0,26,11,4,False
7590,Colombia,Ibagué,Bronce,True,False,True,4,3,2028.0,20,5,4,True
7591,Colombia,Bogotá D.C.,Bronce,False,False,False,2,1,480.0,33,10,7,False
7592,Colombia,Bogotá D.C.,Bronce,False,True,True,1,0,0.0,4,2,8,True
7593,Colombia,Bucaramanga,Bronce,True,True,True,3,2,1370.0,13,6,8,True
7594,Colombia,Bucaramanga,Plata,False,True,True,12,8,3701.0,3,3,6,True
7595,Ecuador,—,Bronce,True,False,True,2,1,510.0,113,5,5,True
7596,Colombia,Medellín,Bronce,False,True,True,0,0,0.0,16,14,9,False
7597,México,—,Oro,True,False,True,59,46,23367.0,26,10,6,False
7598,Chile,—,Plata,False,False,True,9,7,2515.0,14,13,8,False
7599,Colombia,Bogotá D.C.,Bronce,True,False,True,0,0,0.0,20,7,7,False
7600,Colombia,Cali,Bronce,False,False,False,0,0,0.0,19,2,8,True
7601,México,—,Bronce,True,False,True,0,0,0.0,1,1,6,True
7602,Colombia,Bogotá D.C.,Bronce,True,True,True,2,1,341.0,65,4,9,True
7603,México,—,Plata,False,False,True,18,14,8397.0,10,3,7,True
7604,Colombia,Bogotá D.C.,Bronce,False,False,True,1,0,0.0,61,2,7,True
7605,Uruguay,—,Bronce,True,False,True,0,0,0.0,20,1,5,True
7606,Colombia,Cali,Platino,False,True,True,60,48,28420.0,24,2,5,True
7607,Colombia,Popayán,Bronce,False,True,True,0,0,0.0,47,6,8,True
7608,México,—,Bronce,False,False,True,0,0,0.0,36,2,7,True
7609,Colombia,Bogotá D.C.,Bronce,True,False,True,0,0,0.0,9,1,8,True
7610,México,—,Bronce,False,False,True,0,0,0.0,94,10,7,False
7611,Ecuador,—,Bronce,True,False,True,0,0,0.0,1,2,4,True
7612,Colombia,Bogotá D.C.,Bronce,False,False,True,5,3,844.0,10,0,5,True
7613,Colombia,Popayán,Bronce,True,False,True,1,0,0.0,11,7,6,False
7614,Colombia,Medellín,Bronce,False,False,False,7,4,2740.0,40,15,10,False
7615,Ecuador,—,Bronce,False,False,True,1,0,0.0,23,16,5,False
7616,Colombia,Medellín,Bronce,False,False,True,2,1,457.0,38,27,5,False
7617,Colombia,Otras ciudades,Bronce,True,False,True,0,0,0.0,5,16,8,False
7618,Colombia,Bogotá D.C.,Bronce,True,False,True,0,0,0.0,60,4,7,True
7619,Colombia,Villavicencio,Bronce,False,False,True,1,0,0.0,9,3,7,True
7620,Colombia,Cali,Bronce,False,False,True,1,0,0.0,32,1,10,True
7621,Colombia,Bogotá D.C.,Bronce,False,False,True,1,0,0.0,190,7,9,False
7622,México,—,Bronce,False,False,True,2,1,508.0,20,4,10,True
7623,México,—,Plata,False,True,True,18,12,6247.0,32,6,9,True
7624,México,—,Plata,True,True,True,12,9,4110.0,13,1,7,True
7625,Colombia,Medellín,Bronce,False,False,True,0,0,0.0,18,4,7,True
7626,Ecuador,—,Bronce,False,True,False,1,0,0.0,7,8,5,False
7627,Colombia,Bogotá D.C.,Bronce,False,False,True,1,0,0.0,14,4,5,True
7628,México,—,Bronce,True,True,True,0,0,0.0,39,10,10,False
7629,Colombia,Pasto,Plata,False,False,True,11,6,3206.0,53,4,6,True
7630,Perú,—,Bronce,False,False,True,6,5,2081.0,54,8,5,False
7631,Colombia,Otras ciudades,Bronce,False,False,False,0,0,0.0,14,4,9,True
7632,Uruguay,—,Bronce,True,False,True,3,2,871.0,5,1,6,True
7633,Colombia,Bogotá D.C.,Bronce,True,False,True,2,1,349.0,31,5,10,True
7634,México,—,Bronce,False,True,True,0,0,0.0,66,1,10,True
7635,Ecuador,—,Bronce,True,False,True,0,0,0.0,29,1,6,True
7636,Colombia,Cali,Bronce,True,False,True,0,0,0.0,27,1,10,True
7637,Chile,—,Bronce,True,False,True,0,0,0.0,15,13,4,False
7638,México,—,Bronce,False,True,True,1,0,0.0,13,3,3,True
7639,Ecuador,—,Bronce,True,True,True,0,0,0.0,3,0,10,True
7640,México,—,Plata,False,True,True,11,9,3439.0,21,1,10,True
7641,Perú,—,Bronce,False,False,True,6,5,2807.0,95,5,2,True
7642,Colombia,Cali,Bronce,True,True,False,3,2,1163.0,103,1,10,True
7643,Colombia,Medellín,Bronce,True,True,True,3,2,818.0,24,2,7,True
7644,México,—,Bronce,False,False,True,4,2,734.0,56,3,9,True
7645,Perú,—,Bronce,False,False,True,0,0,0.0,18,14,7,False
7646,Colombia,Cali,Bronce,False,False,True,1,0,0.0,23,5,6,True
7647,Colombia,Cartagena,Bronce,False,False,True,1,0,0.0,4,5,5,True
7648,Uruguay,—,Bronce,False,False,True,0,0,0.0,36,4,5,True
7649,Colombia,Cali,Bronce,True,False,True,0,0,0.0,25,5,8,True
7650,Colombia,Bogotá D.C.,Bronce,False,False,True,0,0,0.0,13,2,9,True
7651,Ecuador,—,Bronce,False,True,True,0,0,0.0,31,2,8,True
7652,Colombia,Bogotá D.C.,Bronce,False,False,True,1,0,0.0,29,3,7,True
7653,Chile,—,Bronce,True,False,True,0,0,0.0,52,7,9,False
7654,México,—,Bronce,False,False,True,2,1,518.0,5,2,4,True
7655,Colombia,Neiva,Bronce,True,False,True,0,0,0.0,9,2,6,True
7656,Colombia,Bogotá D.C.,Bronce,True,False,True,1,0,0.0,7,1,7,True
7657,Colombia,Medellín,Bronce,True,True,True,0,0,0.0,34,4,7,True
7658,Chile,—,Bronce,False,False,True,4,3,1294.0,45,9,9,False
7659,Ecuador,—,Bronce,False,True,True,6,3,1216.0,44,0,9,True
7660,México,—,Bronce,False,True,True,1,0,0.0,18,1,8,True
7661,Colombia,Otras ciudades,Bronce,True,True,True,0,0,0.0,18,12,4,False
7662,Perú,—,Bronce,False,False,True,3,2,1063.0,1,8,9,False
7663,Colombia,Neiva,Plata,False,False,False,16,14,8619.0,47,2,10,True
7664,Colombia,Bogotá D.C.,Oro,False,True,True,30,21,9214.0,6,10,9,False
7665,México,—,Bronce,False,False,True,1,0,0.0,40,7,5,False
7666,Colombia,Cali,Bronce,False,True,True,0,0,0.0,20,4,6,True
7667,Colombia,Bogotá D.C.,Bronce,True,True,True,5,3,1753.0,32,2,6,True
7668,Colombia,Santa Marta,Bronce,False,False,False,3,2,960.0,41,1,8,True
7669,Uruguay,—,Bronce,False,False,True,0,0,0.0,51,12,7,False
7670,Colombia,Medellín,Bronce,True,False,True,0,0,0.0,5,0,8,True
7671,México,—,Bronce,True,False,True,0,0,0.0,25,3,5,True
7672,Chile,—,Bronce,True,False,True,0,0,0.0,30,0,6,True
7673,Colombia,Bogotá D.C.,Bronce,True,False,True,7,4,2062.0,32,2,9,True
7674,Colombia,Barranquilla,Platino,False,True,False,130,97,53936.0,22,2,8,True
7675,Colombia,Medellín,Bronce,False,False,True,0,0,0.0,30,2,6,True
7676,Colombia,Bogotá D.C.,Bronce,False,True,False,1,0,0.0,22,11,3,False
7677,Uruguay,—,Oro,True,False,True,25,20,10530.0,15,2,3,True
7678,Colombia,Otras ciudades,Oro,False,False,True,28,21,12227.0,12,1,5,True
7679,México,—,Bronce,False,False,True,0,0,0.0,44,2,7,True
7680,Colombia,Bogotá D.C.,Bronce,False,False,True,0,0,0.0,7,10,2,False
7681,Ecuador,—,Bronce,False,True,True,2,1,557.0,60,10,9,False
7682,Perú,—,Bronce,False,False,True,2,1,505.0,24,4,6,True
7683,Colombia,Pasto,Bronce,False,True,False,2,1,710.0,14,21,9,False
7684,México,—,Plata,False,False,True,22,16,6839.0,36,8,8,False
7685,Colombia,Bogotá D.C.,Bronce,False,False,True,1,0,0.0,27,2,8,True
7686,Colombia,Bogotá D.C.,Bronce,True,True,True,2,1,386.0,13,10,8,False
7687,Colombia,Bogotá D.C.,Bronce,False,False,True,4,3,870.0,19,0,10,True
7688,Colombia,Bogotá D.C.,Bronce,False,False,True,2,1,518.0,28,13,10,False
7689,Colombia,Bogotá D.C.,Bronce,True,False,True,1,0,0.0,17,12,5,False
7690,Colombia,Cúcuta,Bronce,False,True,True,2,1,377.0,25,5,4,True
7691,México,—,Bronce,False,True,True,4,2,832.0,24,13,6,False
7692,Colombia,Medellín,Bronce,False,False,False,2,1,524.0,34,2,4,True
7693,Colombia,Bogotá D.C.,Bronce,False,False,True,0,0,0.0,21,9,7,False
7694,México,—,Bronce,False,True,True,4,2,1184.0,23,0,8,True
7695,México,—,Bronce,True,False,True,0,0,0.0,23,6,5,True
7696,México,—,Bronce,False,False,True,0,0,0.0,26,1,10,True
7697,México,—,Bronce,True,False,False,5,2,1380.0,9,7,9,False
7698,Colombia,Otras ciudades,Bronce,True,False,True,0,0,0.0,23,1,4,True
7699,Colombia,Bogotá D.C.,Bronce,False,False,True,5,3,1914.0,61,5,10,True
7700,Chile,—,Bronce,False,False,True,1,0,0.0,38,3,7,True
7701,Colombia,Barranquilla,Plata,True,True,True,11,8,5393.0,95,1,7,True
7702,México,—,Bronce,True,True,True,3,1,446.0,41,8,6,False
7703,Colombia,Bogotá D.C.,Bronce,True,False,True,5,3,1624.0,14,1,8,True
7704,México,—,Bronce,False,False,False,4,3,1649.0,36,3,5,True
7705,Colombia,Ibagué,Plata,True,True,True,18,13,5657.0,34,3,6,True
7706,Ecuador,—,Plata,True,False,True,10,6,4210.0,10,4,8,True
7707,México,—,Bronce,False,True,False,2,1,299.0,21,15,8,False
7708,Colombia,Bogotá D.C.,Bronce,False,True,True,2,1,557.0,29,5,6,True
7709,México,—,Oro,False,False,True,31,19,13363.0,10,11,6,False
7710,Colombia,Medellín,Bronce,True,False,False,0,0,0.0,33,7,4,False
7711,Colombia,Bogotá D.C.,Plata,True,False,True,12,7,2920.0,26,3,9,True
7712,Colombia,Sincelejo,Bronce,False,False,True,1,0,0.0,28,1,8,True
7713,Colombia,Cúcuta,Bronce,True,True,True,2,1,532.0,4,2,5,True
7714,Colombia,Otras ciudades,Bronce,True,True,True,0,0,0.0,8,4,4,True
7715,Colombia,Armenia,Plata,False,True,False,10,9,5133.0,53,1,8,True
7716,Ecuador,—,Bronce,False,False,True,2,1,577.0,21,10,6,False
7717,Colombia,Pereira,Bronce,False,False,False,0,0,0.0,28,2,8,True
7718,México,—,Bronce,True,True,True,1,0,0.0,68,16,9,False
7719,México,—,Bronce,True,True,True,0,0,0.0,8,4,6,True
7720,Colombia,Barranquilla,Bronce,False,False,False,0,0,0.0,6,17,6,False
7721,Perú,—,Bronce,False,False,False,6,4,2221.0,51,2,7,True
7722,Uruguay,—,Bronce,True,False,False,0,0,0.0,6,4,10,True
7723,Colombia,Armenia,Bronce,True,False,True,2,1,518.0,12,0,10,True
7724,México,—,Plata,True,False,True,11,7,3230.0,25,7,8,False
7725,México,—,Bronce,True,False,True,2,1,401.0,30,2,4,True
7726,Colombia,Pereira,Bronce,True,True,True,2,1,707.0,35,1,10,True
7727,Colombia,Pereira,Bronce,True,False,False,3,2,720.0,62,1,7,True
7728,México,—,Bronce,False,True,True,0,0,0.0,12,13,7,False
7729,Colombia,Barranquilla,Bronce,False,False,True,0,0,0.0,34,4,5,True
7730,Colombia,Manizales,Bronce,True,True,False,6,4,1769.0,51,1,7,True
7731,Perú,—,Bronce,False,False,True,1,0,0.0,32,3,7,True
7732,Colombia,Bogotá D.C.,Bronce,True,True,True,0,0,0.0,62,2,7,True
7733,Colombia,Otras ciudades,Bronce,False,True,True,2,1,293.0,33,6,7,True
7734,Perú,—,Bronce,False,False,False,2,1,426.0,49,3,9,True
7735,Ecuador,—,Bronce,True,True,True,0,0,0.0,4,1,9,True
7736,Colombia,Cali,Bronce,True,False,True,0,0,0.0,57,0,8,True
7737,Colombia,Barranquilla,Oro,False,False,True,48,37,18409.0,85,4,6,True
7738,Colombia,Otras ciudades,Bronce,False,False,True,2,1,481.0,53,24,6,False
7739,México,—,Plata,True,False,True,16,12,4819.0,13,8,10,False
7740,Colombia,Manizales,Bronce,True,False,True,1,0,0.0,50,13,4,False
7741,Colombia,Bogotá D.C.,Bronce,True,True,False,3,2,1052.0,44,5,9,True
7742,México,—,Bronce,True,False,True,0,0,0.0,1,8,6,False
7743,Ecuador,—,Bronce,True,False,False,0,0,0.0,29,7,6,False
7744,Colombia,Bogotá D.C.,Bronce,False,False,True,0,0,0.0,4,1,9,True
7745,Colombia,Barranquilla,Bronce,True,False,False,0,0,0.0,3,3,7,True
7746,México,—,Bronce,False,False,True,1,0,0.0,41,4,5,True
7747,México,—,Plata,False,False,True,11,7,3126.0,20,3,7,True
7748,Colombia,Medellín,Bronce,False,False,True,4,3,1686.0,45,2,8,True
7749,Colombia,Ibagué,Bronce,True,False,False,2,1,408.0,33,2,6,True
7750,Colombia,Bogotá D.C.,Bronce,True,False,True,0,0,0.0,6,23,7,False
7751,Colombia,Ibagué,Bronce,True,True,True,2,1,534.0,8,5,7,True
7752,Colombia,Cali,Bronce,False,False,True,2,1,573.0,31,2,6,True
7753,México,—,Plata,False,True,True,13,11,6365.0,59,5,9,True
7754,Colombia,Bogotá D.C.,Bronce,True,True,True,2,1,576.0,13,3,5,True
7755,Colombia,Otras ciudades,Bronce,True,False,True,0,0,0.0,12,9,4,False
7756,Colombia,Cartagena,Bronce,False,True,True,3,1,572.0,12,23,7,False
7757,Colombia,Bogotá D.C.,Bronce,False,True,False,0,0,0.0,7,9,1,False
7758,México,—,Bronce,True,True,True,0,0,0.0,45,0,3,True
7759,Chile,—,Bronce,False,True,False,2,1,479.0,56,7,6,False
7760,Colombia,Bucaramanga,Bronce,True,True,True,0,0,0.0,39,14,8,False
7761,Colombia,Manizales,Bronce,True,False,True,1,0,0.0,9,6,6,True
7762,Colombia,Bogotá D.C.,Bronce,True,False,True,3,1,550.0,54,11,6,False
7763,Chile,—,Bronce,False,True,True,1,0,0.0,5,1,10,True
7764,Colombia,Medellín,Bronce,True,False,True,2,1,525.0,12,1,10,True
7765,Colombia,Bogotá D.C.,Bronce,False,False,True,4,3,1337.0,43,10,6,False
7766,Colombia,Valledupar,Plata,False,True,True,12,9,4546.0,51,1,10,True
7767,México,—,Bronce,True,True,True,0,0,0.0,5,4,8,True
7768,Colombia,Armenia,Bronce,True,False,True,1,0,0.0,4,6,8,True
7769,México,—,Bronce,True,False,True,6,4,2390.0,12,6,6,True
7770,Ecuador,—,Bronce,True,True,True,2,1,568.0,50,9,3,False
7771,Colombia,Barranquilla,Bronce,False,False,True,1,0,0.0,9,2,10,True
7772,Colombia,Cúcuta,Bronce,True,True,False,0,0,0.0,70,2,9,True
7773,Colombia,Bogotá D.C.,Bronce,False,False,True,2,1,460.0,15,12,7,False
7774,Chile,—,Bronce,False,False,True,0,0,0.0,22,2,5,True
7775,Colombia,Otras ciudades,Bronce,False,True,True,0,0,0.0,49,7,9,False
7776,Colombia,Bogotá D.C.,Bronce,False,False,False,1,0,0.0,13,10,5,False
7777,Perú,—,Bronce,False,False,True,3,1,310.0,22,2,10,True
7778,Colombia,Medellín,Bronce,True,False,True,2,1,208.0,35,1,7,True
7779,Colombia,Bogotá D.C.,Plata,False,False,True,9,5,2259.0,42,12,10,False
7780,México,—,Bronce,True,False,True,0,0,0.0,12,11,10,False
7781,Chile,—,Bronce,False,False,True,4,3,1594.0,46,16,7,False
7782,Colombia,Bogotá D.C.,Bronce,True,False,False,6,4,2320.0,58,16,5,False
7783,Colombia,Medellín,Bronce,False,True,True,0,0,0.0,12,3,10,True
7784,Colombia,Bogotá D.C.,Bronce,True,False,True,6,3,1821.0,18,10,5,False
7785,Colombia,Bucaramanga,Bronce,True,True,True,6,3,1654.0,22,4,6,True
7786,Colombia,Bogotá D.C.,Bronce,True,False,False,2,1,509.0,70,2,7,True
7787,Colombia,Cartagena,Plata,True,False,True,8,6,3326.0,16,3,7,True
7788,Colombia,Bogotá D.C.,Bronce,True,False,True,1,0,0.0,69,8,8,False
7789,Colombia,Bucaramanga,Plata,False,True,True,23,20,9303.0,57,8,10,False
7790,Colombia,Otras ciudades,Bronce,True,False,False,0,0,0.0,49,26,10,False
7791,Ecuador,—,Bronce,True,False,True,0,0,0.0,16,2,9,True
7792,Colombia,Bogotá D.C.,Bronce,False,True,True,1,0,0.0,47,0,6,True
7793,Colombia,Cali,Plata,True,True,True,20,12,6850.0,33,5,9,True
7794,Colombia,Cali,Bronce,False,True,True,1,0,0.0,17,20,7,False
7795,Colombia,Cali,Bronce,True,False,False,3,2,336.0,4,0,10,True
7796,Colombia,Otras ciudades,Bronce,False,False,True,3,2,1058.0,18,22,8,False
7797,México,—,Bronce,False,False,True,1,0,0.0,17,4,9,True
7798,Colombia,Bucaramanga,Bronce,False,False,True,2,1,469.0,52,2,6,True
7799,México,—,Bronce,True,False,True,4,3,1519.0,3,6,4,True
7800,México,—,Bronce,True,False,True,1,0,0.0,72,4,3,True
7801,Colombia,Neiva,Bronce,True,True,True,6,4,2093.0,11,8,10,False
7802,Colombia,Pasto,Bronce,True,False,True,6,4,1147.0,39,2,4,True
7803,Colombia,Medellín,Bronce,False,False,True,0,0,0.0,18,1,8,True
7804,Colombia,Cúcuta,Bronce,False,True,True,2,1,358.0,33,3,9,True
7805,Colombia,Cartagena,Bronce,True,False,True,4,3,1296.0,4,0,7,True
7806,Colombia,Manizales,Bronce,True,True,True,0,0,0.0,6,3,1,True
7807,Colombia,Medellín,Bronce,False,False,False,0,0,0.0,49,2,6,True
7808,Perú,—,Bronce,True,True,True,3,2,967.0,59,5,9,True
7809,Colombia,Bogotá D.C.,Bronce,True,False,True,4,2,1105.0,29,1,10,True
7810,México,—,Oro,False,False,True,40,32,13129.0,13,3,7,True
7811,Colombia,Bogotá D.C.,Bronce,False,False,True,0,0,0.0,7,0,9,True
7812,Colombia,Medellín,Bronce,True,False,True,0,0,0.0,13,8,10,False
7813,México,—,Bronce,False,False,True,3,2,777.0,50,16,9,False
7814,México,—,Plata,False,False,True,11,9,4303.0,59,5,3,True
7815,Colombia,Bogotá D.C.,Bronce,False,False,True,0,0,0.0,64,3,7,True
7816,Colombia,Barranquilla,Bronce,False,False,True,6,3,1923.0,12,13,7,False
7817,Colombia,Bogotá D.C.,Plata,False,False,False,9,7,3084.0,80,5,8,True
7818,Perú,—,Bronce,True,False,True,0,0,0.0,6,1,5,True
7819,Colombia,Cartagena,Plata,True,False,True,9,8,3439.0,10,5,5,True
7820,Ecuador,—,Bronce,False,False,True,4,3,2193.0,9,3,7,True
7821,Colombia,Bogotá D.C.,Oro,True,False,True,44,36,12339.0,1,5,7,True
7822,Colombia,Cali,Bronce,True,True,True,0,0,0.0,92,6,10,True
7823,Colombia,Bogotá D.C.,Bronce,True,False,False,2,1,560.0,29,0,6,True
7824,Colombia,Bogotá D.C.,Bronce,True,False,True,0,0,0.0,20,9,5,False
7825,Perú,—,Bronce,False,False,False,0,0,0.0,6,12,8,False
7826,México,—,Platino,False,True,True,65,60,34422.0,60,13,5,False
7827,Colombia,Medellín,Bronce,False,False,True,0,0,0.0,45,10,9,False
7828,Colombia,Bogotá D.C.,Bronce,False,True,True,3,2,1377.0,12,8,7,False
7829,México,—,Bronce,True,False,False,0,0,0.0,4,6,5,True
7830,Colombia,Cali,Bronce,False,True,True,1,0,0.0,6,0,8,True
7831,Colombia,Bucaramanga,Bronce,False,False,True,2,1,596.0,45,11,10,False
7832,Colombia,Montería,Bronce,False,True,True,2,1,337.0,34,13,8,False
7833,México,—,Bronce,True,False,False,7,4,1702.0,14,2,10,True
7834,México,—,Plata,False,False,True,9,7,2526.0,40,3,7,True
7835,Colombia,Bogotá D.C.,Bronce,False,False,False,2,1,581.0,43,2,10,True
7836,México,—,Bronce,False,False,True,0,0,0.0,57,12,7,False
7837,Colombia,Bogotá D.C.,Plata,True,False,True,8,7,2322.0,43,3,10,True
7838,Ecuador,—,Bronce,True,True,False,0,0,0.0,4,8,8,False
7839,Colombia,Cali,Plata,True,False,False,10,7,4535.0,22,7,6,False
7840,Colombia,Bogotá D.C.,Bronce,False,True,False,6,4,1853.0,40,7,8,False
7841,México,—,Bronce,False,False,True,5,3,1754.0,50,2,8,True
7842,Colombia,Medellín,Bronce,True,False,True,1,0,0.0,13,9,6,False
7843,Colombia,Bogotá D.C.,Bronce,False,False,True,2,1,559.0,43,5,9,True
7844,Colombia,Bogotá D.C.,Plata,True,False,False,11,7,4308.0,4,0,8,True
7845,Colombia,Bogotá D.C.,Plata,False,False,True,11,8,3321.0,6,4,9,True
7846,Colombia,Bogotá D.C.,Bronce,True,True,False,7,5,1666.0,18,1,8,True
7847,México,—,Bronce,True,False,False,2,1,391.0,47,10,10,False
7848,Colombia,Medellín,Bronce,True,True,False,0,0,0.0,5,26,7,False
7849,Colombia,Otras ciudades,Bronce,True,True,True,1,0,0.0,6,4,7,True
7850,Colombia,Neiva,Bronce,False,True,True,1,0,0.0,13,9,10,False
7851,Colombia,Bogotá D.C.,Plata,True,False,False,12,9,3490.0,6,19,10,False
7852,México,—,Bronce,True,False,True,0,0,0.0,9,10,7,False
7853,Colombia,Bogotá D.C.,Bronce,True,False,True,0,0,0.0,40,9,10,False
7854,Perú,—,Bronce,False,False,True,0,0,0.0,3,4,7,True
7855,Colombia,Bogotá D.C.,Bronce,False,False,False,1,0,0.0,8,0,5,True
7856,Colombia,Cali,Bronce,True,False,True,4,3,1627.0,36,8,5,False
7857,Colombia,Otras ciudades,Plata,True,True,True,9,6,2407.0,43,7,4,False
7858,México,—,Bronce,True,True,True,0,0,0.0,18,4,5,True
7859,Colombia,Otras ciudades,Bronce,False,False,True,1,0,0.0,8,1,6,True
7860,Colombia,Neiva,Bronce,True,True,True,0,0,0.0,22,9,8,False
7861,Colombia,Bogotá D.C.,Bronce,True,False,False,7,4,1468.0,26,6,8,True
7862,Colombia,Medellín,Bronce,False,False,True,0,0,0.0,6,8,2,False
7863,México,—,Bronce,True,False,True,6,4,2080.0,23,3,5,True
7864,Ecuador,—,Bronce,False,False,True,4,3,1711.0,7,1,4,True
7865,México,—,Bronce,True,False,True,4,3,1695.0,4,4,5,True
7866,Perú,—,Bronce,False,False,True,1,0,0.0,20,7,7,False
7867,Ecuador,—,Bronce,True,False,False,5,3,1790.0,4,3,10,True
7868,Colombia,Montería,Bronce,True,True,True,2,1,444.0,33,1,4,True
7869,México,—,Bronce,False,False,False,1,0,0.0,30,10,9,False
7870,Colombia,Pasto,Bronce,False,False,True,2,1,454.0,21,16,8,False
7871,Colombia,Cali,Bronce,True,False,False,2,1,384.0,45,2,9,True
7872,Colombia,Barranquilla,Bronce,True,True,True,3,2,738.0,22,8,2,False
7873,Perú,—,Bronce,True,True,False,1,0,0.0,1,3,5,True
7874,Colombia,Neiva,Bronce,False,False,True,6,4,2432.0,14,14,6,False
7875,Colombia,Bogotá D.C.,Bronce,False,False,True,4,3,1497.0,33,5,10,True
7876,Colombia,Cartagena,Plata,False,False,False,11,8,4065.0,18,3,4,True
7877,México,—,Bronce,False,False,False,3,2,700.0,7,3,2,True
7878,México,—,Bronce,False,False,False,0,0,0.0,9,5,8,True
7879,Colombia,Cali,Bronce,False,False,True,2,1,380.0,1,3,6,True
7880,Ecuador,—,Bronce,False,True,False,4,2,878.0,31,2,7,True
7881,Colombia,Neiva,Bronce,True,False,True,0,0,0.0,18,3,7,True
7882,Colombia,Popayán,Bronce,False,False,True,3,2,1275.0,7,4,8,True
7883,Perú,—,Bronce,True,True,False,0,0,0.0,16,9,8,False
7884,Uruguay,—,Bronce,True,True,True,1,0,0.0,1,1,10,True
7885,Colombia,Bogotá D.C.,Oro,True,False,False,25,22,15002.0,41,8,4,False
7886,Colombia,Medellín,Bronce,True,False,True,2,1,484.0,32,12,1,False
7887,Colombia,Bogotá D.C.,Bronce,False,True,True,1,0,0.0,16,5,7,True
7888,México,—,Plata,False,False,True,13,11,3649.0,13,5,7,True
7889,Colombia,Cali,Bronce,True,False,True,3,2,1006.0,13,10,7,False
7890,México,—,Bronce,True,False,True,1,0,0.0,51,11,9,False
7891,Perú,—,Bronce,True,False,False,1,0,0.0,13,6,10,True
7892,Colombia,Bucaramanga,Oro,True,False,False,34,19,10681.0,22,6,10,True
7893,México,—,Bronce,True,False,True,1,0,0.0,36,20,6,False
7894,Colombia,Medellín,Bronce,False,False,True,4,3,1690.0,21,3,7,True
7895,Colombia,Bogotá D.C.,Bronce,True,True,False,0,0,0.0,52,5,9,True
7896,México,—,Bronce,False,True,True,4,3,1523.0,10,18,8,False
7897,Ecuador,—,Plata,False,False,True,13,8,4563.0,8,9,8,False
7898,Colombia,Medellín,Bronce,False,True,True,0,0,0.0,28,15,8,False
7899,Perú,—,Bronce,False,True,True,0,0,0.0,11,13,8,False
7900,Colombia,Bogotá D.C.,Bronce,True,False,True,4,2,866.0,13,3,8,True
7901,México,—,Bronce,True,False,True,0,0,0.0,3,4,9,True
7902,Colombia,Bogotá D.C.,Plata,False,False,False,9,8,6399.0,24,1,6,True
7903,Colombia,Bogotá D.C.,Bronce,True,False,True,3,2,1154.0,1,14,9,False
7904,Colombia,Bogotá D.C.,Bronce,False,True,False,0,0,0.0,32,9,6,False
7905,Colombia,Bogotá D.C.,Bronce,False,False,True,3,2,964.0,45,2,10,True
7906,Colombia,Medellín,Bronce,False,False,True,0,0,0.0,7,4,9,True
7907,Perú,—,Bronce,True,False,True,1,0,0.0,57,4,7,True
7908,Chile,—,Bronce,True,False,True,0,0,0.0,27,6,10,True
7909,Colombia,Villavicencio,Plata,True,False,True,20,14,5910.0,45,8,8,False
7910,México,—,Bronce,False,False,True,4,2,721.0,35,7,10,False
7911,México,—,Bronce,True,True,False,2,1,745.0,98,6,8,True
7912,Colombia,Pasto,Bronce,False,True,True,1,0,0.0,6,2,3,True
7913,México,—,Bronce,False,False,True,0,0,0.0,14,1,7,True
7914,Colombia,Cali,Bronce,True,False,True,1,0,0.0,22,2,7,True
7915,Perú,—,Bronce,False,False,False,3,2,1181.0,18,12,10,False
7916,México,—,Bronce,False,False,True,1,0,0.0,20,1,8,True
7917,Colombia,Barranquilla,Bronce,False,False,True,0,0,0.0,82,1,10,True
7918,Colombia,Cali,Bronce,False,False,False,2,1,398.0,21,7,7,False
7919,Perú,—,Bronce,False,True,True,2,1,403.0,14,0,6,True
7920,Ecuador,—,Bronce,True,False,True,2,1,347.0,20,3,7,True
7921,México,—,Bronce,True,False,True,0,0,0.0,12,5,10,True
7922,México,—,Bronce,False,False,True,3,2,909.0,5,12,9,False
7923,Colombia,Bogotá D.C.,Oro,False,False,True,59,40,16291.0,49,7,8,False
7924,México,—,Bronce,True,True,True,3,2,989.0,39,4,3,True
7925,Colombia,Pereira,Bronce,True,False,False,4,3,1267.0,31,4,8,True
7926,México,—,Bronce,True,False,True,0,0,0.0,42,1,8,True
7927,Colombia,Bogotá D.C.,Bronce,True,True,True,2,1,413.0,16,8,6,False
7928,México,—,Bronce,True,False,True,0,0,0.0,12,3,8,True
7929,Ecuador,—,Plata,False,False,True,17,15,10385.0,11,5,5,True
7930,Colombia,Bogotá D.C.,Bronce,True,False,True,3,2,1069.0,31,10,10,False
7931,Colombia,Medellín,Bronce,False,True,True,0,0,0.0,10,0,7,True
7932,Colombia,Bogotá D.C.,Bronce,False,False,True,4,3,1373.0,12,1,7,True
7933,México,—,Bronce,False,False,False,1,0,0.0,64,3,8,True
7934,México,—,Bronce,False,False,True,6,4,2851.0,30,6,4,True
7935,Colombia,Bogotá D.C.,Bronce,True,False,True,5,3,1237.0,32,11,2,False
7936,Colombia,Bogotá D.C.,Bronce,True,True,True,5,3,1370.0,51,1,8,True
7937,México,—,Bronce,True,False,True,4,2,1143.0,13,1,5,True
7938,Colombia,Bucaramanga,Bronce,False,False,True,1,0,0.0,64,2,9,True
7939,Ecuador,—,Bronce,False,False,True,0,0,0.0,1,4,9,True
7940,Colombia,Cartagena,Bronce,True,False,True,0,0,0.0,29,10,10,False
7941,Colombia,Bogotá D.C.,Bronce,True,False,True,4,3,1311.0,47,2,7,True
7942,Colombia,Cali,Platino,True,True,True,62,48,21603.0,63,0,8,True
7943,Colombia,Cali,Bronce,True,False,True,0,0,0.0,49,2,7,True
7944,Colombia,Medellín,Bronce,False,True,True,2,1,533.0,17,7,4,False
7945,Colombia,Medellín,Bronce,True,False,True,0,0,0.0,6,3,10,True
7946,México,—,Bronce,False,False,True,0,0,0.0,26,7,7,False
7947,México,—,Bronce,False,True,True,1,0,0.0,21,0,6,True
7948,Colombia,Otras ciudades,Bronce,False,False,True,3,2,1238.0,9,3,7,True
7949,México,—,Bronce,True,False,True,4,2,1043.0,15,2,3,True
7950,Colombia,Otras ciudades,Bronce,False,False,True,3,1,363.0,32,8,8,False
7951,Colombia,Bogotá D.C.,Bronce,True,False,True,0,0,0.0,45,0,6,True
7952,México,—,Bronce,False,False,True,0,0,0.0,13,5,3,True
7953,Colombia,Otras ciudades,Oro,False,False,True,45,37,19602.0,21,4,5,True
7954,México,—,Bronce,True,False,True,4,3,1234.0,37,5,8,True
7955,Colombia,Bogotá D.C.,Bronce,True,False,True,3,1,496.0,4,2,7,True
7956,Colombia,Medellín,Bronce,False,False,True,0,0,0.0,1,7,9,False
7957,México,—,Bronce,True,False,True,0,0,0.0,58,5,9,True
7958,Colombia,Cartagena,Bronce,True,False,True,3,2,1100.0,2,9,10,False
7959,Colombia,Bogotá D.C.,Bronce,True,False,True,0,0,0.0,8,8,5,False
7960,Chile,—,Bronce,False,True,True,3,2,1285.0,25,11,4,False
7961,Ecuador,—,Bronce,False,False,True,0,0,0.0,22,4,6,True
7962,Ecuador,—,Bronce,True,False,True,1,0,0.0,32,2,9,True
7963,Colombia,Bogotá D.C.,Plata,True,False,True,22,19,10697.0,27,7,5,False
7964,Uruguay,—,Bronce,False,True,True,1,0,0.0,19,4,6,True
7965,Colombia,Ibagué,Plata,False,False,True,14,12,6151.0,59,31,7,False
7966,México,—,Bronce,True,False,False,2,1,553.0,12,12,7,False
7967,Colombia,Bogotá D.C.,Bronce,False,False,True,0,0,0.0,37,7,6,False
7968,Colombia,Bogotá D.C.,Bronce,False,True,True,4,2,899.0,33,11,7,False
7969,Colombia,Cali,Bronce,False,False,True,2,1,399.0,6,2,7,True
7970,México,—,Bronce,False,True,True,1,0,0.0,44,1,9,True
7971,México,—,Bronce,True,True,True,1,0,0.0,58,5,8,True
7972,Colombia,Bogotá D.C.,Bronce,False,False,True,5,3,1663.0,20,12,10,False
7973,Colombia,Cali,Bronce,True,False,True,2,1,437.0,57,10,7,False
7974,Colombia,Medellín,Oro,True,True,True,31,18,8579.0,23,2,6,True
7975,México,—,Bronce,False,False,True,5,3,1457.0,20,0,8,True
7976,Colombia,Cali,Bronce,False,True,True,0,0,0.0,18,9,7,False
7977,Colombia,Medellín,Bronce,False,False,True,1,0,0.0,23,1,10,True
7978,Colombia,Cartagena,Bronce,True,False,True,5,4,1189.0,15,2,7,True
7979,México,—,Bronce,True,False,True,1,0,0.0,10,0,7,True
7980,México,—,Plata,False,False,True,12,9,4678.0,13,5,4,True
7981,Ecuador,—,Bronce,False,False,True,0,0,0.0,38,7,4,False
7982,Colombia,Cali,Bronce,True,False,False,0,0,0.0,20,0,4,True
7983,Colombia,Cúcuta,Bronce,True,False,True,0,0,0.0,29,2,8,True
7984,Ecuador,—,Plata,True,False,True,9,7,3168.0,17,5,10,True
7985,Perú,—,Bronce,True,False,True,6,4,1731.0,60,7,10,False
7986,Perú,—,Bronce,True,False,False,1,0,0.0,16,5,9,True
7987,Colombia,Barranquilla,Oro,False,False,True,46,37,13666.0,17,3,6,True
7988,Colombia,Bogotá D.C.,Bronce,False,False,True,2,1,539.0,17,0,7,True
7989,México,—,Bronce,False,False,True,3,2,792.0,28,6,9,True
7990,Uruguay,—,Bronce,False,True,True,0,0,0.0,82,1,5,True
7991,México,—,Bronce,False,False,False,0,0,0.0,30,7,7,False
7992,Ecuador,—,Bronce,False,False,True,1,0,0.0,28,9,7,False
7993,Colombia,Medellín,Bronce,False,False,True,3,2,933.0,72,2,7,True
7994,Colombia,Bogotá D.C.,Bronce,True,True,True,0,0,0.0,60,2,6,True
7995,Chile,—,Bronce,True,False,True,1,0,0.0,45,2,7,True
7996,Colombia,Cartagena,Bronce,False,True,True,0,0,0.0,10,4,6,True
7997,Colombia,Barranquilla,Bronce,False,False,True,1,0,0.0,3,0,7,True
7998,Colombia,Medellín,Bronce,False,False,True,1,0,0.0,45,11,10,False
7999,México,—,Bronce,False,True,True,2,1,601.0,27,1,7,True
8000,México,—,Plata,False,True,True,20,13,7503.0,21,12,4,False
8001,Colombia,Bogotá D.C.,Bronce,True,False,True,1,0,0.0,15,0,7,True
8002,Colombia,Medellín,Bronce,True,False,True,0,0,0.0,3,12,8,False
8003,Colombia,Cartagena,Bronce,False,False,False,4,3,1554.0,8,2,10,True
8004,Colombia,Bogotá D.C.,Bronce,True,True,True,1,0,0.0,14,1,8,True
8005,Colombia,Ibagué,Plata,True,True,True,21,18,10229.0,17,3,6,True
8006,Colombia,Bogotá D.C.,Bronce,True,False,False,0,0,0.0,49,5,8,True
8007,Colombia,Cartagena,Bronce,False,False,True,6,5,2724.0,30,9,7,False
8008,México,—,Bronce,False,False,True,6,4,1282.0,17,7,10,False
8009,Colombia,Medellín,Bronce,False,False,False,1,0,0.0,10,3,6,True
8010,Colombia,Medellín,Bronce,True,False,True,0,0,0.0,47,12,7,False
8011,México,—,Bronce,False,False,True,0,0,0.0,28,6,7,True
8012,Colombia,Cartagena,Bronce,True,True,True,5,3,899.0,15,1,5,True
8013,Colombia,Bogotá D.C.,Bronce,True,True,False,6,5,2307.0,59,7,7,False
8014,Colombia,Medellín,Bronce,False,False,False,0,0,0.0,16,2,4,True
8015,México,—,Plata,False,True,False,16,9,5330.0,15,5,8,True
8016,Uruguay,—,Bronce,False,True,True,1,0,0.0,10,4,9,True
8017,Colombia,Barranquilla,Bronce,False,False,True,1,0,0.0,17,9,6,False
8018,Colombia,Popayán,Bronce,False,False,False,1,0,0.0,18,0,8,True
8019,Colombia,Cartagena,Bronce,True,True,True,1,0,0.0,26,8,7,False
8020,Colombia,Medellín,Plata,False,True,True,17,14,10020.0,16,4,3,True
8021,México,—,Bronce,False,False,True,2,1,510.0,15,4,8,True
8022,Colombia,Cali,Bronce,True,False,True,3,1,459.0,11,1,7,True
8023,Colombia,Santa Marta,Bronce,False,True,True,0,0,0.0,6,3,4,True
8024,Colombia,Neiva,Bronce,False,False,True,0,0,0.0,123,5,10,True
8025,Colombia,Bogotá D.C.,Bronce,True,True,True,1,0,0.0,7,5,10,True
8026,Colombia,Cartagena,Bronce,True,False,False,3,1,351.0,36,2,10,True
8027,México,—,Bronce,True,False,True,6,5,2281.0,9,0,9,True
8028,Ecuador,—,Bronce,True,False,True,1,0,0.0,6,1,10,True
8029,México,—,Bronce,False,True,True,1,0,0.0,12,10,7,False
8030,Colombia,Cartagena,Bronce,False,False,False,4,2,840.0,35,9,10,False
8031,Colombia,Cartagena,Bronce,True,False,True,2,1,490.0,28,2,8,True
8032,Ecuador,—,Bronce,True,True,True,0,0,0.0,4,16,10,False
8033,Colombia,Barranquilla,Bronce,True,True,True,4,3,1678.0,38,2,8,True
8034,Colombia,Bogotá D.C.,Bronce,True,False,False,2,1,595.0,54,1,6,True
8035,Colombia,Bogotá D.C.,Bronce,True,False,True,5,3,1209.0,37,5,6,True
8036,Colombia,Medellín,Bronce,False,False,True,6,4,1638.0,15,12,7,False
8037,México,—,Bronce,False,False,True,0,0,0.0,23,2,5,True
8038,Ecuador,—,Bronce,True,False,True,1,0,0.0,79,10,7,False
8039,Colombia,Barranquilla,Bronce,False,False,False,0,0,0.0,34,0,6,True
8040,Colombia,Cali,Bronce,False,False,True,2,1,382.0,48,10,3,False
8041,Colombia,Medellín,Bronce,False,False,True,0,0,0.0,15,1,3,True
8042,Colombia,Bogotá D.C.,Bronce,True,True,True,6,5,2904.0,23,16,8,False
8043,Colombia,Medellín,Bronce,False,True,True,0,0,0.0,57,1,10,True
8044,Colombia,Barranquilla,Bronce,False,False,True,2,1,437.0,39,5,6,True
8045,México,—,Bronce,False,False,True,1,0,0.0,51,5,9,True
8046,México,—,Bronce,False,True,True,0,0,0.0,10,12,7,False
8047,Colombia,Bogotá D.C.,Plata,False,False,False,8,5,2050.0,63,1,7,True
8048,Ecuador,—,Bronce,False,True,False,4,3,1826.0,46,4,9,True
8049,Colombia,Bogotá D.C.,Bronce,False,False,False,0,0,0.0,16,7,8,False
8050,Colombia,Medellín,Plata,True,False,True,17,10,4384.0,41,23,7,False
8051,Colombia,Cali,Bronce,False,False,True,2,1,722.0,56,6,9,True
8052,México,—,Bronce,True,False,True,2,1,757.0,36,1,10,True
8053,Colombia,Bogotá D.C.,Bronce,True,False,True,3,2,909.0,33,11,7,False
8054,Colombia,Neiva,Bronce,False,False,True,0,0,0.0,5,2,6,True
8055,Chile,—,Bronce,False,True,True,0,0,0.0,22,2,10,True
8056,Colombia,Bucaramanga,Bronce,False,False,True,1,0,0.0,53,0,7,True
8057,Colombia,Cúcuta,Bronce,False,False,True,1,0,0.0,60,15,8,False
8058,Colombia,Bogotá D.C.,Plata,True,False,True,9,7,2979.0,34,15,7,False
8059,Colombia,Bogotá D.C.,Bronce,True,False,True,1,0,0.0,26,6,6,True
8060,Colombia,Medellín,Bronce,True,False,False,5,3,1613.0,23,4,8,True
8061,Colombia,Medellín,Bronce,False,False,False,2,1,559.0,39,9,10,False
8062,México,—,Bronce,True,False,True,0,0,0.0,9,7,7,False
8063,Perú,—,Bronce,False,False,True,0,0,0.0,26,7,9,False
8064,Colombia,Medellín,Plata,True,False,True,13,11,5996.0,13,8,6,False
8065,México,—,Bronce,True,True,False,2,1,331.0,20,4,9,True
8066,Colombia,Bogotá D.C.,Bronce,True,False,True,0,0,0.0,27,0,5,True
8067,Colombia,Bogotá D.C.,Bronce,False,False,True,0,0,0.0,54,9,6,False
8068,México,—,Bronce,False,False,True,0,0,0.0,63,2,9,True
8069,Colombia,Neiva,Bronce,False,False,True,1,0,0.0,33,3,10,True
8070,Ecuador,—,Bronce,True,False,True,0,0,0.0,12,4,10,True
8071,México,—,Bronce,False,False,True,4,2,895.0,37,12,9,False
8072,México,—,Bronce,False,False,True,2,1,540.0,40,5,10,True
8073,México,—,Bronce,True,True,True,0,0,0.0,12,22,4,False
8074,Colombia,Cúcuta,Bronce,False,False,True,2,1,524.0,10,4,7,True
8075,Colombia,Bogotá D.C.,Bronce,False,False,True,4,3,1660.0,7,10,6,False
8076,Colombia,Bogotá D.C.,Bronce,True,False,True,4,3,1255.0,34,3,8,True
8077,México,—,Bronce,True,False,False,0,0,0.0,40,1,5,True
8078,Colombia,Medellín,Bronce,True,True,True,5,4,1321.0,21,1,8,True
8079,Colombia,Bogotá D.C.,Bronce,False,False,True,0,0,0.0,95,2,10,True
8080,México,—,Bronce,True,False,True,1,0,0.0,23,5,8,True
8081,Colombia,Otras ciudades,Bronce,True,False,True,0,0,0.0,4,6,4,True
8082,Colombia,Cali,Bronce,False,False,True,0,0,0.0,73,2,10,True
8083,Colombia,Otras ciudades,Bronce,False,True,True,0,0,0.0,27,5,10,True
8084,Colombia,Barranquilla,Bronce,True,False,True,0,0,0.0,6,0,8,True
8085,Colombia,Bogotá D.C.,Bronce,False,True,True,5,3,1643.0,43,5,10,True
8086,Colombia,Cali,Bronce,False,False,True,0,0,0.0,14,0,7,True
8087,México,—,Bronce,False,False,True,7,4,2107.0,1,2,4,True
8088,Colombia,Pasto,Bronce,False,True,True,0,0,0.0,10,2,9,True
8089,Colombia,Bogotá D.C.,Bronce,True,True,True,1,0,0.0,66,5,6,True
8090,Ecuador,—,Bronce,False,True,True,1,0,0.0,34,18,7,False
8091,Ecuador,—,Plata,False,False,False,9,7,2706.0,53,11,6,False
8092,Colombia,Cartagena,Oro,False,False,True,27,19,10658.0,30,7,9,False
8093,Colombia,Barranquilla,Bronce,False,True,True,4,2,909.0,1,7,10,False
8094,Colombia,Bogotá D.C.,Bronce,False,False,True,1,0,0.0,23,2,6,True
8095,México,—,Bronce,False,False,True,0,0,0.0,50,8,9,False
8096,México,—,Bronce,False,False,False,0,0,0.0,16,6,10,True
8097,Colombia,Otras ciudades,Bronce,True,False,True,2,1,589.0,24,7,8,False
8098,Colombia,Medellín,Plata,False,True,True,11,7,3640.0,15,12,9,False
8099,México,—,Plata,True,True,True,20,17,6430.0,20,1,5,True
8100,México,—,Bronce,False,False,True,2,1,487.0,17,2,7,True
8101,Colombia,Bogotá D.C.,Bronce,True,True,True,2,1,384.0,39,7,7,False
8102,Ecuador,—,Bronce,False,True,True,0,0,0.0,8,8,7,False
8103,Colombia,Medellín,Bronce,True,False,True,0,0,0.0,8,4,6,True
8104,Colombia,Popayán,Bronce,True,False,True,0,0,0.0,26,6,3,True
8105,Colombia,Bogotá D.C.,Bronce,False,True,True,0,0,0.0,39,9,10,False
8106,Colombia,Bogotá D.C.,Oro,False,False,True,37,34,15652.0,10,0,10,True
8107,Colombia,Bogotá D.C.,Bronce,False,False,True,3,1,496.0,13,6,10,True
8108,Colombia,Cartagena,Bronce,False,True,True,0,0,0.0,10,6,3,True
8109,Colombia,Bogotá D.C.,Bronce,True,False,True,6,4,2663.0,4,1,4,True
8110,México,—,Bronce,False,False,True,1,0,0.0,60,1,8,True
8111,Colombia,Barranquilla,Bronce,True,False,True,0,0,0.0,7,1,5,True
8112,Colombia,Otras ciudades,Bronce,False,False,True,7,5,2368.0,29,3,8,True
8113,México,—,Bronce,True,False,True,0,0,0.0,54,3,10,True
8114,Colombia,Medellín,Bronce,False,True,True,1,0,0.0,25,5,10,True
8115,Colombia,Medellín,Plata,True,False,True,10,6,3400.0,37,11,5,False
8116,Colombia,Bogotá D.C.,Bronce,True,True,True,0,0,0.0,65,5,7,True
8117,México,—,Bronce,False,False,True,7,4,1794.0,41,0,6,True
8118,México,—,Bronce,True,False,True,0,0,0.0,16,4,5,True
8119,México,—,Bronce,False,False,True,0,0,0.0,9,34,10,False
8120,Colombia,Otras ciudades,Plata,False,False,True,15,12,5728.0,25,14,3,False
8121,Colombia,Bogotá D.C.,Bronce,True,False,True,3,2,568.0,4,8,6,False
8122,México,—,Plata,True,False,True,16,13,6277.0,25,1,7,True
8123,Colombia,Barranquilla,Plata,True,False,False,17,12,5674.0,38,2,10,True
8124,México,—,Bronce,False,True,True,3,2,838.0,19,5,8,True
8125,Colombia,Cartagena,Bronce,False,False,True,0,0,0.0,33,2,9,True
8126,México,—,Bronce,False,True,True,0,0,0.0,13,13,4,False
8127,Colombia,Barranquilla,Bronce,False,False,True,3,2,937.0,21,3,10,True
8128,Colombia,Barranquilla,Bronce,False,False,True,0,0,0.0,20,4,8,True
8129,Colombia,Bogotá D.C.,Bronce,False,False,True,4,2,1625.0,76,5,9,True
8130,Colombia,Cartagena,Bronce,False,False,True,0,0,0.0,54,1,10,True
8131,Colombia,Cartagena,Plata,False,False,True,20,13,3702.0,75,5,7,True
8132,Ecuador,—,Bronce,False,False,True,2,1,557.0,66,13,9,False
8133,Colombia,Barranquilla,Bronce,True,False,True,3,1,500.0,49,1,5,True
8134,Colombia,Otras ciudades,Bronce,False,False,True,0,0,0.0,8,5,4,True
8135,Perú,—,Bronce,False,False,True,1,0,0.0,34,6,8,True
8136,Colombia,Ibagué,Bronce,False,False,True,1,0,0.0,27,13,5,False
8137,Colombia,Bogotá D.C.,Bronce,True,False,True,0,0,0.0,45,9,7,False
8138,México,—,Bronce,False,False,True,2,1,495.0,52,11,9,False
8139,Colombia,Bogotá D.C.,Bronce,True,False,True,0,0,0.0,25,2,10,True
8140,Colombia,Bucaramanga,Bronce,False,False,True,2,1,500.0,5,15,7,False
8141,Colombia,Bogotá D.C.,Plata,True,True,True,10,6,2412.0,7,6,10,True
8142,Chile,—,Bronce,False,True,True,0,0,0.0,17,0,5,True
8143,Colombia,Otras ciudades,Bronce,False,False,False,0,0,0.0,16,0,10,True
8144,Ecuador,—,Plata,True,False,False,21,15,5004.0,42,3,10,True
8145,México,—,Bronce,True,False,True,0,0,0.0,3,1,8,True
8146,Chile,—,Bronce,False,False,False,0,0,0.0,24,1,10,True
8147,México,—,Platino,False,False,True,381,267,137749.0,52,3,6,True
8148,Colombia,Bogotá D.C.,Plata,True,False,True,12,10,3794.0,11,7,8,False
8149,México,—,Bronce,False,False,False,1,0,0.0,17,9,10,False
8150,Uruguay,—,Bronce,False,False,True,1,0,0.0,12,5,8,True
8151,Colombia,Medellín,Bronce,False,False,False,2,1,348.0,3,14,3,False
8152,México,—,Bronce,False,False,True,0,0,0.0,11,6,8,True
8153,Colombia,Cali,Bronce,False,False,True,0,0,0.0,94,13,7,False
8154,Colombia,Otras ciudades,Bronce,False,True,True,0,0,0.0,17,8,4,False
8155,México,—,Plata,True,False,True,14,10,3984.0,32,15,4,False
8156,Colombia,Pereira,Bronce,False,True,True,0,0,0.0,8,3,4,True
8157,Perú,—,Bronce,False,True,True,0,0,0.0,86,2,10,True
8158,Colombia,Bogotá D.C.,Bronce,False,False,True,0,0,0.0,37,9,6,False
8159,Colombia,Cali,Bronce,False,False,True,2,1,191.0,17,4,9,True
8160,Colombia,Otras ciudades,Bronce,False,False,False,3,1,560.0,17,5,8,True
8161,México,—,Bronce,False,True,True,1,0,0.0,17,5,5,True
8162,Colombia,Cali,Bronce,False,False,False,6,5,2469.0,32,6,7,True
8163,Colombia,Bogotá D.C.,Bronce,True,False,True,5,3,1510.0,50,6,9,True
8164,Ecuador,—,Plata,False,True,True,18,13,7475.0,1,2,6,True
8165,Perú,—,Bronce,False,False,True,3,2,913.0,43,14,9,False
8166,Uruguay,—,Bronce,False,False,True,0,0,0.0,11,7,6,False
8167,Ecuador,—,Bronce,True,False,False,5,4,2050.0,16,1,9,True
8168,Colombia,Bogotá D.C.,Bronce,False,False,True,1,0,0.0,10,3,8,True
8169,Chile,—,Bronce,False,False,True,1,0,0.0,8,5,8,True
8170,Colombia,Cali,Bronce,False,True,False,2,1,437.0,17,2,4,True
8171,Colombia,Cali,Bronce,False,False,True,3,2,921.0,8,2,6,True
8172,Ecuador,—,Bronce,False,False,True,6,4,1958.0,31,0,10,True
8173,Colombia,Medellín,Bronce,False,True,True,2,1,593.0,16,0,7,True
8174,Ecuador,—,Plata,False,True,True,16,10,3151.0,25,17,8,False
8175,México,—,Bronce,False,True,True,7,6,2802.0,27,0,8,True
8176,Colombia,Bogotá D.C.,Bronce,False,False,True,1,0,0.0,11,4,5,True
8177,Colombia,Cali,Bronce,True,False,True,3,2,980.0,43,1,6,True
8178,México,—,Bronce,True,False,True,0,0,0.0,54,6,9,True
8179,Colombia,Otras ciudades,Bronce,False,False,True,0,0,0.0,84,8,5,False
8180,Colombia,Bogotá D.C.,Bronce,False,False,True,0,0,0.0,9,7,8,False
8181,Uruguay,—,Plata,False,False,True,9,5,2652.0,5,8,10,False
8182,Colombia,Barranquilla,Plata,False,False,False,9,6,3407.0,21,3,6,True
8183,Perú,—,Plata,True,False,True,19,13,4540.0,18,16,6,False
8184,México,—,Bronce,True,False,True,2,1,624.0,12,1,7,True
8185,Chile,—,Bronce,False,False,True,0,0,0.0,21,4,9,True
8186,Ecuador,—,Oro,False,False,True,42,25,11522.0,13,0,9,True
8187,Colombia,Otras ciudades,Oro,True,True,True,42,33,20908.0,15,6,9,True
8188,Colombia,Montería,Bronce,True,False,False,0,0,0.0,19,1,9,True
8189,Colombia,Bogotá D.C.,Bronce,True,True,True,0,0,0.0,38,6,4,True
8190,México,—,Bronce,False,False,True,0,0,0.0,14,5,10,True
8191,Uruguay,—,Bronce,True,False,True,0,0,0.0,28,2,3,True
8192,Colombia,Barranquilla,Bronce,True,False,True,1,0,0.0,82,6,10,True
8193,Ecuador,—,Bronce,False,False,True,0,0,0.0,33,23,9,False
8194,Uruguay,—,Bronce,False,False,True,0,0,0.0,8,7,3,False
8195,Colombia,Bogotá D.C.,Bronce,False,True,True,0,0,0.0,25,4,9,True
8196,Colombia,Bogotá D.C.,Plata,False,False,True,8,7,3654.0,31,19,3,False
8197,México,—,Plata,False,False,True,8,6,3321.0,22,4,4,True
8198,Colombia,Barranquilla,Bronce,False,False,True,4,3,1525.0,12,1,10,True
8199,Perú,—,Bronce,True,True,True,1,0,0.0,39,7,5,False
8200,Colombia,Villavicencio,Bronce,True,True,True,0,0,0.0,31,7,9,False
8201,Colombia,Bogotá D.C.,Plata,True,True,True,11,6,2488.0,31,7,5,False
8202,México,—,Bronce,False,False,True,3,1,446.0,54,14,8,False
8203,Perú,—,Bronce,True,False,True,3,1,363.0,44,2,8,True
8204,Colombia,Pereira,Bronce,False,False,True,0,0,0.0,8,5,6,True
8205,Colombia,Medellín,Plata,False,False,True,10,5,2562.0,10,18,9,False
8206,Perú,—,Bronce,False,False,True,1,0,0.0,83,0,4,True
8207,México,—,Bronce,False,False,True,0,0,0.0,127,4,9,True
8208,México,—,Bronce,False,False,True,0,0,0.0,33,10,5,False
8209,Colombia,Medellín,Bronce,True,False,True,2,1,266.0,12,2,5,True
8210,Colombia,Barranquilla,Bronce,False,False,False,6,4,1920.0,41,13,5,False
8211,Perú,—,Plata,False,False,True,8,6,3276.0,1,1,6,True
8212,México,—,Bronce,False,False,True,2,1,508.0,21,4,4,True
8213,Perú,—,Plata,False,False,True,13,10,4389.0,36,4,5,True
8214,Uruguay,—,Plata,True,True,True,10,6,3542.0,6,0,10,True
8215,Colombia,Medellín,Bronce,False,False,True,0,0,0.0,5,10,10,False
8216,Colombia,Ibagué,Plata,True,False,True,12,10,2993.0,30,4,8,True
8217,México,—,Bronce,True,False,True,0,0,0.0,12,3,6,True
8218,Colombia,Bogotá D.C.,Bronce,True,False,False,1,0,0.0,4,5,4,True
8219,Colombia,Otras ciudades,Bronce,False,True,True,1,0,0.0,40,3,7,True
8220,Perú,—,Bronce,True,False,True,0,0,0.0,129,9,9,False
8221,México,—,Bronce,True,False,True,7,4,2743.0,34,3,8,True
8222,Colombia,Bogotá D.C.,Bronce,False,False,False,3,2,1204.0,78,2,8,True
8223,Perú,—,Bronce,False,True,False,0,0,0.0,37,6,5,True
8224,Colombia,Barranquilla,Plata,True,False,True,11,10,5489.0,5,0,8,True
8225,Colombia,Bogotá D.C.,Bronce,True,False,True,1,0,0.0,11,6,5,True
8226,Chile,—,Bronce,True,True,True,1,0,0.0,72,1,8,True
8227,Ecuador,—,Plata,False,False,False,9,5,2358.0,32,1,9,True
8228,México,—,Bronce,False,True,False,0,0,0.0,39,6,9,True
8229,Colombia,Bogotá D.C.,Bronce,True,True,False,4,2,869.0,10,2,5,True
8230,Colombia,Bogotá D.C.,Bronce,True,True,True,6,5,3051.0,2,21,10,False
8231,México,—,Bronce,False,True,True,6,5,1777.0,41,8,6,False
8232,Ecuador,—,Bronce,False,False,False,0,0,0.0,1,20,10,False
8233,Colombia,Cali,Platino,False,True,True,127,117,65889.0,24,8,7,False
8234,Colombia,Bogotá D.C.,Bronce,True,False,True,0,0,0.0,10,7,10,False
8235,Colombia,Medellín,Bronce,True,False,True,1,0,0.0,73,2,9,True
8236,Colombia,Bogotá D.C.,Bronce,True,False,True,1,0,0.0,26,9,8,False
8237,México,—,Bronce,False,True,True,0,0,0.0,22,0,10,True
8238,Colombia,Cartagena,Bronce,False,True,True,1,0,0.0,33,8,7,False
8239,Ecuador,—,Bronce,False,False,True,4,2,984.0,3,3,7,True
8240,Colombia,Cartagena,Bronce,False,False,True,0,0,0.0,2,15,9,False
8241,México,—,Bronce,True,False,True,2,1,392.0,33,1,8,True
8242,Colombia,Bogotá D.C.,Bronce,False,True,True,4,2,748.0,61,10,7,False
8243,Perú,—,Bronce,True,True,True,3,1,583.0,36,11,2,False
8244,Colombia,Barranquilla,Bronce,False,False,True,0,0,0.0,39,17,7,False
8245,Uruguay,—,Bronce,True,True,True,1,0,0.0,62,14,10,False
8246,México,—,Bronce,True,True,True,0,0,0.0,2,7,10,False
8247,Colombia,Manizales,Bronce,True,False,True,2,1,424.0,35,2,5,True
8248,Colombia,Medellín,Bronce,False,False,False,0,0,0.0,52,17,5,False
8249,Ecuador,—,Bronce,False,False,False,0,0,0.0,18,3,10,True
8250,México,—,Bronce,False,False,False,0,0,0.0,7,7,10,False
8251,México,—,Bronce,False,False,True,1,0,0.0,36,2,9,True
8252,Colombia,Bogotá D.C.,Bronce,True,True,True,2,1,453.0,34,12,8,False
8253,Colombia,Medellín,Plata,False,False,True,8,5,2748.0,69,10,8,False
8254,México,—,Bronce,False,False,False,0,0,0.0,5,4,9,True
8255,Colombia,Pereira,Bronce,False,False,True,0,0,0.0,9,7,4,False
8256,Colombia,Cartagena,Bronce,False,False,False,3,2,868.0,32,2,6,True
8257,Colombia,Barranquilla,Bronce,False,False,True,0,0,0.0,25,4,10,True
8258,Colombia,Medellín,Bronce,False,False,True,1,0,0.0,29,27,10,False
8259,México,—,Bronce,True,False,True,2,1,568.0,84,8,10,False
8260,Perú,—,Bronce,False,False,True,1,0,0.0,28,9,4,False
8261,Perú,—,Bronce,False,False,True,2,1,505.0,28,1,8,True
8262,Colombia,Bogotá D.C.,Bronce,True,False,True,1,0,0.0,19,7,10,False
8263,Colombia,Medellín,Plata,True,False,False,15,11,6983.0,10,15,5,False
8264,Colombia,Neiva,Bronce,False,True,True,0,0,0.0,30,19,8,False
8265,Colombia,Pereira,Bronce,True,False,True,1,0,0.0,14,10,10,False
8266,México,—,Bronce,True,True,True,4,2,806.0,20,5,8,True
8267,Colombia,Armenia,Plata,True,False,True,10,9,4549.0,23,5,10,True
8268,Colombia,Cúcuta,Bronce,True,False,True,0,0,0.0,17,12,8,False
8269,México,—,Bronce,False,False,True,0,0,0.0,42,13,6,False
8270,Colombia,Cartagena,Bronce,False,False,True,0,0,0.0,23,2,8,True
8271,Colombia,Cali,Bronce,True,False,True,0,0,0.0,41,6,3,True
8272,Colombia,Bucaramanga,Bronce,False,False,True,0,0,0.0,35,9,8,False
8273,Uruguay,—,Bronce,True,False,False,3,1,451.0,28,3,6,True
8274,Colombia,Medellín,Plata,False,False,True,8,7,2932.0,25,12,8,False
8275,Colombia,Bogotá D.C.,Bronce,True,True,True,0,0,0.0,19,17,8,False
8276,Colombia,Neiva,Bronce,False,False,True,1,0,0.0,12,7,10,False
8277,Colombia,Medellín,Bronce,True,False,True,0,0,0.0,52,4,8,True
8278,Colombia,Otras ciudades,Bronce,True,True,True,1,0,0.0,59,9,7,False
8279,Colombia,Medellín,Bronce,False,True,True,2,1,540.0,72,4,8,True
8280,Colombia,Bogotá D.C.,Bronce,False,True,True,0,0,0.0,32,1,8,True
8281,Colombia,Cali,Bronce,True,True,True,4,3,1053.0,10,7,6,False
8282,Ecuador,—,Bronce,True,False,True,0,0,0.0,7,5,5,True
8283,Colombia,Armenia,Bronce,False,True,False,0,0,0.0,36,2,10,True
8284,Colombia,Santa Marta,Bronce,True,True,False,0,0,0.0,13,10,6,False
8285,Ecuador,—,Bronce,False,False,False,3,1,468.0,27,7,7,False
8286,Colombia,Bogotá D.C.,Bronce,False,False,True,3,2,859.0,28,5,6,True
8287,Chile,—,Bronce,True,False,True,0,0,0.0,84,2,9,True
8288,Colombia,Cali,Oro,True,False,True,32,26,14069.0,44,9,10,False
8289,Uruguay,—,Bronce,True,False,True,2,1,513.0,29,0,7,True
8290,Perú,—,Bronce,True,False,True,4,2,1000.0,18,5,9,True
8291,Perú,—,Bronce,False,False,True,4,2,1318.0,115,5,7,True
8292,Colombia,Bogotá D.C.,Bronce,True,False,True,0,0,0.0,7,3,10,True
8293,México,—,Bronce,False,False,True,1,0,0.0,4,6,10,True
8294,Chile,—,Bronce,False,False,False,1,0,0.0,70,12,5,False
8295,Colombia,Neiva,Bronce,False,True,True,0,0,0.0,22,2,5,True
8296,Colombia,Medellín,Bronce,True,True,True,3,2,1006.0,54,3,8,True
8297,México,—,Bronce,False,False,False,0,0,0.0,28,3,8,True
8298,Colombia,Bogotá D.C.,Plata,False,False,True,9,5,2946.0,40,1,4,True
8299,Uruguay,—,Bronce,False,True,True,0,0,0.0,26,8,10,False
8300,Colombia,Santa Marta,Bronce,True,False,True,7,5,2117.0,33,5,6,True
8301,Colombia,Cali,Bronce,False,False,True,0,0,0.0,9,4,5,True
8302,Colombia,Bogotá D.C.,Bronce,True,False,True,0,0,0.0,14,3,6,True
8303,Colombia,Bogotá D.C.,Plata,False,False,False,13,7,3753.0,6,7,10,False
8304,Colombia,Pasto,Bronce,True,False,True,0,0,0.0,25,8,6,False
8305,Colombia,Neiva,Plata,False,True,False,13,11,4485.0,43,23,9,False
8306,Colombia,Pasto,Bronce,False,True,True,0,0,0.0,17,4,7,True
8307,Colombia,Barranquilla,Plata,False,True,True,17,11,6788.0,28,2,10,True
8308,Uruguay,—,Bronce,True,True,True,0,0,0.0,41,29,10,False
8309,Colombia,Medellín,Bronce,True,False,False,1,0,0.0,19,5,7,True
8310,Colombia,Medellín,Bronce,True,False,True,0,0,0.0,7,7,6,False
8311,Ecuador,—,Bronce,True,False,True,5,4,1941.0,48,2,9,True
8312,Ecuador,—,Plata,True,False,True,14,8,4666.0,21,4,10,True
8313,México,—,Plata,True,False,True,10,6,3008.0,22,4,10,True
8314,Colombia,Ibagué,Bronce,True,True,True,4,2,1009.0,24,6,4,True
8315,México,—,Bronce,True,False,True,4,3,1770.0,7,0,7,True
8316,Colombia,Medellín,Plata,False,True,True,8,4,1368.0,16,5,9,True
8317,Colombia,Villavicencio,Bronce,False,False,True,1,0,0.0,7,6,8,True
8318,Colombia,Cali,Bronce,False,False,True,0,0,0.0,28,14,10,False
8319,Colombia,Cali,Bronce,False,True,True,4,3,2077.0,39,0,7,True
8320,Ecuador,—,Bronce,False,False,True,0,0,0.0,53,6,8,True
8321,Colombia,Bogotá D.C.,Bronce,True,False,True,3,2,1013.0,152,8,9,False
8322,Colombia,Cúcuta,Plata,False,False,True,8,7,4340.0,23,1,8,True
8323,Colombia,Bogotá D.C.,Bronce,False,True,True,0,0,0.0,8,5,10,True
8324,Colombia,Barranquilla,Bronce,False,False,False,3,2,790.0,5,23,6,False
8325,México,—,Bronce,False,True,False,3,2,923.0,3,5,8,True
8326,México,—,Bronce,True,False,True,0,0,0.0,75,2,9,True
8327,Colombia,Manizales,Plata,True,False,True,9,6,4027.0,22,2,6,True
8328,Colombia,Pereira,Bronce,True,True,True,6,4,2010.0,61,4,4,True
8329,Colombia,Medellín,Bronce,True,False,True,0,0,0.0,1,3,5,True
8330,Uruguay,—,Bronce,False,False,True,7,4,1775.0,41,12,8,False
8331,Ecuador,—,Bronce,True,False,True,2,1,591.0,71,8,10,False
8332,Colombia,Cúcuta,Bronce,False,False,False,4,2,1344.0,81,1,8,True
8333,Ecuador,—,Bronce,False,True,False,3,2,957.0,56,12,7,False
8334,México,—,Bronce,False,False,True,5,4,2426.0,8,0,10,True
8335,Colombia,Medellín,Plata,False,False,True,11,9,4615.0,30,3,5,True
8336,Ecuador,—,Bronce,False,False,True,0,0,0.0,28,8,7,False
8337,México,—,Bronce,True,True,True,5,4,1984.0,6,2,7,True
8338,México,—,Bronce,True,True,True,1,0,0.0,38,3,6,True
8339,Colombia,Bogotá D.C.,Bronce,False,True,False,0,0,0.0,46,4,2,True
8340,Colombia,Neiva,Bronce,False,False,True,4,3,1552.0,51,1,9,True
8341,México,—,Bronce,False,True,True,1,0,0.0,5,1,6,True
8342,Colombia,Bogotá D.C.,Plata,False,False,True,8,6,2795.0,16,0,8,True
8343,Colombia,Bucaramanga,Plata,True,False,True,8,6,2552.0,28,2,10,True
8344,Colombia,Pereira,Bronce,False,False,False,0,0,0.0,28,7,10,False
8345,México,—,Bronce,True,False,True,1,0,0.0,25,5,3,True
8346,Colombia,Bogotá D.C.,Bronce,True,True,True,1,0,0.0,11,1,7,True
8347,Colombia,Otras ciudades,Plata,False,False,True,21,19,6155.0,9,3,5,True
8348,México,—,Bronce,False,False,True,0,0,0.0,22,14,7,False
8349,México,—,Bronce,False,False,True,6,4,1828.0,66,0,3,True
8350,Uruguay,—,Bronce,True,True,True,1,0,0.0,27,8,7,False
8351,Colombia,Bogotá D.C.,Bronce,False,True,True,3,2,800.0,15,5,6,True
8352,México,—,Oro,False,False,True,25,22,11319.0,11,2,5,True
8353,Colombia,Medellín,Bronce,False,False,True,1,0,0.0,61,18,8,False
8354,Colombia,Armenia,Bronce,True,True,True,1,0,0.0,22,2,8,True
8355,Colombia,Otras ciudades,Bronce,True,False,True,2,1,456.0,40,4,6,True
8356,México,—,Bronce,False,False,True,3,1,561.0,48,5,10,True
8357,Colombia,Bucaramanga,Bronce,False,True,True,1,0,0.0,31,4,10,True
8358,Colombia,Medellín,Bronce,False,False,True,4,3,1152.0,38,8,8,False
8359,Perú,—,Bronce,True,False,True,0,0,0.0,2,3,8,True
8360,México,—,Bronce,False,True,True,0,0,0.0,32,5,10,True
8361,México,—,Bronce,False,False,False,5,3,1090.0,19,10,6,False
8362,Perú,—,Bronce,False,False,True,3,2,1199.0,39,3,9,True
8363,Colombia,Bogotá D.C.,Plata,False,False,False,17,13,5054.0,51,4,4,True
8364,Colombia,Bogotá D.C.,Bronce,True,False,True,6,4,1569.0,14,7,10,False
8365,Colombia,Popayán,Bronce,False,False,True,0,0,0.0,65,7,7,False
8366,Colombia,Neiva,Bronce,False,True,True,5,4,2476.0,18,14,8,False
8367,Colombia,Bucaramanga,Oro,True,False,True,44,40,21278.0,28,4,9,True
8368,Colombia,Barranquilla,Bronce,True,False,True,4,2,838.0,10,1,10,True
8369,Perú,—,Plata,True,False,True,24,21,10844.0,28,5,7,True
8370,México,—,Bronce,False,False,True,0,0,0.0,46,4,7,True
8371,Colombia,Cali,Bronce,True,True,False,2,1,484.0,10,0,7,True
8372,Colombia,Sincelejo,Bronce,False,False,True,0,0,0.0,8,13,3,False
8373,Colombia,Armenia,Bronce,False,False,True,1,0,0.0,34,6,9,True
8374,Colombia,Bogotá D.C.,Bronce,True,False,True,6,4,1673.0,4,3,6,True
8375,Colombia,Otras ciudades,Plata,True,True,True,9,6,1869.0,9,15,7,False
8376,México,—,Bronce,True,False,True,0,0,0.0,14,2,7,True
8377,Perú,—,Bronce,False,True,True,4,2,909.0,8,7,9,False
8378,Colombia,Pereira,Bronce,True,False,False,1,0,0.0,103,1,9,True
8379,Ecuador,—,Bronce,True,True,True,0,0,0.0,9,9,6,False
8380,Perú,—,Bronce,True,False,True,1,0,0.0,9,3,4,True
8381,Uruguay,—,Bronce,True,False,True,2,1,474.0,14,15,10,False
8382,Ecuador,—,Plata,True,False,True,19,12,7522.0,40,7,8,False
8383,México,—,Bronce,True,False,True,0,0,0.0,44,17,8,False
8384,Colombia,Cali,Bronce,True,False,True,6,4,2270.0,3,3,6,True
8385,Colombia,Medellín,Plata,False,False,True,21,19,12298.0,14,12,9,False
8386,Ecuador,—,Bronce,False,True,True,0,0,0.0,22,2,5,True
8387,Ecuador,—,Bronce,False,False,True,7,4,1569.0,15,0,9,True
8388,Colombia,Medellín,Bronce,True,True,True,0,0,0.0,34,25,10,False
8389,Colombia,Bogotá D.C.,Bronce,False,False,True,0,0,0.0,47,3,6,True
8390,Colombia,Bucaramanga,Bronce,False,True,True,0,0,0.0,11,1,10,True
8391,Colombia,Ibagué,Bronce,False,False,True,2,1,388.0,24,2,7,True
8392,Colombia,Cartagena,Bronce,False,False,False,0,0,0.0,6,6,6,True
8393,Colombia,Cali,Oro,False,False,True,26,15,8436.0,18,0,6,True
8394,México,—,Bronce,True,False,False,2,1,479.0,19,1,7,True
8395,México,—,Bronce,False,False,False,1,0,0.0,5,8,7,False
8396,Colombia,Cali,Bronce,True,True,True,4,3,1466.0,31,7,9,False
8397,Colombia,Cali,Bronce,True,False,True,1,0,0.0,8,4,3,True
8398,Colombia,Pasto,Bronce,False,False,True,2,1,579.0,15,8,5,False
8399,Colombia,Bogotá D.C.,Bronce,False,False,True,0,0,0.0,4,0,10,True
8400,México,—,Bronce,False,False,True,1,0,0.0,12,14,5,False
8401,Ecuador,—,Bronce,False,False,True,0,0,0.0,50,4,10,True
8402,Colombia,Cali,Bronce,True,False,False,7,4,1158.0,37,8,7,False
8403,Colombia,Cali,Bronce,True,False,True,2,1,464.0,24,3,8,True
8404,Colombia,Barranquilla,Plata,True,False,False,20,17,8888.0,7,15,9,False
8405,México,—,Bronce,True,False,True,0,0,0.0,51,11,7,False
8406,Colombia,Cartagena,Plata,False,False,True,9,5,2382.0,29,2,8,True
8407,Colombia,Medellín,Bronce,True,True,False,5,3,1198.0,26,2,8,True
8408,Colombia,Otras ciudades,Bronce,True,False,True,7,4,1714.0,7,1,8,True
8409,Uruguay,—,Bronce,False,False,True,3,2,1105.0,3,9,9,False
8410,Colombia,Medellín,Bronce,False,True,False,1,0,0.0,43,7,10,False
8411,Colombia,Bogotá D.C.,Bronce,False,False,True,0,0,0.0,10,16,10,False
8412,Colombia,Barranquilla,Bronce,False,False,False,6,4,2377.0,12,24,6,False
8413,México,—,Bronce,True,False,False,3,1,583.0,29,16,10,False
8414,Colombia,Bogotá D.C.,Bronce,True,False,True,2,1,429.0,6,2,10,True
8415,Ecuador,—,Oro,True,False,True,56,35,20031.0,51,4,7,True
8416,Colombia,Montería,Bronce,False,True,True,0,0,0.0,40,17,10,False
8417,Colombia,Barranquilla,Plata,True,False,True,8,5,2730.0,37,3,8,True
8418,Colombia,Barranquilla,Bronce,True,True,True,1,0,0.0,13,6,5,True
8419,Uruguay,—,Plata,False,False,True,10,6,1943.0,19,3,5,True
8420,Colombia,Cali,Bronce,False,False,True,6,4,1593.0,44,4,10,True
8421,Uruguay,—,Bronce,True,False,True,5,3,1218.0,29,5,5,True
8422,Colombia,Cartagena,Bronce,False,False,False,0,0,0.0,25,1,5,True
8423,Colombia,Bogotá D.C.,Bronce,True,True,False,5,4,1735.0,7,11,10,False
8424,Colombia,Bogotá D.C.,Bronce,False,False,True,0,0,0.0,25,2,5,True
8425,Colombia,Pasto,Bronce,True,True,True,5,4,1281.0,27,0,9,True
8426,Colombia,Bogotá D.C.,Bronce,True,False,True,3,2,707.0,11,5,9,True
8427,Perú,—,Bronce,True,False,True,6,5,2726.0,51,3,4,True
8428,Colombia,Barranquilla,Bronce,True,False,True,2,1,427.0,45,1,10,True
8429,Colombia,Pereira,Bronce,False,False,True,0,0,0.0,14,4,8,True
8430,Colombia,Bogotá D.C.,Bronce,False,True,True,2,1,384.0,14,2,10,True
8431,Colombia,Bogotá D.C.,Bronce,False,True,True,0,0,0.0,30,7,6,False
8432,Colombia,Bogotá D.C.,Plata,True,False,True,12,11,7457.0,47,1,3,True
8433,Chile,—,Bronce,True,False,True,2,1,408.0,44,6,10,True
8434,Colombia,Cúcuta,Bronce,True,True,False,0,0,0.0,13,6,5,True
8435,Perú,—,Bronce,False,False,True,0,0,0.0,9,4,8,True
8436,Colombia,Bogotá D.C.,Bronce,False,False,True,1,0,0.0,14,8,9,False
8437,Colombia,Cali,Plata,False,False,True,9,6,3052.0,12,0,9,True
8438,Colombia,Cali,Bronce,False,False,True,3,2,1123.0,41,8,10,False
8439,Colombia,Medellín,Bronce,True,False,False,1,0,0.0,40,2,8,True
8440,Colombia,Otras ciudades,Bronce,False,False,True,0,0,0.0,16,4,6,True
8441,Perú,—,Bronce,True,False,False,0,0,0.0,13,7,6,False
8442,Colombia,Pereira,Bronce,True,False,True,0,0,0.0,2,6,10,True
8443,Perú,—,Plata,False,True,True,9,5,2675.0,24,11,8,False
8444,México,—,Bronce,False,True,True,2,1,632.0,4,1,10,True
8445,Colombia,Cúcuta,Bronce,False,False,True,3,1,301.0,2,2,7,True
8446,Ecuador,—,Bronce,False,True,True,2,1,736.0,77,5,7,True
8447,Ecuador,—,Bronce,True,False,True,7,5,1305.0,21,2,6,True
8448,México,—,Plata,False,True,False,11,9,4302.0,31,7,10,False
8449,Colombia,Cali,Bronce,True,False,True,3,2,1137.0,40,6,4,True
8450,Colombia,Bogotá D.C.,Plata,True,True,True,15,9,4951.0,11,6,7,True
8451,Colombia,Bogotá D.C.,Bronce,False,False,True,6,5,2035.0,51,4,4,True
8452,Ecuador,—,Bronce,True,False,False,1,0,0.0,29,8,6,False
8453,Colombia,Bogotá D.C.,Bronce,False,False,True,0,0,0.0,49,8,7,False
8454,Colombia,Bogotá D.C.,Bronce,False,False,True,0,0,0.0,37,7,6,False
8455,Colombia,Medellín,Bronce,False,False,True,0,0,0.0,35,4,10,True
8456,Colombia,Cali,Bronce,False,False,False,3,2,961.0,13,4,10,True
8457,Colombia,Otras ciudades,Plata,False,False,True,8,5,2512.0,23,6,9,True
8458,Ecuador,—,Bronce,True,True,True,1,0,0.0,3,0,4,True
8459,Colombia,Barranquilla,Bronce,True,False,True,3,2,1108.0,14,10,7,False
8460,Colombia,Bogotá D.C.,Bronce,False,False,False,1,0,0.0,13,1,6,True
8461,Colombia,Bogotá D.C.,Plata,True,True,True,9,8,6169.0,8,1,7,True
8462,Colombia,Pereira,Bronce,False,False,True,6,3,1685.0,36,11,4,False
8463,Colombia,Montería,Bronce,True,False,False,2,1,596.0,94,8,8,False
8464,Chile,—,Bronce,False,True,True,0,0,0.0,28,25,8,False
8465,México,—,Bronce,True,False,True,2,1,570.0,18,3,10,True
8466,Colombia,Cúcuta,Bronce,False,True,True,0,0,0.0,1,2,6,True
8467,Colombia,Villavicencio,Bronce,False,False,True,1,0,0.0,18,4,8,True
8468,Colombia,Otras ciudades,Bronce,True,False,True,1,0,0.0,72,8,9,False
8469,Colombia,Medellín,Bronce,False,False,True,2,1,585.0,1,2,7,True
8470,México,—,Bronce,False,False,True,0,0,0.0,25,1,5,True
8471,Colombia,Barranquilla,Plata,False,True,True,9,8,2557.0,16,5,8,True
8472,Colombia,Bogotá D.C.,Bronce,True,False,True,6,3,1113.0,111,1,6,True
8473,Ecuador,—,Plata,True,True,True,12,8,5021.0,10,14,7,False
8474,Colombia,Pereira,Bronce,True,True,True,3,2,1179.0,21,13,5,False
8475,Colombia,Bogotá D.C.,Bronce,False,False,True,1,0,0.0,31,4,7,True
8476,Colombia,Armenia,Plata,False,False,True,16,13,4639.0,33,2,6,True
8477,Colombia,Bogotá D.C.,Bronce,False,True,True,2,1,556.0,1,5,5,True
8478,Colombia,Medellín,Bronce,False,False,True,0,0,0.0,2,9,7,False
8479,Colombia,Villavicencio,Bronce,False,False,True,2,1,461.0,32,6,8,True
8480,Colombia,Santa Marta,Bronce,False,False,True,2,1,533.0,75,0,10,True
8481,Colombia,Ibagué,Plata,True,False,True,10,8,5970.0,36,5,9,True
8482,Colombia,Medellín,Bronce,True,False,True,0,0,0.0,27,6,7,True
8483,México,—,Oro,False,False,True,39,35,10516.0,16,9,10,False
8484,Colombia,Barranquilla,Bronce,False,True,True,3,2,1113.0,34,19,5,False
8485,México,—,Bronce,False,False,True,0,0,0.0,69,3,8,True
8486,México,—,Bronce,False,False,False,0,0,0.0,20,4,10,True
8487,Colombia,Armenia,Bronce,False,False,False,0,0,0.0,3,7,6,False
8488,Colombia,Cartagena,Bronce,True,True,True,1,0,0.0,7,10,4,False
8489,Colombia,Otras ciudades,Bronce,False,False,True,2,1,589.0,84,8,6,False
8490,Colombia,Cúcuta,Bronce,True,False,False,0,0,0.0,70,6,6,True
8491,Colombia,Villavicencio,Bronce,True,False,True,0,0,0.0,20,4,10,True
8492,México,—,Bronce,True,True,False,2,1,491.0,12,13,2,False
8493,México,—,Bronce,False,False,True,3,2,860.0,19,11,3,False
8494,Ecuador,—,Bronce,False,True,True,0,0,0.0,35,4,2,True
8495,México,—,Bronce,False,True,True,0,0,0.0,29,2,10,True
8496,Colombia,Bogotá D.C.,Bronce,True,False,True,0,0,0.0,33,3,7,True
8497,Colombia,Bogotá D.C.,Bronce,True,True,True,1,0,0.0,28,11,10,False
8498,Colombia,Villavicencio,Bronce,True,True,True,3,2,512.0,4,6,5,True
8499,Colombia,Pasto,Bronce,True,True,True,6,3,727.0,13,0,9,True
8500,Colombia,Otras ciudades,Oro,False,False,False,47,43,28008.0,18,23,8,False
8501,Colombia,Medellín,Bronce,False,False,False,0,0,0.0,13,3,7,True
8502,Colombia,Otras ciudades,Bronce,True,False,True,2,1,631.0,30,3,7,True
8503,Colombia,Cali,Bronce,True,False,True,3,2,1228.0,52,4,6,True
8504,Ecuador,—,Bronce,False,True,False,0,0,0.0,30,1,6,True
8505,Colombia,Bogotá D.C.,Bronce,False,False,True,1,0,0.0,13,6,9,True
8506,Colombia,Bucaramanga,Bronce,True,False,True,0,0,0.0,11,1,9,True
8507,México,—,Bronce,False,False,True,2,1,488.0,8,5,5,True
8508,Colombia,Barranquilla,Bronce,True,False,True,0,0,0.0,7,7,8,False
8509,Colombia,Medellín,Bronce,False,True,True,0,0,0.0,35,8,9,False
8510,Perú,—,Bronce,True,False,True,0,0,0.0,16,4,10,True
8511,Ecuador,—,Bronce,False,False,True,1,0,0.0,34,14,5,False
8512,Colombia,Cali,Bronce,True,True,True,1,0,0.0,23,14,10,False
8513,Colombia,Villavicencio,Bronce,False,False,True,2,1,571.0,22,2,8,True
8514,Perú,—,Oro,False,False,True,30,22,11757.0,24,8,3,False
8515,Perú,—,Bronce,False,True,True,2,1,446.0,18,12,9,False
8516,Colombia,Manizales,Bronce,False,False,True,0,0,0.0,46,7,7,False
8517,Colombia,Medellín,Bronce,False,False,True,3,2,1141.0,64,1,8,True
8518,Colombia,Otras ciudades,Bronce,True,False,True,1,0,0.0,20,2,7,True
8519,Colombia,Bogotá D.C.,Bronce,False,True,True,7,6,3218.0,29,18,8,False
8520,Perú,—,Bronce,False,False,True,0,0,0.0,47,8,10,False
8521,Colombia,Bucaramanga,Bronce,False,False,True,3,2,762.0,82,12,6,False
8522,Ecuador,—,Bronce,False,False,True,0,0,0.0,20,4,10,True
8523,Perú,—,Bronce,True,True,False,0,0,0.0,26,4,4,True
8524,Colombia,Otras ciudades,Bronce,False,False,True,1,0,0.0,28,9,9,False
8525,Colombia,Bogotá D.C.,Bronce,True,False,False,2,1,396.0,8,8,10,False
8526,Chile,—,Bronce,False,True,False,5,3,1438.0,9,4,5,True
8527,Colombia,Otras ciudades,Bronce,True,False,True,0,0,0.0,58,11,6,False
8528,México,—,Bronce,True,False,True,2,1,519.0,24,0,10,True
8529,Colombia,Medellín,Bronce,False,False,True,7,5,2565.0,39,1,8,True
8530,Ecuador,—,Bronce,True,False,True,1,0,0.0,32,8,8,False
8531,México,—,Plata,False,False,True,8,6,2279.0,59,11,5,False
8532,Colombia,Cali,Bronce,True,False,True,1,0,0.0,44,2,10,True
8533,Colombia,Otras ciudades,Bronce,True,True,True,0,0,0.0,17,0,6,True
8534,Ecuador,—,Bronce,True,False,True,1,0,0.0,26,14,8,False
8535,México,—,Bronce,False,False,True,2,1,520.0,27,5,7,True
8536,Colombia,Bogotá D.C.,Bronce,False,False,True,0,0,0.0,47,12,10,False
8537,Colombia,Ibagué,Bronce,False,False,True,2,1,434.0,9,11,9,False
8538,Perú,—,Bronce,True,False,True,6,5,2474.0,23,3,4,True
8539,Colombia,Medellín,Plata,False,True,True,14,11,5630.0,30,2,6,True
8540,Colombia,Barranquilla,Bronce,True,False,True,0,0,0.0,25,1,7,True
8541,México,—,Oro,False,True,True,25,22,7880.0,31,3,10,True
8542,Colombia,Medellín,Plata,True,False,True,8,6,2638.0,23,18,9,False
8543,Colombia,Medellín,Bronce,True,False,True,2,1,563.0,23,5,6,True
8544,Ecuador,—,Bronce,True,False,True,1,0,0.0,23,11,10,False
8545,México,—,Bronce,True,False,False,3,1,471.0,29,5,9,True
8546,Uruguay,—,Bronce,False,True,False,1,0,0.0,1,0,6,True
8547,Colombia,Medellín,Bronce,True,False,True,0,0,0.0,44,8,10,False
8548,México,—,Bronce,True,True,False,3,2,714.0,8,0,7,True
8549,México,—,Bronce,True,False,False,2,1,520.0,52,2,9,True
8550,México,—,Plata,True,False,True,9,5,1927.0,14,9,10,False
8551,Ecuador,—,Plata,True,False,True,9,7,1671.0,1,4,3,True
8552,México,—,Bronce,True,False,True,3,1,388.0,19,9,5,False
8553,Colombia,Bogotá D.C.,Bronce,True,False,True,2,1,516.0,39,4,6,True
8554,Colombia,Medellín,Bronce,False,False,False,4,3,2127.0,21,3,6,True
8555,Colombia,Bogotá D.C.,Bronce,True,False,True,6,4,1704.0,8,8,10,False
8556,Ecuador,—,Plata,True,False,False,11,8,2035.0,67,3,8,True
8557,Colombia,Santa Marta,Bronce,True,False,True,2,1,533.0,31,12,10,False
8558,Perú,—,Plata,False,False,True,10,8,3052.0,9,6,7,True
8559,Colombia,Bogotá D.C.,Plata,True,True,True,24,14,6233.0,107,6,9,True
8560,Colombia,Medellín,Bronce,False,False,True,0,0,0.0,26,2,8,True
8561,Colombia,Villavicencio,Plata,True,True,False,14,11,7492.0,23,6,10,True
8562,Colombia,Bogotá D.C.,Bronce,False,False,True,3,2,775.0,42,16,8,False
8563,Colombia,Cali,Bronce,True,True,True,0,0,0.0,25,1,7,True
8564,Colombia,Medellín,Bronce,True,False,True,3,1,402.0,59,10,9,False
8565,Colombia,Cartagena,Bronce,True,False,True,0,0,0.0,18,6,4,True
8566,Colombia,Bucaramanga,Bronce,True,False,True,1,0,0.0,34,2,6,True
8567,Colombia,Medellín,Oro,False,False,True,41,30,8975.0,33,0,6,True
8568,Colombia,Otras ciudades,Bronce,True,True,True,2,1,573.0,29,3,10,True
8569,Chile,—,Bronce,False,False,True,0,0,0.0,34,7,9,False
8570,Colombia,Bogotá D.C.,Bronce,True,False,True,5,3,1101.0,19,10,10,False
8571,Colombia,Cali,Bronce,True,False,True,3,2,1028.0,12,4,8,True
8572,Ecuador,—,Bronce,False,False,True,0,0,0.0,30,0,9,True
8573,México,—,Bronce,False,True,True,0,0,0.0,17,6,7,True
8574,Colombia,Bogotá D.C.,Bronce,True,False,True,0,0,0.0,35,3,10,True
8575,Colombia,Bogotá D.C.,Bronce,True,False,False,2,1,609.0,7,6,3,True
8576,México,—,Bronce,False,False,True,2,1,346.0,8,0,10,True
8577,Colombia,Armenia,Plata,False,False,True,10,9,2671.0,15,1,4,True
8578,Colombia,Bogotá D.C.,Bronce,True,False,True,1,0,0.0,17,0,6,True
8579,Colombia,Medellín,Bronce,True,False,True,6,5,2471.0,64,4,9,True
8580,Colombia,Bogotá D.C.,Plata,False,False,True,8,5,2839.0,3,4,9,True
8581,Perú,—,Plata,True,False,True,20,16,4432.0,37,10,9,False
8582,Colombia,Manizales,Bronce,True,False,True,2,1,451.0,55,4,7,True
8583,Perú,—,Bronce,False,True,True,0,0,0.0,6,5,9,True
8584,Colombia,Otras ciudades,Bronce,False,False,True,6,3,1262.0,45,7,6,False
8585,Colombia,Cali,Plata,False,False,False,15,10,4254.0,8,5,10,True
8586,Colombia,Medellín,Bronce,False,True,True,0,0,0.0,22,2,8,True
8587,Colombia,Bogotá D.C.,Bronce,False,False,True,4,2,984.0,17,1,9,True
8588,Colombia,Bogotá D.C.,Bronce,False,False,True,0,0,0.0,25,7,8,False
8589,Colombia,Medellín,Bronce,False,False,True,0,0,0.0,69,12,3,False
8590,México,—,Bronce,False,True,True,0,0,0.0,10,12,6,False
8591,Colombia,Bogotá D.C.,Bronce,False,True,True,1,0,0.0,25,7,0,False
8592,Colombia,Bogotá D.C.,Bronce,False,False,True,0,0,0.0,1,2,6,True
8593,Perú,—,Bronce,False,True,True,0,0,0.0,27,2,6,True
8594,Colombia,Bogotá D.C.,Bronce,True,True,True,2,1,388.0,23,4,3,True
8595,México,—,Plata,True,True,True,10,8,3179.0,29,4,6,True
8596,Colombia,Medellín,Bronce,False,False,True,5,3,1593.0,8,12,7,False
8597,Ecuador,—,Bronce,True,True,True,3,2,938.0,23,3,8,True
8598,Colombia,Bogotá D.C.,Bronce,True,False,True,3,2,782.0,30,0,7,True
8599,México,—,Bronce,True,True,True,3,2,1548.0,11,0,10,True
8600,México,—,Bronce,True,False,False,0,0,0.0,64,15,5,False
8601,Colombia,Medellín,Bronce,True,True,True,5,2,1120.0,41,3,7,True
8602,Perú,—,Plata,True,False,False,8,5,1929.0,3,3,6,True
8603,Colombia,Bucaramanga,Bronce,False,True,True,0,0,0.0,9,2,9,True
8604,Colombia,Cali,Bronce,False,True,True,0,0,0.0,16,6,9,True
8605,Colombia,Bogotá D.C.,Bronce,True,False,True,0,0,0.0,54,7,10,False
8606,Colombia,Medellín,Bronce,False,False,True,1,0,0.0,61,6,10,True
8607,Colombia,Medellín,Bronce,True,False,True,2,1,557.0,18,2,8,True
8608,México,—,Plata,False,False,True,12,7,3234.0,39,0,5,True
8609,Perú,—,Bronce,True,False,True,3,2,1151.0,69,7,10,False
8610,Colombia,Bogotá D.C.,Bronce,False,False,True,4,2,944.0,31,6,6,True
8611,Colombia,Otras ciudades,Bronce,False,False,True,0,0,0.0,2,15,10,False
8612,Colombia,Cali,Bronce,False,False,False,2,1,639.0,27,5,8,True
8613,Colombia,Bogotá D.C.,Bronce,True,False,False,0,0,0.0,13,7,7,False
8614,Colombia,Bogotá D.C.,Bronce,True,False,False,3,2,1410.0,26,14,8,False
8615,Uruguay,—,Bronce,True,True,False,0,0,0.0,47,1,10,True
8616,Colombia,Bogotá D.C.,Bronce,True,False,True,4,3,961.0,39,5,9,True
8617,Colombia,Barranquilla,Bronce,True,True,True,0,0,0.0,17,4,5,True
8618,Chile,—,Bronce,False,False,True,1,0,0.0,5,9,6,False
8619,Colombia,Otras ciudades,Bronce,True,False,True,2,1,276.0,32,6,8,True
8620,México,—,Bronce,False,False,True,0,0,0.0,8,3,6,True
8621,Ecuador,—,Bronce,False,False,True,0,0,0.0,17,1,10,True
8622,Colombia,Cúcuta,Bronce,True,False,True,0,0,0.0,14,7,9,False
8623,Colombia,Medellín,Bronce,True,False,True,0,0,0.0,13,14,8,False
8624,Colombia,Cartagena,Bronce,False,False,True,0,0,0.0,76,10,7,False
8625,Uruguay,—,Bronce,True,True,True,0,0,0.0,11,1,5,True
8626,Colombia,Pereira,Plata,True,True,False,21,12,3498.0,49,7,7,False
8627,Colombia,Bucaramanga,Plata,False,False,True,16,9,3029.0,19,4,7,True
8628,Ecuador,—,Bronce,False,False,True,0,0,0.0,9,10,10,False
8629,Colombia,Bogotá D.C.,Plata,True,False,True,17,14,7355.0,11,0,6,True
8630,México,—,Bronce,True,True,True,1,0,0.0,25,5,6,True
8631,Colombia,Cartagena,Bronce,True,True,True,2,1,600.0,12,5,8,True
8632,Colombia,Otras ciudades,Bronce,True,False,False,0,0,0.0,12,3,8,True
8633,Colombia,Barranquilla,Bronce,True,False,False,0,0,0.0,17,5,9,True
8634,Colombia,Cali,Bronce,True,False,False,0,0,0.0,46,3,10,True
8635,Perú,—,Bronce,True,False,True,0,0,0.0,16,0,6,True
8636,México,—,Platino,False,False,True,134,88,43924.0,47,3,7,True
8637,Colombia,Bogotá D.C.,Bronce,True,True,True,0,0,0.0,8,5,8,True
8638,Colombia,Bogotá D.C.,Plata,False,False,True,8,5,2162.0,29,11,8,False
8639,México,—,Bronce,True,False,False,0,0,0.0,15,1,4,True
8640,México,—,Bronce,False,False,True,0,0,0.0,61,10,8,False
8641,Colombia,Santa Marta,Bronce,False,False,False,2,1,578.0,28,2,10,True
8642,Ecuador,—,Bronce,False,False,True,1,0,0.0,28,6,8,True
8643,Colombia,Otras ciudades,Plata,True,True,True,12,10,2639.0,39,6,7,True
8644,Colombia,Bogotá D.C.,Bronce,False,False,False,0,0,0.0,24,0,10,True
8645,Uruguay,—,Bronce,False,False,True,0,0,0.0,51,14,7,False
8646,Uruguay,—,Bronce,True,False,True,0,0,0.0,27,12,6,False
8647,Colombia,Cali,Bronce,False,False,True,0,0,0.0,123,0,9,True
8648,Chile,—,Bronce,True,False,False,0,0,0.0,14,9,5,False
8649,Colombia,Neiva,Bronce,True,False,True,0,0,0.0,19,5,8,True
8650,Colombia,Bucaramanga,Bronce,False,False,True,1,0,0.0,43,2,8,True
8651,Colombia,Medellín,Bronce,False,False,True,0,0,0.0,29,7,5,False
8652,Ecuador,—,Bronce,True,False,True,1,0,0.0,18,5,6,True
8653,Colombia,Villavicencio,Bronce,False,True,False,0,0,0.0,74,6,5,True
8654,México,—,Bronce,True,True,False,0,0,0.0,24,6,9,True
8655,Colombia,Otras ciudades,Bronce,True,False,False,1,0,0.0,45,7,7,False
8656,Colombia,Medellín,Bronce,False,False,True,0,0,0.0,64,7,9,False
8657,México,—,Bronce,True,False,True,1,0,0.0,12,9,5,False
8658,Colombia,Cali,Bronce,False,False,True,1,0,0.0,38,8,10,False
8659,Chile,—,Bronce,False,False,True,7,5,1411.0,39,16,6,False
8660,Colombia,Bogotá D.C.,Bronce,True,False,True,2,1,520.0,13,5,6,True
8661,Colombia,Sincelejo,Bronce,False,True,True,3,2,1500.0,31,6,3,True
8662,Colombia,Medellín,Bronce,False,False,True,4,3,1702.0,46,3,10,True
8663,Colombia,Bogotá D.C.,Bronce,False,False,True,0,0,0.0,28,6,10,True
8664,Uruguay,—,Bronce,True,False,True,2,1,338.0,31,3,8,True
8665,Colombia,Bogotá D.C.,Bronce,False,False,True,5,3,1666.0,23,1,10,True
8666,Colombia,Bogotá D.C.,Bronce,False,False,True,0,0,0.0,11,8,10,False
8667,México,—,Bronce,True,False,False,0,0,0.0,21,5,6,True
8668,Colombia,Bucaramanga,Plata,True,False,False,17,15,8472.0,9,2,10,True
8669,Colombia,Cali,Bronce,False,False,True,2,1,606.0,2,9,6,False
8670,Colombia,Medellín,Bronce,False,False,False,0,0,0.0,44,0,5,True
8671,México,—,Bronce,True,False,True,0,0,0.0,52,2,9,True
8672,Colombia,Armenia,Bronce,False,False,True,3,2,1061.0,32,5,9,True
8673,Chile,—,Bronce,True,False,True,2,1,467.0,26,8,10,False
8674,Colombia,Armenia,Oro,True,False,True,31,23,8692.0,35,2,9,True
8675,Colombia,Medellín,Bronce,False,False,True,2,1,508.0,25,1,7,True
8676,Colombia,Pasto,Bronce,True,True,True,0,0,0.0,8,0,10,True
8677,Colombia,Medellín,Bronce,True,False,True,0,0,0.0,13,5,10,True
8678,Colombia,Cartagena,Bronce,True,False,True,3,1,460.0,68,1,7,True
8679,México,—,Bronce,True,False,True,1,0,0.0,14,10,9,False
8680,Colombia,Pereira,Bronce,False,False,True,0,0,0.0,3,4,6,True
8681,México,—,Bronce,False,True,True,0,0,0.0,37,3,9,True
8682,Uruguay,—,Bronce,False,False,True,0,0,0.0,36,11,7,False
8683,Colombia,Bucaramanga,Bronce,True,False,True,0,0,0.0,4,4,3,True
8684,Colombia,Medellín,Bronce,True,False,True,1,0,0.0,48,5,9,True
8685,Colombia,Medellín,Oro,False,False,True,39,34,18806.0,33,7,5,False
8686,Colombia,Medellín,Bronce,False,True,True,0,0,0.0,18,8,5,False
8687,Colombia,Ibagué,Plata,True,True,True,11,7,4536.0,27,13,10,False
8688,México,—,Bronce,True,False,True,1,0,0.0,14,2,7,True
8689,Ecuador,—,Bronce,True,False,True,0,0,0.0,34,0,6,True
8690,México,—,Bronce,True,False,True,2,1,615.0,32,4,8,True
8691,Colombia,Otras ciudades,Plata,True,True,True,8,6,2627.0,6,2,4,True
8692,Colombia,Medellín,Bronce,False,True,True,1,0,0.0,10,0,5,True
8693,Colombia,Bogotá D.C.,Bronce,False,False,True,3,2,1077.0,68,4,8,True
8694,México,—,Bronce,False,False,False,2,1,580.0,30,6,4,True
8695,Colombia,Cartagena,Bronce,True,False,True,2,1,346.0,44,3,8,True
8696,Colombia,Bogotá D.C.,Bronce,True,False,False,5,3,921.0,16,6,6,True
8697,Ecuador,—,Bronce,False,False,True,0,0,0.0,13,22,6,False
8698,Ecuador,—,Bronce,True,False,True,0,0,0.0,7,6,10,True
8699,México,—,Bronce,False,False,True,6,3,1940.0,16,10,5,False
8700,Colombia,Otras ciudades,Bronce,False,False,False,0,0,0.0,37,0,7,True
8701,Colombia,Popayán,Bronce,True,False,False,0,0,0.0,37,1,10,True
8702,Colombia,Otras ciudades,Plata,False,False,True,16,12,8028.0,16,0,8,True
8703,México,—,Bronce,True,False,True,0,0,0.0,43,9,9,False
8704,Colombia,Otras ciudades,Bronce,False,True,True,0,0,0.0,3,19,9,False
8705,Colombia,Bogotá D.C.,Bronce,True,True,True,0,0,0.0,47,1,6,True
8706,Colombia,Bogotá D.C.,Bronce,True,False,True,0,0,0.0,3,11,5,False
8707,México,—,Bronce,False,False,False,3,2,1175.0,56,7,9,False
8708,Colombia,Medellín,Bronce,False,True,True,5,3,1145.0,3,10,7,False
8709,Ecuador,—,Bronce,False,False,True,0,0,0.0,3,2,9,True
8710,Colombia,Cúcuta,Bronce,False,False,True,4,3,2025.0,1,12,7,False
8711,Colombia,Bucaramanga,Bronce,True,True,False,0,0,0.0,63,6,4,True
8712,Ecuador,—,Bronce,True,False,True,1,0,0.0,38,7,10,False
8713,Colombia,Montería,Plata,False,False,True,8,7,3107.0,16,0,5,True
8714,México,—,Bronce,False,False,True,2,1,774.0,35,5,10,True
8715,México,—,Bronce,True,False,True,2,1,537.0,1,4,9,True
8716,Perú,—,Bronce,True,False,True,0,0,0.0,53,2,6,True
8717,Colombia,Medellín,Bronce,False,True,False,1,0,0.0,22,2,10,True
8718,Ecuador,—,Bronce,False,False,True,4,2,935.0,35,9,6,False
8719,Ecuador,—,Bronce,False,False,True,0,0,0.0,22,30,7,False
8720,Chile,—,Bronce,False,True,True,1,0,0.0,10,10,6,False
8721,Colombia,Medellín,Bronce,True,False,True,0,0,0.0,3,8,4,False
8722,Colombia,Medellín,Bronce,True,False,True,3,2,1018.0,21,7,5,False
8723,Colombia,Otras ciudades,Bronce,True,False,True,2,1,491.0,86,3,7,True
8724,México,—,Bronce,True,True,True,3,2,1049.0,24,4,6,True
8725,Colombia,Armenia,Bronce,True,True,True,4,3,1075.0,11,5,6,True
8726,México,—,Bronce,False,False,True,0,0,0.0,74,1,8,True
8727,Colombia,Medellín,Bronce,True,False,True,3,2,829.0,45,0,6,True
8728,Colombia,Montería,Bronce,True,False,True,0,0,0.0,20,4,5,True
8729,Colombia,Bucaramanga,Bronce,True,False,True,2,1,420.0,8,6,7,True
8730,Colombia,Bogotá D.C.,Bronce,False,False,True,2,1,379.0,23,7,8,False
8731,Ecuador,—,Plata,False,True,True,10,7,3410.0,13,2,5,True
8732,Colombia,Bogotá D.C.,Plata,True,True,True,23,19,10183.0,29,5,6,True
8733,Perú,—,Bronce,True,False,True,2,1,485.0,21,1,5,True
8734,Colombia,Cali,Bronce,False,True,True,0,0,0.0,27,11,6,False
8735,México,—,Bronce,True,False,True,0,0,0.0,23,5,10,True
8736,Colombia,Cartagena,Bronce,False,False,False,5,3,1378.0,18,2,5,True
8737,Colombia,Ibagué,Plata,False,True,True,15,10,4543.0,50,6,5,True
8738,México,—,Bronce,True,False,True,1,0,0.0,21,3,7,True
8739,Colombia,Bogotá D.C.,Plata,False,True,True,17,12,6562.0,35,6,10,True
8740,México,—,Plata,False,True,True,10,8,4681.0,25,12,10,False
8741,Colombia,Manizales,Bronce,False,False,True,4,2,1026.0,13,5,7,True
8742,Uruguay,—,Plata,False,False,True,13,11,6822.0,14,5,7,True
8743,Colombia,Cali,Bronce,False,False,False,0,0,0.0,21,5,9,True
8744,México,—,Bronce,True,False,True,2,1,515.0,5,0,9,True
8745,Colombia,Barranquilla,Bronce,True,False,True,0,0,0.0,5,11,7,False
8746,Colombia,Medellín,Bronce,True,False,True,0,0,0.0,66,1,6,True
8747,Colombia,Bogotá D.C.,Plata,True,True,True,8,5,3238.0,59,7,8,False
8748,Colombia,Bucaramanga,Bronce,True,False,True,0,0,0.0,16,4,10,True
8749,Ecuador,—,Bronce,False,False,True,1,0,0.0,60,10,5,False
8750,Colombia,Sincelejo,Bronce,False,False,True,0,0,0.0,17,11,8,False
8751,México,—,Bronce,True,True,False,0,0,0.0,52,6,6,True
8752,México,—,Platino,True,False,True,281,185,114568.0,17,9,7,False
8753,Ecuador,—,Bronce,True,False,True,4,2,868.0,14,6,7,True
8754,México,—,Plata,False,False,False,12,9,5524.0,65,5,6,True
8755,Colombia,Cartagena,Plata,False,False,False,12,11,6467.0,12,9,7,False
8756,Colombia,Bogotá D.C.,Bronce,False,False,False,6,4,1830.0,16,3,6,True
8757,Colombia,Pereira,Bronce,True,False,True,5,4,1852.0,56,6,10,True
8758,Colombia,Cúcuta,Bronce,True,False,True,0,0,0.0,19,6,5,True
8759,Ecuador,—,Bronce,True,False,True,0,0,0.0,26,4,7,True
8760,Colombia,Cartagena,Bronce,True,True,True,0,0,0.0,105,5,8,True
8761,Colombia,Otras ciudades,Bronce,True,False,False,0,0,0.0,106,4,5,True
8762,Uruguay,—,Bronce,False,False,True,3,2,886.0,46,9,7,False
8763,Colombia,Bogotá D.C.,Bronce,True,True,True,3,2,747.0,15,2,9,True
8764,México,—,Bronce,False,False,True,0,0,0.0,12,2,8,True
8765,Colombia,Manizales,Bronce,False,True,True,0,0,0.0,44,4,10,True
8766,México,—,Bronce,False,False,True,2,1,340.0,37,4,7,True
8767,Perú,—,Bronce,False,False,True,0,0,0.0,26,3,6,True
8768,Colombia,Bogotá D.C.,Bronce,False,True,True,0,0,0.0,53,11,7,False
8769,Colombia,Medellín,Bronce,False,False,True,0,0,0.0,36,0,4,True
8770,México,—,Bronce,False,False,True,0,0,0.0,29,11,10,False
8771,Colombia,Cali,Bronce,False,False,True,3,1,578.0,8,2,5,True
8772,Colombia,Medellín,Bronce,True,True,True,2,1,457.0,2,6,4,True
8773,México,—,Plata,True,False,False,22,20,10709.0,8,0,10,True
8774,Perú,—,Plata,True,False,True,11,8,3275.0,10,7,9,False
8775,Ecuador,—,Bronce,False,False,True,2,1,480.0,13,4,7,True
8776,Ecuador,—,Plata,False,False,True,12,10,5054.0,80,19,8,False
8777,México,—,Bronce,False,True,False,4,3,1780.0,11,13,7,False
8778,Colombia,Bucaramanga,Bronce,False,True,False,5,3,1407.0,47,13,7,False
8779,México,—,Bronce,False,False,False,1,0,0.0,27,3,10,True
8780,Ecuador,—,Bronce,True,True,False,1,0,0.0,9,2,8,True
8781,Ecuador,—,Plata,True,True,False,9,8,5366.0,27,13,4,False
8782,Colombia,Otras ciudades,Bronce,False,False,False,0,0,0.0,22,23,9,False
8783,Colombia,Medellín,Oro,False,True,True,41,26,11012.0,28,3,8,True
8784,Colombia,Cali,Bronce,True,False,False,1,0,0.0,95,5,10,True
8785,Colombia,Bogotá D.C.,Bronce,True,False,True,0,0,0.0,22,2,5,True
8786,Colombia,Bogotá D.C.,Bronce,False,True,True,0,0,0.0,17,5,10,True
8787,Colombia,Neiva,Bronce,False,True,True,2,1,470.0,14,4,10,True
8788,Ecuador,—,Bronce,False,False,True,1,0,0.0,67,1,6,True
8789,Colombia,Cali,Bronce,False,False,False,0,0,0.0,11,4,7,True
8790,Uruguay,—,Oro,False,True,True,47,30,19756.0,8,0,9,True
8791,Perú,—,Bronce,False,True,False,1,0,0.0,15,9,9,False
8792,México,—,Bronce,False,True,True,0,0,0.0,42,1,5,True
8793,Uruguay,—,Bronce,True,False,True,3,2,931.0,26,4,7,True
8794,Colombia,Medellín,Bronce,False,False,True,0,0,0.0,86,5,10,True
8795,Colombia,Bogotá D.C.,Bronce,False,False,True,0,0,0.0,91,9,8,False
8796,Colombia,Cali,Bronce,True,False,True,6,4,1672.0,69,1,5,True
8797,Ecuador,—,Bronce,True,True,False,3,1,531.0,13,7,6,False
8798,Colombia,Bogotá D.C.,Bronce,False,False,True,7,6,1917.0,45,7,10,False
8799,Colombia,Bogotá D.C.,Bronce,False,False,True,0,0,0.0,89,2,6,True
8800,Ecuador,—,Bronce,False,False,True,1,0,0.0,7,2,10,True
8801,Colombia,Cali,Bronce,True,True,True,4,2,932.0,61,2,4,True
8802,México,—,Plata,True,False,True,12,9,5393.0,11,8,7,False
8803,Perú,—,Bronce,False,False,False,7,4,2521.0,15,4,7,True
8804,Colombia,Barranquilla,Plata,True,True,True,12,11,4601.0,17,16,5,False
8805,Colombia,Bogotá D.C.,Bronce,True,True,True,0,0,0.0,44,6,10,True
8806,Colombia,Cali,Plata,False,True,True,18,11,3904.0,7,2,8,True
8807,México,—,Bronce,True,False,False,5,3,1737.0,7,0,8,True
8808,Ecuador,—,Bronce,False,False,True,0,0,0.0,17,1,9,True
8809,Ecuador,—,Bronce,False,False,True,1,0,0.0,57,10,10,False
8810,Colombia,Barranquilla,Bronce,True,False,True,0,0,0.0,51,2,7,True
8811,México,—,Bronce,False,True,True,3,2,597.0,19,0,4,True
8812,Colombia,Bogotá D.C.,Bronce,True,False,False,2,1,526.0,4,4,6,True
8813,Colombia,Cartagena,Bronce,False,True,False,1,0,0.0,37,3,1,True
8814,México,—,Plata,True,False,True,11,7,3134.0,26,7,10,False
8815,Ecuador,—,Bronce,False,False,True,2,1,396.0,29,13,8,False
8816,Colombia,Bogotá D.C.,Bronce,True,False,True,0,0,0.0,13,1,5,True
8817,Colombia,Cúcuta,Bronce,True,True,True,1,0,0.0,50,5,4,True
8818,Colombia,Bogotá D.C.,Bronce,False,False,True,0,0,0.0,29,21,6,False
8819,Colombia,Cali,Bronce,True,False,True,1,0,0.0,9,4,5,True
8820,Colombia,Medellín,Plata,True,True,True,9,6,2811.0,22,5,1,True
8821,Colombia,Popayán,Bronce,False,False,True,5,3,1317.0,83,4,7,True
8822,México,—,Bronce,True,True,True,3,2,1077.0,11,1,3,True
8823,Colombia,Villavicencio,Bronce,False,False,False,0,0,0.0,24,2,10,True
8824,México,—,Bronce,True,False,False,2,1,421.0,7,3,7,True
8825,Colombia,Medellín,Bronce,False,False,True,0,0,0.0,61,17,7,False
8826,Colombia,Medellín,Bronce,True,False,True,1,0,0.0,10,10,4,False
8827,Colombia,Cartagena,Bronce,False,False,True,0,0,0.0,40,8,8,False
8828,México,—,Bronce,True,True,True,1,0,0.0,7,2,7,True
8829,Colombia,Cali,Bronce,True,True,False,1,0,0.0,87,4,6,True
8830,Colombia,Bogotá D.C.,Bronce,True,False,True,1,0,0.0,20,4,4,True
8831,Colombia,Medellín,Bronce,True,False,False,0,0,0.0,44,1,6,True
8832,Colombia,Bogotá D.C.,Bronce,False,False,False,0,0,0.0,14,4,8,True
8833,Colombia,Otras ciudades,Bronce,False,False,True,2,1,374.0,25,8,9,False
8834,Perú,—,Bronce,False,False,True,0,0,0.0,17,10,5,False
8835,Colombia,Santa Marta,Bronce,False,True,True,3,1,444.0,32,9,3,False
8836,Colombia,Cali,Bronce,False,False,True,0,0,0.0,22,2,8,True
8837,Ecuador,—,Bronce,False,False,True,4,2,1045.0,13,5,7,True
8838,Perú,—,Bronce,False,False,True,0,0,0.0,58,7,4,False
8839,Colombia,Manizales,Bronce,True,False,True,5,4,2617.0,10,0,9,True
8840,Colombia,Cartagena,Bronce,True,False,True,0,0,0.0,50,1,7,True
8841,México,—,Bronce,False,False,True,0,0,0.0,8,11,5,False
8842,México,—,Bronce,False,False,False,0,0,0.0,15,12,8,False
8843,México,—,Bronce,True,False,True,4,3,1334.0,37,7,6,False
8844,Perú,—,Bronce,True,False,True,0,0,0.0,39,0,9,True
8845,Colombia,Medellín,Bronce,False,False,True,0,0,0.0,13,9,10,False
8846,Colombia,Bogotá D.C.,Bronce,True,True,True,4,3,1410.0,24,2,8,True
8847,Colombia,Bogotá D.C.,Bronce,True,True,True,0,0,0.0,38,2,5,True
8848,Ecuador,—,Bronce,False,False,True,6,3,1483.0,13,3,9,True
8849,Colombia,Medellín,Bronce,True,False,True,5,3,1986.0,5,2,5,True
8850,Perú,—,Bronce,True,False,True,1,0,0.0,41,0,6,True
8851,Perú,—,Plata,True,False,True,23,15,7582.0,74,0,6,True
8852,Colombia,Cartagena,Bronce,False,False,True,0,0,0.0,35,3,8,True
8853,Colombia,Pereira,Plata,True,False,True,11,9,3040.0,21,8,7,False
8854,México,—,Plata,False,False,True,11,6,1896.0,55,16,7,False
8855,México,—,Bronce,True,True,True,6,4,1318.0,9,12,7,False
8856,Colombia,Bogotá D.C.,Oro,True,True,True,33,21,13499.0,32,15,5,False
8857,Uruguay,—,Plata,False,False,True,8,7,2215.0,21,3,10,True
8858,Colombia,Bogotá D.C.,Plata,False,False,True,11,6,3182.0,18,2,5,True
8859,Colombia,Santa Marta,Bronce,False,False,True,0,0,0.0,39,5,7,True
8860,Colombia,Villavicencio,Bronce,True,False,True,4,2,686.0,4,24,3,False
8861,Colombia,Medellín,Bronce,False,False,True,0,0,0.0,27,0,8,True
8862,Colombia,Sincelejo,Bronce,True,False,True,5,3,1892.0,38,2,5,True
8863,México,—,Bronce,False,True,True,0,0,0.0,60,5,6,True
8864,Colombia,Manizales,Bronce,False,True,True,7,6,2397.0,25,5,10,True
8865,Colombia,Bogotá D.C.,Bronce,False,True,True,0,0,0.0,69,1,6,True
8866,Colombia,Cartagena,Bronce,False,True,False,0,0,0.0,60,4,6,True
8867,Colombia,Bogotá D.C.,Bronce,True,False,False,2,1,360.0,74,10,7,False
8868,Ecuador,—,Bronce,False,False,True,3,2,1415.0,10,1,8,True
8869,México,—,Bronce,False,False,True,0,0,0.0,49,14,9,False
8870,Colombia,Cali,Bronce,False,False,False,4,2,1048.0,7,0,5,True
8871,México,—,Bronce,True,False,True,2,1,470.0,39,7,10,False
8872,Chile,—,Bronce,False,False,True,7,5,2222.0,14,2,7,True
8873,Colombia,Villavicencio,Bronce,False,True,True,0,0,0.0,26,7,9,False
8874,Uruguay,—,Bronce,False,False,True,0,0,0.0,35,10,6,False
8875,Colombia,Bogotá D.C.,Bronce,False,False,True,3,2,1153.0,32,13,10,False
8876,México,—,Oro,True,False,True,46,41,16071.0,57,2,8,True
8877,Ecuador,—,Plata,True,True,True,18,16,8178.0,16,7,10,False
8878,Colombia,Bucaramanga,Bronce,True,False,True,6,4,2086.0,15,0,7,True
8879,Colombia,Cali,Bronce,False,False,True,2,1,483.0,35,4,8,True
8880,Ecuador,—,Bronce,True,False,True,3,1,284.0,21,1,10,True
8881,Colombia,Bogotá D.C.,Bronce,False,False,True,0,0,0.0,40,3,9,True
8882,Colombia,Cali,Plata,True,False,False,9,7,4036.0,11,6,7,True
8883,Colombia,Otras ciudades,Bronce,False,False,True,0,0,0.0,22,2,7,True
8884,México,—,Bronce,True,False,True,3,1,372.0,8,3,9,True
8885,Colombia,Medellín,Bronce,False,True,False,1,0,0.0,7,8,6,False
8886,Colombia,Cali,Bronce,False,True,True,0,0,0.0,63,22,9,False
8887,Colombia,Villavicencio,Bronce,True,True,True,1,0,0.0,1,6,7,True
8888,México,—,Plata,True,False,True,11,8,3388.0,17,23,7,False
8889,Ecuador,—,Plata,False,False,True,14,10,5172.0,42,11,7,False
8890,Colombia,Barranquilla,Bronce,True,False,True,6,4,1643.0,10,6,2,True
8891,Colombia,Otras ciudades,Bronce,True,False,True,0,0,0.0,58,2,9,True
8892,Colombia,Bogotá D.C.,Plata,False,True,True,17,15,8638.0,3,1,6,True
8893,Colombia,Cali,Bronce,False,True,True,5,3,1429.0,21,2,5,True
8894,México,—,Bronce,True,False,False,0,0,0.0,23,3,4,True
8895,Colombia,Bogotá D.C.,Plata,False,False,True,12,7,2570.0,55,10,4,False
8896,Ecuador,—,Bronce,True,True,False,0,0,0.0,11,2,8,True
8897,Colombia,Bogotá D.C.,Plata,True,False,False,16,13,6693.0,84,4,8,True
8898,Colombia,Otras ciudades,Bronce,False,False,True,0,0,0.0,36,3,10,True
8899,Colombia,Bogotá D.C.,Bronce,True,False,True,0,0,0.0,24,19,10,False
8900,Uruguay,—,Bronce,False,False,True,7,4,2282.0,47,3,7,True
8901,Colombia,Cúcuta,Bronce,True,False,False,3,2,1229.0,11,2,6,True
8902,México,—,Bronce,False,True,True,4,2,948.0,79,5,6,True
8903,Colombia,Villavicencio,Bronce,True,False,False,1,0,0.0,13,2,6,True
8904,Colombia,Villavicencio,Bronce,True,True,False,1,0,0.0,22,7,9,False
8905,Colombia,Medellín,Bronce,False,False,False,0,0,0.0,32,3,9,True
8906,Ecuador,—,Bronce,False,True,True,1,0,0.0,44,13,10,False
8907,México,—,Bronce,True,False,False,1,0,0.0,16,5,8,True
8908,Colombia,Bogotá D.C.,Plata,False,False,True,13,11,5399.0,11,2,4,True
8909,Colombia,Ibagué,Bronce,True,False,True,3,1,430.0,48,3,6,True
8910,México,—,Bronce,True,False,True,1,0,0.0,80,7,7,False
8911,Perú,—,Bronce,True,False,True,0,0,0.0,25,2,6,True
8912,México,—,Bronce,False,False,True,1,0,0.0,82,2,6,True
8913,Colombia,Armenia,Bronce,False,True,True,1,0,0.0,47,1,4,True
8914,Colombia,Bogotá D.C.,Bronce,False,False,True,0,0,0.0,6,22,10,False
8915,Perú,—,Bronce,False,False,True,0,0,0.0,15,3,8,True
8916,México,—,Bronce,False,False,False,1,0,0.0,9,0,8,True
8917,México,—,Plata,False,False,True,10,8,2755.0,20,4,9,True
8918,Colombia,Valledupar,Oro,False,True,True,36,32,16318.0,22,2,9,True
8919,Colombia,Bogotá D.C.,Bronce,False,False,True,1,0,0.0,9,8,6,False
8920,Colombia,Cali,Bronce,False,False,True,0,0,0.0,87,11,4,False
8921,Colombia,Bucaramanga,Bronce,False,True,True,6,3,1319.0,19,1,9,True
8922,Colombia,Cali,Bronce,False,True,True,4,3,767.0,89,14,7,False
8923,Colombia,Bucaramanga,Bronce,True,True,True,0,0,0.0,67,2,10,True
8924,México,—,Bronce,False,False,False,0,0,0.0,25,0,10,True
8925,Perú,—,Plata,False,True,True,8,4,1740.0,25,1,5,True
8926,Colombia,Villavicencio,Bronce,True,False,True,2,1,382.0,57,8,5,False
8927,Colombia,Bogotá D.C.,Bronce,True,False,True,3,2,1339.0,25,12,10,False
8928,Ecuador,—,Bronce,True,False,True,0,0,0.0,11,22,9,False
8929,Colombia,Otras ciudades,Bronce,False,False,False,1,0,0.0,7,0,8,True
8930,Colombia,Bogotá D.C.,Bronce,True,True,True,1,0,0.0,82,4,7,True
8931,Ecuador,—,Bronce,True,False,True,0,0,0.0,15,6,8,True
8932,Ecuador,—,Bronce,False,False,True,5,3,1285.0,71,0,8,True
8933,Colombia,Medellín,Bronce,True,True,False,0,0,0.0,60,9,7,False
8934,Colombia,Medellín,Bronce,False,True,True,1,0,0.0,2,8,9,False
8935,Colombia,Bogotá D.C.,Bronce,False,False,True,1,0,0.0,22,3,9,True
8936,Colombia,Manizales,Bronce,False,False,True,1,0,0.0,9,4,10,True
8937,Chile,—,Bronce,True,False,True,0,0,0.0,26,10,9,False
8938,Colombia,Medellín,Bronce,False,False,True,3,2,885.0,1,9,5,False
8939,Colombia,Ibagué,Bronce,True,False,True,2,1,470.0,81,1,10,True
8940,México,—,Bronce,True,False,True,0,0,0.0,8,12,9,False
8941,Colombia,Medellín,Bronce,False,False,True,0,0,0.0,34,2,10,True
8942,Ecuador,—,Bronce,False,False,True,5,4,2298.0,20,5,10,True
8943,Colombia,Barranquilla,Bronce,False,False,True,0,0,0.0,13,16,8,False
8944,Colombia,Bogotá D.C.,Bronce,False,False,False,0,0,0.0,3,6,10,True
8945,Perú,—,Bronce,True,False,True,1,0,0.0,39,1,5,True
8946,México,—,Bronce,False,False,True,1,0,0.0,22,10,3,False
8947,Colombia,Barranquilla,Plata,True,False,True,10,9,3462.0,60,10,5,False
8948,Colombia,Barranquilla,Bronce,False,False,True,0,0,0.0,37,5,10,True
8949,Colombia,Medellín,Bronce,True,False,True,5,3,766.0,6,4,4,True
8950,Colombia,Medellín,Bronce,False,False,True,1,0,0.0,61,19,9,False
8951,México,—,Bronce,False,False,True,7,5,2475.0,56,4,8,True
8952,México,—,Bronce,True,False,True,5,4,2010.0,9,0,7,True
8953,Colombia,Valledupar,Oro,True,False,True,47,30,12326.0,5,5,8,True
8954,Colombia,Medellín,Bronce,True,False,True,0,0,0.0,30,1,6,True
8955,Colombia,Bogotá D.C.,Bronce,True,False,True,4,2,1198.0,12,12,2,False
8956,Uruguay,—,Bronce,False,False,True,0,0,0.0,12,28,9,False
8957,Colombia,Bucaramanga,Bronce,True,False,True,0,0,0.0,23,4,5,True
8958,Colombia,Otras ciudades,Bronce,False,True,True,5,3,1739.0,68,2,9,True
8959,Colombia,Bogotá D.C.,Bronce,False,True,True,0,0,0.0,25,8,5,False
8960,Colombia,Villavicencio,Bronce,False,True,True,0,0,0.0,26,10,10,False
8961,Perú,—,Bronce,False,False,True,0,0,0.0,58,21,8,False
8962,Uruguay,—,Bronce,False,False,True,1,0,0.0,68,13,9,False
8963,Colombia,Bogotá D.C.,Bronce,False,False,True,3,2,1312.0,19,2,8,True
8964,Colombia,Medellín,Bronce,False,False,True,0,0,0.0,105,1,4,True
8965,México,—,Bronce,True,False,False,0,0,0.0,29,1,7,True
8966,Colombia,Barranquilla,Plata,False,True,True,8,7,3974.0,10,8,5,False
8967,Colombia,Bogotá D.C.,Plata,True,True,True,11,7,2809.0,13,11,5,False
8968,Colombia,Bogotá D.C.,Bronce,False,False,True,1,0,0.0,8,5,10,True
8969,México,—,Bronce,False,True,False,7,5,2437.0,51,8,7,False
8970,Colombia,Santa Marta,Bronce,True,False,True,2,1,509.0,29,2,9,True
8971,Colombia,Otras ciudades,Bronce,False,False,True,0,0,0.0,23,2,7,True
8972,Colombia,Ibagué,Bronce,False,False,True,3,2,987.0,43,2,8,True
8973,Colombia,Bogotá D.C.,Bronce,True,False,True,0,0,0.0,82,0,9,True
8974,México,—,Bronce,False,True,True,2,1,396.0,38,4,6,True
8975,Colombia,Bogotá D.C.,Bronce,False,True,True,6,4,1968.0,20,0,10,True
8976,Colombia,Otras ciudades,Bronce,True,False,False,6,3,1384.0,36,0,8,True
8977,México,—,Bronce,False,False,True,4,2,926.0,6,2,6,True
8978,Colombia,Bucaramanga,Oro,True,True,True,36,29,14463.0,2,21,8,False
8979,Perú,—,Bronce,False,True,True,0,0,0.0,14,5,10,True
8980,Colombia,Armenia,Bronce,True,False,True,2,1,505.0,11,9,4,False
8981,Colombia,Bucaramanga,Bronce,True,False,True,6,5,1475.0,31,3,6,True
8982,Colombia,Barranquilla,Plata,True,False,True,11,7,3000.0,62,16,10,False
8983,Colombia,Bogotá D.C.,Bronce,True,False,True,4,3,1963.0,3,10,7,False
8984,México,—,Bronce,True,False,True,1,0,0.0,8,5,10,True
8985,Colombia,Armenia,Bronce,True,False,True,3,2,856.0,18,10,10,False
8986,México,—,Bronce,False,False,False,1,0,0.0,18,14,5,False
8987,Colombia,Cali,Bronce,False,False,True,1,0,0.0,14,1,9,True
8988,Ecuador,—,Bronce,True,False,True,0,0,0.0,13,3,10,True
8989,Colombia,Bogotá D.C.,Bronce,False,False,True,0,0,0.0,10,20,10,False
8990,Colombia,Manizales,Bronce,True,True,True,0,0,0.0,5,3,4,True
8991,Colombia,Medellín,Bronce,True,False,True,0,0,0.0,16,11,9,False
8992,Colombia,Neiva,Plata,True,False,True,8,5,2717.0,5,2,9,True
8993,México,—,Bronce,True,False,True,0,0,0.0,32,6,6,True
8994,Colombia,Pereira,Bronce,False,False,True,1,0,0.0,34,6,4,True
8995,Colombia,Cali,Bronce,True,True,False,0,0,0.0,17,12,10,False
8996,Colombia,Bucaramanga,Bronce,False,False,False,1,0,0.0,92,9,4,False
8997,Perú,—,Bronce,False,False,True,3,2,864.0,32,13,9,False
8998,México,—,Bronce,False,False,True,5,3,1611.0,15,0,4,True
8999,Colombia,Barranquilla,Bronce,True,False,True,2,1,417.0,42,0,8,True
9000,Colombia,Otras ciudades,Bronce,True,False,True,0,0,0.0,2,1,9,True
9001,Ecuador,—,Plata,False,False,True,15,10,4707.0,6,10,9,False
9002,México,—,Bronce,True,False,True,7,5,2100.0,104,11,10,False
9003,Chile,—,Bronce,False,False,False,1,0,0.0,59,12,6,False
9004,Colombia,Montería,Bronce,True,False,True,0,0,0.0,1,2,7,True
9005,México,—,Bronce,False,True,True,2,1,577.0,52,0,7,True
9006,Colombia,Barranquilla,Bronce,True,False,True,3,2,962.0,8,19,10,False
9007,Colombia,Santa Marta,Bronce,True,False,True,0,0,0.0,34,2,9,True
9008,Colombia,Barranquilla,Bronce,True,False,True,0,0,0.0,68,3,7,True
9009,Ecuador,—,Bronce,False,True,True,5,2,1068.0,37,21,10,False
9010,Colombia,Manizales,Oro,False,True,True,27,19,9863.0,25,2,9,True
9011,Colombia,Bucaramanga,Bronce,False,False,True,1,0,0.0,32,8,8,False
9012,Colombia,Medellín,Plata,True,False,True,12,11,6694.0,24,9,9,False
9013,México,—,Bronce,False,False,True,2,1,540.0,13,16,9,False
9014,Colombia,Medellín,Bronce,True,True,False,0,0,0.0,13,2,3,True
9015,Colombia,Medellín,Bronce,False,False,True,6,3,1646.0,10,3,9,True
9016,Colombia,Bogotá D.C.,Bronce,False,True,True,1,0,0.0,51,2,7,True
9017,Colombia,Manizales,Bronce,False,False,False,3,2,1027.0,36,4,8,True
9018,México,—,Bronce,False,False,True,0,0,0.0,34,3,8,True
9019,Uruguay,—,Bronce,False,True,True,3,1,735.0,27,7,6,False
9020,Colombia,Santa Marta,Bronce,False,False,False,5,4,2304.0,26,3,8,True
9021,Colombia,Cartagena,Bronce,True,False,True,1,0,0.0,31,18,2,False
9022,Colombia,Medellín,Bronce,True,False,True,3,2,1203.0,3,7,10,False
9023,Colombia,Cali,Plata,False,False,True,9,8,4584.0,36,11,7,False
9024,Chile,—,Bronce,True,True,True,1,0,0.0,9,5,7,True
9025,Colombia,Bucaramanga,Bronce,False,True,False,5,4,2395.0,26,2,8,True
9026,Colombia,Bogotá D.C.,Bronce,True,True,True,2,1,408.0,13,3,10,True
9027,México,—,Bronce,True,False,True,0,0,0.0,13,5,5,True
9028,Perú,—,Bronce,False,False,True,1,0,0.0,29,3,4,True
9029,Colombia,Pereira,Bronce,False,False,True,3,2,950.0,7,0,5,True
9030,Colombia,Bogotá D.C.,Bronce,False,True,True,0,0,0.0,11,8,3,False
9031,Colombia,Cali,Plata,True,False,True,10,8,5902.0,49,7,8,False
9032,Colombia,Cali,Bronce,False,True,True,0,0,0.0,18,17,5,False
9033,México,—,Bronce,False,False,False,0,0,0.0,31,0,6,True
9034,Colombia,Bogotá D.C.,Bronce,False,True,True,5,3,1623.0,19,11,10,False
9035,Colombia,Cartagena,Bronce,False,True,True,1,0,0.0,8,9,6,False
9036,Colombia,Manizales,Bronce,False,False,True,3,2,903.0,21,5,3,True
9037,Colombia,Pereira,Bronce,False,False,True,0,0,0.0,16,8,7,False
9038,Ecuador,—,Bronce,False,False,True,0,0,0.0,46,17,9,False
9039,Colombia,Bogotá D.C.,Bronce,True,False,True,1,0,0.0,21,20,10,False
9040,Ecuador,—,Bronce,False,False,True,1,0,0.0,17,5,3,True
9041,México,—,Bronce,False,True,True,4,3,1058.0,96,3,5,True
9042,México,—,Bronce,True,False,True,0,0,0.0,24,0,6,True
9043,Ecuador,—,Bronce,False,True,True,0,0,0.0,56,2,3,True
9044,Colombia,Bogotá D.C.,Bronce,False,True,True,0,0,0.0,19,5,6,True
9045,Colombia,Cali,Bronce,False,True,False,4,3,1501.0,91,1,9,True
9046,Colombia,Bogotá D.C.,Plata,False,False,True,10,6,3705.0,79,3,7,True
9047,Ecuador,—,Bronce,False,False,True,1,0,0.0,19,1,8,True
9048,México,—,Bronce,True,False,True,1,0,0.0,27,4,10,True
9049,Colombia,Armenia,Bronce,False,False,True,1,0,0.0,17,4,5,True
9050,Colombia,Medellín,Bronce,True,False,True,0,0,0.0,43,5,10,True
9051,Ecuador,—,Bronce,True,False,True,0,0,0.0,93,3,4,True
9052,Colombia,Bogotá D.C.,Bronce,False,True,False,3,2,757.0,43,0,8,True
9053,Colombia,Armenia,Bronce,False,False,False,5,4,2187.0,55,15,4,False
9054,Ecuador,—,Bronce,False,False,True,0,0,0.0,49,11,10,False
9055,Colombia,Cali,Bronce,True,True,True,0,0,0.0,33,10,7,False
9056,México,—,Plata,True,False,False,8,5,2396.0,4,3,6,True
9057,Colombia,Medellín,Bronce,False,False,True,3,2,1056.0,33,3,9,True
9058,Colombia,Manizales,Bronce,False,False,True,0,0,0.0,33,8,8,False
9059,Colombia,Bogotá D.C.,Bronce,True,False,True,0,0,0.0,18,10,10,False
9060,Colombia,Ibagué,Bronce,False,True,True,0,0,0.0,37,2,5,True
9061,Colombia,Cali,Bronce,False,False,True,4,3,1322.0,13,6,6,True
9062,Colombia,Bogotá D.C.,Bronce,True,False,True,0,0,0.0,52,10,7,False
9063,Ecuador,—,Bronce,False,True,True,4,2,775.0,9,5,5,True
9064,Colombia,Bucaramanga,Bronce,True,True,False,0,0,0.0,4,7,10,False
9065,México,—,Bronce,False,False,True,0,0,0.0,64,1,5,True
9066,Colombia,Bogotá D.C.,Bronce,True,True,True,1,0,0.0,5,1,7,True
9067,Colombia,Barranquilla,Bronce,False,False,True,6,4,1967.0,10,2,9,True
9068,Perú,—,Bronce,False,True,True,3,2,1100.0,94,13,8,False
9069,Perú,—,Bronce,False,True,False,7,5,3715.0,41,3,10,True
9070,México,—,Plata,False,False,True,15,11,6079.0,35,12,6,False
9071,Colombia,Bogotá D.C.,Bronce,False,True,True,1,0,0.0,24,6,8,True
9072,Ecuador,—,Bronce,True,True,False,0,0,0.0,16,3,8,True
9073,Perú,—,Plata,True,True,False,11,6,2427.0,12,0,9,True
9074,Colombia,Cali,Bronce,False,False,True,0,0,0.0,38,10,6,False
9075,Colombia,Pasto,Bronce,True,False,True,2,1,494.0,36,1,7,True
9076,México,—,Bronce,True,False,True,0,0,0.0,57,4,5,True
9077,Perú,—,Bronce,True,False,True,1,0,0.0,26,19,8,False
9078,Colombia,Barranquilla,Bronce,True,False,True,6,3,1624.0,21,11,8,False
9079,Perú,—,Bronce,True,False,True,1,0,0.0,27,4,8,True
9080,México,—,Bronce,False,False,False,5,4,2443.0,77,32,8,False
9081,Colombia,Neiva,Bronce,False,True,True,2,1,555.0,12,0,8,True
9082,Colombia,Bogotá D.C.,Bronce,False,True,False,2,1,654.0,47,4,9,True
9083,Colombia,Bogotá D.C.,Bronce,False,True,False,3,1,479.0,16,2,8,True
9084,Colombia,Medellín,Bronce,False,True,True,3,2,1001.0,23,0,7,True
9085,México,—,Bronce,False,False,True,1,0,0.0,22,7,8,False
9086,Colombia,Bogotá D.C.,Plata,False,False,False,20,12,6163.0,12,5,6,True
9087,México,—,Bronce,False,False,True,2,1,562.0,18,1,10,True
9088,México,—,Bronce,True,True,True,3,2,737.0,49,0,6,True
9089,Ecuador,—,Bronce,False,True,True,1,0,0.0,15,2,9,True
9090,Colombia,Cali,Bronce,True,True,False,0,0,0.0,33,1,6,True
9091,Colombia,Cali,Bronce,True,False,True,1,0,0.0,67,3,3,True
9092,Colombia,Barranquilla,Bronce,True,False,True,4,3,1962.0,39,0,7,True
9093,México,—,Bronce,False,False,False,2,1,620.0,11,1,3,True
9094,Colombia,Bogotá D.C.,Bronce,True,False,True,2,1,528.0,22,3,7,True
9095,Ecuador,—,Bronce,False,False,True,4,2,1030.0,78,11,7,False
9096,México,—,Bronce,False,True,False,1,0,0.0,34,1,6,True
9097,Colombia,Otras ciudades,Bronce,False,True,True,0,0,0.0,4,2,7,True
9098,Chile,—,Bronce,True,False,True,0,0,0.0,19,0,4,True
9099,Colombia,Pasto,Bronce,False,False,False,0,0,0.0,17,2,6,True
9100,Colombia,Bogotá D.C.,Bronce,True,True,False,5,2,660.0,28,8,10,False
9101,Colombia,Cartagena,Plata,True,True,False,10,6,2895.0,10,7,8,False
9102,México,—,Bronce,True,True,True,6,4,1540.0,13,2,4,True
9103,Colombia,Bogotá D.C.,Bronce,False,False,False,2,1,511.0,18,1,9,True
9104,México,—,Bronce,True,True,True,3,2,802.0,2,1,9,True
9105,Colombia,Otras ciudades,Bronce,True,False,True,3,1,419.0,49,5,6,True
9106,Colombia,Neiva,Bronce,False,False,True,1,0,0.0,52,0,6,True
9107,Colombia,Cali,Bronce,False,True,True,0,0,0.0,9,6,10,True
9108,Colombia,Bogotá D.C.,Plata,False,False,True,18,15,7158.0,30,0,10,True
9109,Perú,—,Bronce,True,False,True,0,0,0.0,79,9,10,False
9110,Uruguay,—,Bronce,False,True,True,6,3,1522.0,26,13,7,False
9111,Ecuador,—,Bronce,True,True,True,0,0,0.0,36,6,9,True
9112,Perú,—,Bronce,False,False,False,1,0,0.0,61,8,9,False
9113,Uruguay,—,Plata,True,False,True,8,5,3128.0,16,1,9,True
9114,Colombia,Medellín,Bronce,True,False,True,4,2,1266.0,25,2,8,True
9115,México,—,Bronce,False,False,True,0,0,0.0,16,6,8,True
9116,México,—,Bronce,False,False,True,0,0,0.0,10,10,8,False
9117,México,—,Bronce,False,True,True,2,1,276.0,5,5,6,True
9118,México,—,Plata,True,False,True,11,7,2399.0,34,10,9,False
9119,México,—,Bronce,False,False,True,0,0,0.0,28,23,8,False
9120,Perú,—,Bronce,True,False,True,1,0,0.0,20,6,7,True
9121,Colombia,Cartagena,Bronce,True,False,True,2,1,750.0,3,6,7,True
9122,Ecuador,—,Bronce,False,False,True,1,0,0.0,24,10,2,False
9123,Colombia,Medellín,Bronce,False,False,True,3,1,485.0,31,4,3,True
9124,Colombia,Bogotá D.C.,Bronce,False,False,True,1,0,0.0,65,16,10,False
9125,Colombia,Popayán,Bronce,True,False,False,0,0,0.0,14,4,8,True
9126,México,—,Bronce,False,False,False,2,1,662.0,26,13,10,False
9127,Colombia,Bogotá D.C.,Bronce,False,False,True,4,3,1695.0,9,6,8,True
9128,Colombia,Bogotá D.C.,Bronce,True,True,True,2,1,359.0,38,6,4,True
9129,Ecuador,—,Bronce,False,True,True,2,1,612.0,39,3,5,True
9130,Colombia,Medellín,Bronce,True,False,True,7,5,2469.0,20,18,8,False
9131,Colombia,Ibagué,Bronce,True,False,True,7,5,2620.0,93,1,8,True
9132,Colombia,Pasto,Bronce,False,True,True,1,0,0.0,18,4,8,True
9133,Colombia,Manizales,Oro,True,False,True,25,20,7481.0,73,2,10,True
9134,Perú,—,Bronce,False,False,True,1,0,0.0,18,2,6,True
9135,Colombia,Barranquilla,Bronce,True,True,True,0,0,0.0,14,2,5,True
9136,Colombia,Bogotá D.C.,Bronce,True,False,True,2,1,628.0,32,8,7,False
9137,Chile,—,Bronce,False,False,True,0,0,0.0,16,0,6,True
9138,Colombia,Otras ciudades,Bronce,False,False,False,6,4,694.0,6,3,8,True
9139,México,—,Bronce,True,False,True,0,0,0.0,10,1,5,True
9140,Colombia,Bucaramanga,Bronce,False,False,True,0,0,0.0,23,1,8,True
9141,México,—,Plata,False,False,False,13,10,5660.0,49,7,10,False
9142,Colombia,Cali,Bronce,False,False,True,0,0,0.0,14,11,9,False
9143,Colombia,Cali,Bronce,False,True,True,0,0,0.0,10,0,5,True
9144,Colombia,Bogotá D.C.,Bronce,False,False,True,2,1,499.0,5,15,5,False
9145,Colombia,Cali,Bronce,True,True,True,2,1,465.0,41,5,5,True
9146,Colombia,Cúcuta,Bronce,True,True,False,7,4,1779.0,30,2,6,True
9147,Colombia,Bogotá D.C.,Plata,True,True,True,8,7,3484.0,10,8,7,False
9148,México,—,Bronce,True,False,True,0,0,0.0,40,5,7,True
9149,Colombia,Medellín,Bronce,False,False,False,0,0,0.0,57,4,6,True
9150,Ecuador,—,Plata,True,False,True,18,15,6338.0,12,6,5,True
9151,Perú,—,Bronce,False,False,True,2,1,521.0,55,2,8,True
9152,Ecuador,—,Bronce,False,False,True,3,2,831.0,16,2,8,True
9153,Colombia,Armenia,Bronce,True,True,True,6,4,1850.0,54,3,10,True
9154,México,—,Plata,False,False,True,10,7,4277.0,34,12,10,False
9155,Colombia,Bogotá D.C.,Bronce,False,False,False,5,3,1282.0,3,15,5,False
9156,México,—,Bronce,False,False,False,1,0,0.0,6,10,7,False
9157,Ecuador,—,Bronce,False,False,True,2,1,440.0,4,5,5,True
9158,Perú,—,Bronce,True,True,True,7,6,3592.0,6,8,10,False
9159,Colombia,Bogotá D.C.,Bronce,True,False,True,0,0,0.0,6,0,10,True
9160,Chile,—,Bronce,False,True,False,3,2,685.0,35,2,10,True
9161,Colombia,Cúcuta,Bronce,False,False,True,0,0,0.0,29,12,10,False
9162,México,—,Bronce,True,False,False,0,0,0.0,1,1,8,True
9163,Uruguay,—,Bronce,False,False,False,3,2,808.0,24,6,6,True
9164,Ecuador,—,Bronce,True,True,True,3,1,434.0,1,3,10,True
9165,México,—,Bronce,True,False,False,0,0,0.0,51,4,7,True
9166,Colombia,Medellín,Bronce,False,False,True,0,0,0.0,7,10,6,False
9167,Colombia,Bogotá D.C.,Bronce,True,False,True,5,4,1807.0,7,17,8,False
9168,Colombia,Cartagena,Bronce,False,True,True,0,0,0.0,28,15,4,False
9169,Colombia,Bucaramanga,Bronce,False,True,True,3,2,947.0,9,3,7,True
9170,Colombia,Medellín,Bronce,True,False,True,0,0,0.0,27,12,6,False
9171,México,—,Bronce,True,False,True,0,0,0.0,39,1,7,True
9172,Colombia,Barranquilla,Bronce,False,False,True,0,0,0.0,15,1,7,True
9173,Colombia,Bogotá D.C.,Bronce,False,False,True,0,0,0.0,14,4,7,True
9174,Colombia,Bogotá D.C.,Bronce,True,False,True,0,0,0.0,12,5,6,True
9175,México,—,Plata,False,True,False,11,8,5495.0,45,0,8,True
9176,Perú,—,Bronce,True,False,True,5,4,1366.0,31,1,10,True
9177,México,—,Bronce,True,False,True,7,4,1626.0,5,3,7,True
9178,Colombia,Pereira,Plata,False,False,True,15,10,4330.0,56,2,4,True
9179,México,—,Bronce,False,True,True,3,2,1306.0,7,20,7,False
9180,Ecuador,—,Bronce,False,False,False,5,3,1580.0,46,0,8,True
9181,Colombia,Bogotá D.C.,Bronce,False,False,True,2,1,368.0,34,14,6,False
9182,Uruguay,—,Bronce,True,False,True,5,4,2829.0,26,13,3,False
9183,Colombia,Cúcuta,Bronce,False,False,False,5,4,1645.0,43,8,7,False
9184,Colombia,Villavicencio,Bronce,True,False,True,6,4,1659.0,99,6,5,True
9185,Ecuador,—,Bronce,True,False,True,2,1,284.0,22,8,10,False
9186,Colombia,Ibagué,Bronce,True,False,True,5,4,1780.0,11,7,4,False
9187,Colombia,Medellín,Bronce,True,False,True,0,0,0.0,18,17,7,False
9188,Colombia,Bogotá D.C.,Bronce,True,False,True,0,0,0.0,25,3,10,True
9189,México,—,Bronce,False,True,True,3,1,458.0,9,6,8,True
9190,Ecuador,—,Bronce,False,False,True,0,0,0.0,21,6,7,True
9191,Uruguay,—,Bronce,True,True,True,0,0,0.0,27,24,10,False
9192,Colombia,Ibagué,Bronce,False,True,True,2,1,582.0,48,4,3,True
9193,Colombia,Bucaramanga,Bronce,False,False,True,2,1,458.0,17,1,3,True
9194,Colombia,Bogotá D.C.,Bronce,True,False,True,0,0,0.0,52,1,8,True
9195,México,—,Bronce,True,False,True,1,0,0.0,8,7,7,False
9196,Colombia,Barranquilla,Bronce,True,True,True,1,0,0.0,75,2,6,True
9197,Colombia,Bogotá D.C.,Bronce,True,True,True,0,0,0.0,38,13,5,False
9198,Perú,—,Bronce,True,False,True,1,0,0.0,23,11,9,False
9199,Colombia,Manizales,Bronce,False,False,True,1,0,0.0,5,5,4,True
9200,Colombia,Medellín,Bronce,True,False,True,1,0,0.0,35,10,10,False
9201,Colombia,Popayán,Bronce,False,False,True,0,0,0.0,19,8,4,False
9202,Colombia,Neiva,Bronce,False,True,True,1,0,0.0,59,2,8,True
9203,Uruguay,—,Bronce,False,False,True,0,0,0.0,61,6,10,True
9204,Colombia,Medellín,Bronce,False,False,True,0,0,0.0,64,3,7,True
9205,Colombia,Cartagena,Bronce,False,False,True,2,1,359.0,24,1,8,True
9206,Colombia,Bogotá D.C.,Bronce,True,False,True,2,1,509.0,12,18,3,False
9207,Colombia,Bogotá D.C.,Bronce,False,False,True,1,0,0.0,47,3,5,True
9208,Colombia,Bogotá D.C.,Bronce,True,True,True,0,0,0.0,16,7,10,False
9209,Perú,—,Bronce,True,True,True,1,0,0.0,39,4,9,True
9210,Uruguay,—,Bronce,True,True,True,0,0,0.0,11,2,1,True
9211,Colombia,Bucaramanga,Bronce,True,False,True,0,0,0.0,35,9,5,False
9212,Colombia,Bogotá D.C.,Bronce,True,False,True,0,0,0.0,47,5,9,True
9213,Colombia,Medellín,Platino,False,False,False,89,79,51896.0,25,1,10,True
9214,Colombia,Bucaramanga,Bronce,False,True,True,4,2,1291.0,37,3,9,True
9215,Colombia,Medellín,Bronce,False,False,False,4,3,1855.0,13,16,8,False
9216,México,—,Bronce,False,False,True,1,0,0.0,33,7,6,False
9217,Colombia,Bogotá D.C.,Bronce,False,False,True,1,0,0.0,69,1,9,True
9218,Ecuador,—,Oro,False,True,False,55,43,22303.0,86,15,7,False
9219,Colombia,Villavicencio,Bronce,False,True,True,0,0,0.0,79,1,10,True
9220,Colombia,Bogotá D.C.,Bronce,False,False,True,0,0,0.0,32,10,7,False
9221,Colombia,Medellín,Bronce,True,True,True,1,0,0.0,37,3,4,True
9222,Colombia,Medellín,Bronce,True,False,True,1,0,0.0,13,8,10,False
9223,México,—,Bronce,True,True,True,0,0,0.0,13,5,8,True
9224,Ecuador,—,Bronce,False,True,True,5,2,764.0,37,12,7,False
9225,Uruguay,—,Plata,False,True,True,20,13,5264.0,32,5,7,True
9226,México,—,Bronce,True,True,False,0,0,0.0,71,1,10,True
9227,Colombia,Barranquilla,Bronce,False,False,True,0,0,0.0,46,0,7,True
9228,Colombia,Bogotá D.C.,Platino,False,False,True,75,61,28449.0,17,1,6,True
9229,Colombia,Otras ciudades,Bronce,False,False,False,1,0,0.0,1,6,4,True
9230,México,—,Bronce,False,False,True,1,0,0.0,17,13,9,False
9231,Colombia,Pereira,Bronce,False,False,True,1,0,0.0,3,7,9,False
9232,Colombia,Cali,Bronce,True,False,True,1,0,0.0,19,2,6,True
9233,Colombia,Cali,Bronce,True,False,True,2,1,386.0,19,9,10,False
9234,Colombia,Medellín,Bronce,True,False,True,6,3,1648.0,21,0,8,True
9235,México,—,Bronce,False,False,True,1,0,0.0,20,2,5,True
9236,Colombia,Medellín,Bronce,True,False,True,2,1,417.0,5,13,9,False
9237,Ecuador,—,Bronce,False,False,True,0,0,0.0,45,13,8,False
9238,Colombia,Bogotá D.C.,Bronce,False,False,False,0,0,0.0,12,1,10,True
9239,Colombia,Bogotá D.C.,Bronce,True,False,True,4,2,749.0,37,4,5,True
9240,Colombia,Cali,Plata,True,True,True,9,5,2181.0,5,9,10,False
9241,Colombia,Cartagena,Bronce,True,False,True,1,0,0.0,28,6,9,True
9242,Colombia,Bogotá D.C.,Bronce,True,False,True,1,0,0.0,16,5,3,True
9243,Colombia,Bogotá D.C.,Bronce,True,False,True,0,0,0.0,18,2,7,True
9244,Colombia,Medellín,Bronce,False,False,True,0,0,0.0,18,9,7,False
9245,Colombia,Cali,Bronce,True,False,False,4,2,909.0,14,2,10,True
9246,Colombia,Medellín,Bronce,False,False,True,0,0,0.0,41,9,6,False
9247,Colombia,Cali,Bronce,False,False,True,2,1,498.0,65,0,5,True
9248,Colombia,Cali,Plata,False,True,True,8,5,3105.0,16,1,8,True
9249,Uruguay,—,Bronce,True,False,True,0,0,0.0,20,0,8,True
9250,Colombia,Santa Marta,Bronce,True,True,False,1,0,0.0,15,8,4,False
9251,México,—,Bronce,True,False,True,0,0,0.0,28,4,7,True
9252,México,—,Bronce,True,False,True,0,0,0.0,36,7,6,False
9253,Perú,—,Bronce,True,False,True,1,0,0.0,45,4,5,True
9254,Colombia,Medellín,Bronce,True,False,False,1,0,0.0,28,3,10,True
9255,Ecuador,—,Bronce,True,True,True,0,0,0.0,36,16,8,False
9256,Colombia,Medellín,Bronce,False,False,True,0,0,0.0,20,10,7,False
9257,Colombia,Villavicencio,Oro,False,True,True,31,18,6226.0,78,9,6,False
9258,Colombia,Otras ciudades,Bronce,True,False,True,3,1,440.0,76,4,9,True
9259,Colombia,Cali,Bronce,False,False,True,0,0,0.0,29,1,8,True
9260,Colombia,Bogotá D.C.,Plata,True,False,True,9,5,2817.0,29,1,5,True
9261,Uruguay,—,Bronce,True,False,True,4,3,1325.0,7,11,7,False
9262,México,—,Bronce,True,False,True,2,1,394.0,26,11,8,False
9263,Colombia,Medellín,Bronce,False,True,True,7,5,2193.0,19,7,10,False
9264,Colombia,Barranquilla,Bronce,False,False,True,0,0,0.0,35,0,10,True
9265,México,—,Bronce,False,True,True,0,0,0.0,35,2,8,True
9266,México,—,Plata,True,False,True,8,6,3437.0,60,9,7,False
9267,Perú,—,Bronce,True,False,True,3,2,1200.0,17,6,10,True
9268,Uruguay,—,Bronce,True,False,True,0,0,0.0,59,1,8,True
9269,Chile,—,Bronce,False,False,True,1,0,0.0,18,1,10,True
9270,Colombia,Bogotá D.C.,Plata,True,False,False,8,5,2022.0,30,6,7,True
9271,Perú,—,Bronce,False,False,True,1,0,0.0,9,12,8,False
9272,Colombia,Cali,Bronce,False,False,True,0,0,0.0,43,14,6,False
9273,Ecuador,—,Plata,False,True,True,21,19,8353.0,15,2,10,True
9274,Colombia,Bucaramanga,Bronce,False,False,True,2,1,517.0,43,2,8,True
9275,México,—,Bronce,False,False,True,0,0,0.0,30,2,10,True
9276,Ecuador,—,Bronce,True,True,True,3,2,1044.0,14,10,6,False
9277,México,—,Bronce,False,False,True,4,3,1331.0,48,1,9,True
9278,Colombia,Bucaramanga,Bronce,False,False,True,0,0,0.0,44,6,6,True
9279,Colombia,Cali,Bronce,True,False,False,0,0,0.0,9,9,6,False
9280,Colombia,Bogotá D.C.,Bronce,False,True,True,2,1,439.0,4,3,6,True
9281,Uruguay,—,Bronce,True,True,True,2,1,417.0,106,1,6,True
9282,Colombia,Medellín,Bronce,False,True,True,0,0,0.0,78,9,5,False
9283,Ecuador,—,Bronce,True,True,True,7,5,2661.0,71,0,9,True
9284,Colombia,Pereira,Bronce,True,False,True,1,0,0.0,40,2,10,True
9285,Colombia,Bogotá D.C.,Bronce,False,False,True,0,0,0.0,61,10,7,False
9286,Colombia,Sincelejo,Bronce,False,False,True,0,0,0.0,11,13,7,False
9287,Ecuador,—,Bronce,True,False,True,1,0,0.0,18,12,9,False
9288,Colombia,Cali,Bronce,False,False,True,1,0,0.0,27,7,5,False
9289,Colombia,Bogotá D.C.,Bronce,True,False,True,6,5,2141.0,15,11,10,False
9290,México,—,Bronce,True,False,True,2,1,650.0,13,2,8,True
9291,Colombia,Bogotá D.C.,Bronce,True,False,True,0,0,0.0,15,2,8,True
9292,Colombia,Medellín,Bronce,True,False,True,0,0,0.0,43,29,10,False
9293,Ecuador,—,Bronce,True,False,False,1,0,0.0,28,12,10,False
9294,Colombia,Popayán,Bronce,True,False,True,0,0,0.0,24,0,10,True
9295,Colombia,Bogotá D.C.,Bronce,True,False,True,2,1,542.0,2,5,6,True
9296,Chile,—,Platino,False,False,False,91,71,38577.0,36,3,6,True
9297,Colombia,Medellín,Bronce,True,False,True,0,0,0.0,7,3,3,True
9298,Colombia,Bogotá D.C.,Plata,True,True,True,8,5,2803.0,23,2,7,True
9299,Colombia,Otras ciudades,Bronce,True,False,True,0,0,0.0,14,24,8,False
9300,Ecuador,—,Platino,True,False,True,83,75,27607.0,11,4,7,True
9301,Ecuador,—,Bronce,True,False,False,7,6,3471.0,10,4,8,True
9302,Colombia,Medellín,Bronce,True,False,True,2,1,582.0,10,4,10,True
9303,Colombia,Bogotá D.C.,Bronce,False,False,True,2,1,488.0,72,12,1,False
9304,Colombia,Barranquilla,Bronce,True,False,True,3,2,935.0,56,6,5,True
9305,Colombia,Pereira,Bronce,False,False,True,1,0,0.0,139,3,10,True
9306,México,—,Bronce,False,False,True,0,0,0.0,33,5,3,True
9307,México,—,Bronce,True,False,False,1,0,0.0,41,4,8,True
9308,Colombia,Bogotá D.C.,Bronce,True,False,True,0,0,0.0,14,2,7,True
9309,Colombia,Neiva,Bronce,False,False,True,2,1,590.0,1,4,5,True
9310,Uruguay,—,Bronce,False,True,True,0,0,0.0,5,7,6,False
9311,Colombia,Montería,Bronce,False,False,True,2,1,575.0,7,0,9,True
9312,Colombia,Cali,Bronce,False,False,False,1,0,0.0,33,1,4,True
9313,Colombia,Bogotá D.C.,Plata,True,False,True,21,17,7792.0,13,2,9,True
9314,Colombia,Cúcuta,Bronce,False,False,True,1,0,0.0,21,8,6,False
9315,Colombia,Cali,Bronce,False,False,True,2,1,378.0,4,11,10,False
9316,Chile,—,Bronce,True,False,False,5,3,1461.0,9,2,9,True
9317,México,—,Bronce,False,False,True,0,0,0.0,40,6,7,True
9318,Colombia,Bogotá D.C.,Bronce,False,False,False,5,4,1705.0,6,6,10,True
9319,México,—,Bronce,False,True,True,2,1,443.0,62,0,8,True
9320,Colombia,Bogotá D.C.,Bronce,False,False,False,0,0,0.0,8,11,5,False
9321,México,—,Bronce,False,False,True,3,2,907.0,14,0,10,True
9322,Colombia,Medellín,Bronce,False,False,True,1,0,0.0,29,4,9,True
9323,Uruguay,—,Bronce,False,False,True,0,0,0.0,7,20,5,False
9324,Ecuador,—,Bronce,True,False,True,0,0,0.0,8,9,10,False
9325,Ecuador,—,Bronce,False,True,True,0,0,0.0,15,0,8,True
9326,Colombia,Cúcuta,Bronce,False,False,True,0,0,0.0,40,17,5,False
9327,Colombia,Bogotá D.C.,Plata,True,False,True,13,9,5571.0,91,11,5,False
9328,Perú,—,Bronce,True,True,False,2,1,375.0,17,7,9,False
9329,Colombia,Bogotá D.C.,Bronce,False,False,True,2,1,393.0,30,10,9,False
9330,México,—,Bronce,True,False,False,1,0,0.0,13,0,7,True
9331,Ecuador,—,Plata,False,True,True,11,9,4443.0,4,4,3,True
9332,Colombia,Bogotá D.C.,Bronce,False,False,True,0,0,0.0,12,9,8,False
9333,Colombia,Cali,Bronce,True,False,True,1,0,0.0,21,18,6,False
9334,Colombia,Medellín,Bronce,False,True,True,0,0,0.0,9,1,8,True
9335,México,—,Bronce,True,False,True,3,2,794.0,22,27,8,False
9336,Colombia,Bogotá D.C.,Bronce,True,True,True,0,0,0.0,10,4,7,True
9337,Colombia,Medellín,Plata,True,False,False,23,15,8021.0,8,8,10,False
9338,Perú,—,Bronce,False,False,True,1,0,0.0,17,1,4,True
9339,Uruguay,—,Platino,False,True,False,335,230,112458.0,25,1,6,True
9340,México,—,Plata,True,False,True,9,5,3300.0,9,7,7,False
9341,Perú,—,Bronce,True,False,False,1,0,0.0,7,0,8,True
9342,Colombia,Medellín,Bronce,False,True,True,1,0,0.0,34,7,9,False
9343,México,—,Bronce,True,False,True,0,0,0.0,10,3,9,True
9344,Colombia,Bogotá D.C.,Bronce,False,True,True,7,5,2928.0,12,11,7,False
9345,Colombia,Bucaramanga,Bronce,False,True,True,1,0,0.0,11,11,8,False
9346,Uruguay,—,Bronce,False,True,True,1,0,0.0,11,0,7,True
9347,Colombia,Ibagué,Bronce,True,False,True,1,0,0.0,2,7,7,False
9348,México,—,Bronce,False,False,True,0,0,0.0,7,7,5,False
9349,Chile,—,Bronce,False,False,True,0,0,0.0,51,6,3,True
9350,Colombia,Medellín,Bronce,True,False,False,2,1,379.0,15,4,6,True
9351,Colombia,Cartagena,Bronce,False,False,True,2,1,675.0,4,6,7,True
9352,Colombia,Bogotá D.C.,Bronce,False,True,False,5,4,1804.0,44,2,7,True
9353,Perú,—,Oro,False,False,True,27,18,8419.0,37,9,8,False
9354,Colombia,Otras ciudades,Bronce,True,True,True,0,0,0.0,11,8,3,False
9355,Colombia,Neiva,Bronce,True,False,True,3,2,886.0,29,0,6,True
9356,México,—,Bronce,True,False,True,0,0,0.0,68,10,10,False
9357,Colombia,Cali,Bronce,True,False,True,2,1,441.0,20,4,10,True
9358,Colombia,Bogotá D.C.,Bronce,True,True,True,1,0,0.0,24,28,10,False
9359,Colombia,Pereira,Bronce,True,False,True,1,0,0.0,12,12,10,False
9360,Colombia,Villavicencio,Bronce,False,False,True,2,1,510.0,61,17,7,False
9361,Colombia,Medellín,Bronce,True,False,True,1,0,0.0,18,4,7,True
9362,Colombia,Medellín,Bronce,False,False,True,0,0,0.0,16,12,3,False
9363,Colombia,Manizales,Plata,True,False,True,17,11,3967.0,17,3,6,True
9364,Colombia,Montería,Bronce,True,False,True,2,1,748.0,37,3,9,True
9365,Colombia,Bogotá D.C.,Bronce,True,False,True,2,1,255.0,22,0,5,True
9366,Colombia,Bogotá D.C.,Bronce,False,False,True,3,2,795.0,13,28,6,False
9367,Ecuador,—,Bronce,True,False,True,0,0,0.0,9,7,5,False
9368,Colombia,Bogotá D.C.,Bronce,True,False,True,3,2,688.0,24,1,3,True
9369,Colombia,Bogotá D.C.,Bronce,False,True,True,2,1,504.0,28,3,7,True
9370,México,—,Plata,False,True,True,8,5,2964.0,27,5,9,True
9371,Colombia,Bucaramanga,Bronce,True,False,True,4,3,1557.0,13,3,8,True
9372,México,—,Plata,False,False,True,11,8,5804.0,19,1,7,True
9373,Colombia,Bogotá D.C.,Bronce,False,True,True,0,0,0.0,22,3,6,True
9374,México,—,Bronce,False,False,True,0,0,0.0,18,16,9,False
9375,Colombia,Medellín,Bronce,False,True,True,1,0,0.0,18,3,7,True
9376,México,—,Bronce,True,False,True,6,3,1032.0,15,0,4,True
9377,Colombia,Cali,Bronce,True,True,False,0,0,0.0,66,4,9,True
9378,Colombia,Bogotá D.C.,Plata,True,False,True,12,9,2771.0,20,2,10,True
9379,Colombia,Medellín,Bronce,True,False,True,1,0,0.0,7,1,9,True
9380,México,—,Bronce,True,True,True,3,1,473.0,11,7,8,False
9381,Colombia,Medellín,Plata,False,True,True,8,7,5025.0,14,19,7,False
9382,Perú,—,Bronce,False,False,False,3,2,955.0,22,4,8,True
9383,Colombia,Ibagué,Bronce,True,False,True,0,0,0.0,70,2,7,True
9384,Colombia,Bucaramanga,Bronce,False,False,False,3,2,541.0,20,11,8,False
9385,Colombia,Bogotá D.C.,Bronce,True,False,True,0,0,0.0,31,1,9,True
9386,Colombia,Pasto,Bronce,True,False,True,0,0,0.0,4,5,8,True
9387,Colombia,Bogotá D.C.,Bronce,True,False,True,7,4,2534.0,38,26,5,False
9388,Colombia,Bogotá D.C.,Bronce,True,False,True,4,2,1014.0,10,1,5,True
9389,Colombia,Bogotá D.C.,Bronce,True,False,True,4,3,1381.0,16,12,6,False
9390,Uruguay,—,Bronce,True,False,False,3,2,918.0,13,5,6,True
9391,Colombia,Bogotá D.C.,Platino,False,False,True,110,100,59369.0,40,0,8,True
9392,Perú,—,Plata,False,False,False,9,6,2430.0,4,1,10,True
9393,Colombia,Cartagena,Bronce,True,True,True,0,0,0.0,8,6,9,True
9394,Colombia,Sincelejo,Bronce,True,False,True,0,0,0.0,5,5,6,True
9395,México,—,Bronce,False,True,False,3,2,772.0,4,8,7,False
9396,Colombia,Medellín,Bronce,True,False,True,0,0,0.0,27,6,6,True
9397,Colombia,Bogotá D.C.,Bronce,True,False,True,2,1,597.0,16,6,7,True
9398,Colombia,Cali,Plata,False,True,False,15,8,5011.0,5,1,10,True
9399,México,—,Oro,False,True,False,51,35,23287.0,25,6,8,True
9400,Colombia,Cali,Plata,False,False,True,9,7,3657.0,75,2,8,True
9401,Perú,—,Bronce,True,False,True,0,0,0.0,30,9,5,False
9402,Colombia,Bogotá D.C.,Bronce,True,True,True,0,0,0.0,31,1,10,True
9403,México,—,Bronce,True,False,True,0,0,0.0,35,0,8,True
9404,Colombia,Medellín,Bronce,False,True,True,2,1,274.0,5,11,10,False
9405,Colombia,Montería,Bronce,True,True,True,2,1,479.0,24,8,8,False
9406,Colombia,Medellín,Bronce,False,False,True,4,2,1186.0,50,29,7,False
9407,Colombia,Medellín,Bronce,True,False,False,2,1,373.0,26,0,5,True
9408,Colombia,Bogotá D.C.,Bronce,True,False,True,1,0,0.0,10,2,10,True
9409,Colombia,Pereira,Bronce,True,False,True,0,0,0.0,82,2,4,True
9410,Ecuador,—,Plata,False,False,True,17,11,3666.0,50,1,5,True
9411,Colombia,Otras ciudades,Bronce,True,True,True,0,0,0.0,24,3,7,True
9412,Colombia,Cali,Bronce,False,False,True,3,1,455.0,10,16,8,False
9413,Perú,—,Bronce,True,False,False,2,1,451.0,14,4,5,True
9414,Colombia,Bucaramanga,Bronce,False,False,True,1,0,0.0,8,3,4,True
9415,Perú,—,Bronce,True,True,True,0,0,0.0,14,10,5,False
9416,Colombia,Cali,Bronce,True,False,True,0,0,0.0,20,1,8,True
9417,México,—,Bronce,False,False,True,1,0,0.0,90,1,10,True
9418,Colombia,Bogotá D.C.,Plata,False,True,True,11,7,2394.0,65,5,8,True
9419,Chile,—,Bronce,True,False,True,1,0,0.0,9,1,5,True
9420,Chile,—,Bronce,True,True,True,0,0,0.0,3,1,4,True
9421,Colombia,Bogotá D.C.,Bronce,True,True,True,2,1,449.0,20,2,10,True
9422,México,—,Bronce,False,False,True,4,3,1726.0,9,1,4,True
9423,Ecuador,—,Bronce,True,False,True,4,3,1549.0,4,11,10,False
9424,México,—,Bronce,True,True,True,2,1,592.0,60,10,8,False
9425,Colombia,Pereira,Plata,False,False,True,12,9,4911.0,3,2,8,True
9426,Ecuador,—,Bronce,True,True,True,2,1,571.0,52,6,9,True
9427,Colombia,Medellín,Bronce,False,True,True,1,0,0.0,7,6,7,True
9428,Colombia,Cali,Bronce,False,False,True,5,3,1594.0,27,15,8,False
9429,Ecuador,—,Bronce,False,True,True,0,0,0.0,51,6,6,True
9430,Colombia,Otras ciudades,Bronce,False,True,True,2,1,452.0,4,5,7,True
9431,Colombia,Otras ciudades,Bronce,True,False,True,0,0,0.0,16,5,7,True
9432,México,—,Bronce,False,True,True,1,0,0.0,19,10,6,False
9433,Colombia,Neiva,Bronce,True,False,True,0,0,0.0,26,24,10,False
9434,Colombia,Barranquilla,Plata,True,True,True,9,7,3016.0,10,3,7,True
9435,México,—,Bronce,False,True,True,1,0,0.0,5,0,7,True
9436,Colombia,Medellín,Bronce,False,False,True,1,0,0.0,28,3,8,True
9437,Colombia,Bogotá D.C.,Bronce,False,True,True,4,3,1475.0,46,4,10,True
9438,Colombia,Montería,Platino,False,False,True,224,143,78940.0,22,16,9,False
9439,Uruguay,—,Bronce,False,True,True,0,0,0.0,20,7,9,False
9440,Colombia,Bogotá D.C.,Bronce,False,False,True,1,0,0.0,5,1,10,True
9441,Colombia,Cali,Bronce,False,False,True,3,2,916.0,26,1,6,True
9442,Colombia,Bogotá D.C.,Bronce,True,True,True,5,3,1516.0,9,4,10,True
9443,Colombia,Cali,Bronce,False,True,True,1,0,0.0,10,1,7,True
9444,Colombia,Cali,Bronce,False,False,False,1,0,0.0,30,2,6,True
9445,México,—,Plata,True,False,True,22,18,12702.0,6,32,6,False
9446,Colombia,Bucaramanga,Bronce,False,False,True,2,1,756.0,41,6,6,True
9447,Ecuador,—,Bronce,False,False,True,0,0,0.0,16,3,7,True
9448,Colombia,Medellín,Bronce,True,False,True,2,1,593.0,57,21,8,False
9449,Colombia,Cali,Bronce,False,False,True,1,0,0.0,24,6,7,True
9450,Colombia,Bogotá D.C.,Bronce,True,False,True,0,0,0.0,24,0,9,True
9451,México,—,Bronce,False,True,True,7,5,2875.0,4,9,10,False
9452,Colombia,Cali,Bronce,True,False,False,0,0,0.0,34,11,9,False
9453,Colombia,Villavicencio,Bronce,False,False,True,2,1,623.0,15,4,5,True
9454,México,—,Plata,True,True,True,8,7,3553.0,61,2,10,True
9455,Colombia,Santa Marta,Bronce,True,False,True,2,1,273.0,61,0,9,True
9456,Colombia,Barranquilla,Bronce,False,False,True,1,0,0.0,25,5,8,True
9457,México,—,Bronce,True,True,True,7,5,2849.0,10,16,7,False
9458,Colombia,Armenia,Bronce,True,False,True,0,0,0.0,39,12,6,False
9459,Ecuador,—,Bronce,True,True,False,2,1,544.0,15,0,8,True
9460,Colombia,Cartagena,Bronce,False,False,True,5,3,1821.0,22,8,7,False
9461,Colombia,Otras ciudades,Bronce,True,False,True,5,3,1131.0,8,5,7,True
9462,Colombia,Medellín,Bronce,False,True,False,1,0,0.0,17,2,6,True
9463,Colombia,Pereira,Bronce,False,False,True,3,2,937.0,32,1,4,True
9464,Colombia,Bogotá D.C.,Bronce,False,False,True,0,0,0.0,8,9,3,False
9465,Perú,—,Bronce,False,False,True,3,2,833.0,17,2,8,True
9466,Uruguay,—,Plata,False,False,True,11,9,4174.0,16,1,9,True
9467,Colombia,Bogotá D.C.,Bronce,False,True,True,1,0,0.0,28,14,3,False
9468,Colombia,Bogotá D.C.,Bronce,True,False,True,2,1,577.0,11,7,8,False
9469,Colombia,Cartagena,Bronce,False,False,True,6,5,2378.0,2,21,10,False
9470,Colombia,Cali,Bronce,False,True,True,1,0,0.0,34,14,7,False
9471,Colombia,Medellín,Plata,False,False,True,8,6,2222.0,47,7,8,False
9472,Colombia,Bogotá D.C.,Oro,True,False,True,28,22,15469.0,17,4,9,True
9473,Colombia,Neiva,Bronce,False,False,True,0,0,0.0,37,7,9,False
9474,Colombia,Medellín,Bronce,True,True,False,2,1,465.0,16,2,7,True
9475,Colombia,Bogotá D.C.,Plata,True,True,True,12,7,4115.0,17,2,8,True
9476,Colombia,Bogotá D.C.,Bronce,False,False,False,0,0,0.0,38,10,7,False
9477,Ecuador,—,Bronce,True,False,True,0,0,0.0,24,3,6,True
9478,Colombia,Bogotá D.C.,Plata,False,True,True,8,5,3275.0,27,7,9,False
9479,Colombia,Otras ciudades,Plata,False,False,True,8,7,3797.0,55,3,6,True
9480,Colombia,Otras ciudades,Bronce,True,False,True,4,3,1353.0,14,6,9,True
9481,Colombia,Barranquilla,Bronce,True,False,True,2,1,428.0,22,6,4,True
9482,Colombia,Cali,Bronce,True,False,False,2,1,440.0,7,4,9,True
9483,Ecuador,—,Bronce,True,True,False,0,0,0.0,32,10,10,False
9484,Colombia,Bucaramanga,Bronce,True,True,True,0,0,0.0,4,11,3,False
9485,Colombia,Medellín,Bronce,False,False,True,0,0,0.0,45,0,9,True
9486,Colombia,Pereira,Bronce,False,True,True,1,0,0.0,34,3,4,True
9487,Perú,—,Bronce,True,False,False,0,0,0.0,14,10,10,False
9488,Colombia,Bogotá D.C.,Platino,True,False,True,60,40,11926.0,6,5,7,True
9489,México,—,Bronce,True,True,True,1,0,0.0,6,1,10,True
9490,Uruguay,—,Bronce,False,True,True,4,2,1071.0,20,22,8,False
9491,Colombia,Bogotá D.C.,Bronce,False,False,True,0,0,0.0,61,2,10,True
9492,Ecuador,—,Plata,False,False,True,9,5,2647.0,22,8,8,False
9493,México,—,Bronce,True,False,True,0,0,0.0,45,3,8,True
9494,México,—,Bronce,True,True,True,1,0,0.0,10,4,8,True
9495,Uruguay,—,Bronce,False,True,True,1,0,0.0,54,5,6,True
9496,Chile,—,Bronce,False,False,True,2,1,688.0,18,5,7,True
9497,Colombia,Barranquilla,Bronce,True,False,True,0,0,0.0,35,3,8,True
9498,México,—,Bronce,False,True,True,1,0,0.0,27,4,7,True
9499,Colombia,Otras ciudades,Bronce,True,False,False,2,1,586.0,134,4,6,True
9500,México,—,Bronce,True,False,True,1,0,0.0,76,3,10,True
9501,Colombia,Bogotá D.C.,Plata,False,False,True,9,7,3261.0,54,5,9,True
9502,Colombia,Otras ciudades,Bronce,False,False,True,0,0,0.0,48,2,6,True
9503,Colombia,Cali,Bronce,False,False,False,0,0,0.0,2,3,10,True
9504,Colombia,Otras ciudades,Bronce,True,False,True,0,0,0.0,24,8,9,False
9505,México,—,Bronce,False,True,True,1,0,0.0,18,1,8,True
9506,Colombia,Bogotá D.C.,Plata,True,True,True,15,9,2567.0,1,6,7,True
9507,Colombia,Cali,Platino,True,False,True,77,55,30221.0,8,2,9,True
9508,Colombia,Bogotá D.C.,Oro,True,False,True,45,39,22348.0,29,2,10,True
9509,Uruguay,—,Bronce,False,False,True,1,0,0.0,23,4,7,True
9510,Colombia,Bucaramanga,Bronce,False,False,True,0,0,0.0,14,3,10,True
9511,Colombia,Pereira,Bronce,False,False,True,3,2,545.0,27,5,5,True
9512,Colombia,Bogotá D.C.,Bronce,True,False,True,3,1,511.0,41,9,9,False
9513,Colombia,Valledupar,Bronce,True,True,False,4,3,1102.0,61,0,4,True
9514,Colombia,Bogotá D.C.,Bronce,False,False,True,1,0,0.0,12,9,9,False
9515,Colombia,Barranquilla,Bronce,True,False,False,4,3,1429.0,4,3,7,True
9516,Ecuador,—,Plata,True,False,True,19,15,6865.0,22,1,8,True
9517,Colombia,Medellín,Bronce,False,True,False,1,0,0.0,21,2,8,True
9518,México,—,Bronce,True,True,True,1,0,0.0,9,1,8,True
9519,México,—,Bronce,False,False,True,3,1,376.0,53,9,9,False
9520,México,—,Bronce,True,True,False,0,0,0.0,16,0,10,True
9521,México,—,Bronce,False,True,True,0,0,0.0,14,5,7,True
9522,México,—,Bronce,True,False,False,6,5,2362.0,84,7,8,False
9523,Colombia,Medellín,Bronce,False,False,True,1,0,0.0,19,15,4,False
9524,Colombia,Ibagué,Plata,False,False,True,20,18,10086.0,14,0,7,True
9525,Ecuador,—,Plata,False,True,False,8,5,2852.0,30,9,2,False
9526,Colombia,Medellín,Bronce,False,False,True,0,0,0.0,16,11,9,False
9527,Ecuador,—,Bronce,False,False,True,0,0,0.0,19,2,10,True
9528,Ecuador,—,Plata,False,True,True,11,7,3722.0,51,5,7,True
9529,Ecuador,—,Plata,False,False,False,9,6,3558.0,48,10,10,False
9530,Colombia,Barranquilla,Bronce,False,True,True,0,0,0.0,9,5,7,True
9531,Colombia,Bogotá D.C.,Bronce,True,True,True,2,1,543.0,20,3,10,True
9532,Colombia,Ibagué,Bronce,False,True,True,0,0,0.0,43,14,5,False
9533,Colombia,Bogotá D.C.,Bronce,True,True,True,5,3,1273.0,22,0,10,True
9534,México,—,Bronce,True,True,True,4,3,1357.0,21,5,5,True
9535,Colombia,Manizales,Plata,True,False,True,16,13,5909.0,110,2,6,True
9536,Ecuador,—,Bronce,False,False,True,1,0,0.0,48,5,9,True
9537,México,—,Bronce,False,True,False,0,0,0.0,19,0,6,True
9538,Colombia,Barranquilla,Bronce,False,True,True,0,0,0.0,21,2,9,True
9539,Colombia,Cartagena,Bronce,False,True,True,7,5,2094.0,29,6,5,True
9540,Colombia,Cartagena,Bronce,False,True,True,0,0,0.0,10,0,9,True
9541,Colombia,Medellín,Bronce,False,False,True,2,1,534.0,29,16,9,False
9542,México,—,Bronce,True,False,True,1,0,0.0,55,4,4,True
9543,Colombia,Pereira,Bronce,True,False,True,0,0,0.0,29,2,6,True
9544,Uruguay,—,Bronce,True,False,True,2,1,635.0,34,1,7,True
9545,Colombia,Otras ciudades,Bronce,True,False,True,0,0,0.0,89,9,7,False
9546,Colombia,Otras ciudades,Bronce,False,True,False,0,0,0.0,1,3,5,True
9547,Ecuador,—,Platino,True,True,True,68,58,42072.0,46,1,9,True
9548,Colombia,Cali,Bronce,False,False,True,5,3,2042.0,24,13,7,False
9549,Chile,—,Plata,False,False,True,10,8,3336.0,20,1,10,True
9550,Colombia,Bogotá D.C.,Bronce,True,False,True,0,0,0.0,38,9,7,False
9551,Colombia,Cali,Bronce,False,False,True,0,0,0.0,27,15,4,False
9552,Colombia,Bogotá D.C.,Plata,False,False,True,12,10,3742.0,8,3,6,True
9553,Colombia,Bogotá D.C.,Bronce,False,True,False,0,0,0.0,39,1,6,True
9554,Colombia,Cali,Bronce,False,False,True,1,0,0.0,53,3,8,True
9555,Colombia,Bogotá D.C.,Bronce,False,False,True,2,1,443.0,54,2,9,True
9556,México,—,Bronce,False,False,True,0,0,0.0,11,3,7,True
9557,Colombia,Medellín,Bronce,True,False,False,2,1,541.0,10,6,7,True
9558,Colombia,Bogotá D.C.,Bronce,False,True,True,5,4,1339.0,61,9,8,False
9559,Colombia,Pereira,Bronce,True,False,False,0,0,0.0,8,1,10,True
9560,Ecuador,—,Bronce,False,False,True,0,0,0.0,44,3,9,True
9561,Colombia,Medellín,Bronce,True,False,True,1,0,0.0,11,1,6,True
9562,Colombia,Bogotá D.C.,Bronce,False,True,True,0,0,0.0,10,8,6,False
9563,Ecuador,—,Bronce,False,True,True,0,0,0.0,43,3,6,True
9564,Colombia,Cali,Bronce,False,False,True,0,0,0.0,41,5,6,True
9565,Perú,—,Bronce,False,False,True,5,3,1177.0,17,5,7,True
9566,Perú,—,Bronce,True,False,True,4,3,1323.0,67,14,8,False
9567,Colombia,Medellín,Bronce,False,False,False,1,0,0.0,22,2,7,True
9568,Uruguay,—,Bronce,True,False,False,0,0,0.0,54,5,6,True
9569,México,—,Bronce,True,True,True,3,2,1050.0,56,21,8,False
9570,México,—,Bronce,True,False,True,4,2,1007.0,9,1,7,True
9571,Colombia,Cúcuta,Bronce,False,False,True,0,0,0.0,41,3,7,True
9572,Colombia,Medellín,Bronce,True,False,True,1,0,0.0,5,3,8,True
9573,Colombia,Cartagena,Bronce,True,False,True,1,0,0.0,33,12,8,False
9574,Ecuador,—,Bronce,False,True,True,1,0,0.0,67,6,8,True
9575,Colombia,Bogotá D.C.,Bronce,False,False,True,0,0,0.0,17,6,6,True
9576,Colombia,Bucaramanga,Bronce,False,True,True,4,2,913.0,30,9,9,False
9577,Colombia,Valledupar,Bronce,False,True,True,7,4,1113.0,28,2,10,True
9578,Colombia,Bogotá D.C.,Bronce,True,False,True,0,0,0.0,15,1,6,True
9579,Colombia,Cali,Oro,True,False,True,27,18,6519.0,40,8,6,False
9580,Colombia,Bogotá D.C.,Bronce,False,False,True,0,0,0.0,5,0,2,True
9581,Colombia,Cali,Bronce,False,True,True,0,0,0.0,27,9,10,False
9582,México,—,Bronce,False,False,True,3,1,502.0,71,14,5,False
9583,Colombia,Cali,Bronce,True,False,True,0,0,0.0,61,3,8,True
9584,Colombia,Bogotá D.C.,Bronce,False,True,False,3,2,981.0,99,40,8,False
9585,Perú,—,Bronce,True,True,False,1,0,0.0,15,1,6,True
9586,Colombia,Medellín,Bronce,False,False,True,0,0,0.0,6,5,4,True
9587,Colombia,Bogotá D.C.,Bronce,True,False,True,5,3,1614.0,55,5,8,True
9588,Colombia,Bogotá D.C.,Bronce,True,False,True,5,4,1860.0,62,0,10,True
9589,Colombia,Bogotá D.C.,Bronce,False,True,False,0,0,0.0,49,3,4,True
9590,México,—,Bronce,False,True,False,1,0,0.0,28,8,10,False
9591,Colombia,Barranquilla,Bronce,True,True,True,1,0,0.0,128,4,5,True
9592,Colombia,Ibagué,Bronce,False,True,False,0,0,0.0,135,7,5,False
9593,Colombia,Barranquilla,Plata,False,False,True,8,6,2901.0,46,26,6,False
9594,México,—,Bronce,False,False,False,0,0,0.0,30,3,10,True
9595,México,—,Bronce,False,False,True,0,0,0.0,26,1,6,True
9596,Colombia,Otras ciudades,Bronce,True,True,True,2,1,463.0,39,1,10,True
9597,Colombia,Medellín,Bronce,False,False,True,2,1,639.0,64,11,6,False
9598,Ecuador,—,Bronce,True,True,True,3,2,864.0,15,10,5,False
9599,Colombia,Montería,Bronce,False,True,True,1,0,0.0,60,1,9,True
9600,Colombia,Medellín,Bronce,True,False,True,2,1,472.0,13,1,6,True
9601,Uruguay,—,Bronce,True,False,True,0,0,0.0,4,6,5,True
9602,México,—,Bronce,True,False,True,0,0,0.0,10,5,6,True
9603,Colombia,Otras ciudades,Bronce,True,True,True,0,0,0.0,32,3,5,True
9604,Colombia,Bogotá D.C.,Bronce,False,False,True,4,3,1560.0,8,8,8,False
9605,Colombia,Bogotá D.C.,Bronce,False,False,True,2,1,624.0,14,4,9,True
9606,Colombia,Bogotá D.C.,Oro,True,False,False,47,43,20575.0,23,8,7,False
9607,Colombia,Medellín,Bronce,True,True,True,1,0,0.0,9,8,6,False
9608,Colombia,Otras ciudades,Bronce,False,False,True,2,1,364.0,64,1,7,True
9609,Colombia,Pereira,Bronce,False,False,True,1,0,0.0,25,6,10,True
9610,Colombia,Otras ciudades,Bronce,False,False,False,2,1,521.0,15,4,4,True
9611,Colombia,Otras ciudades,Bronce,False,False,False,1,0,0.0,56,7,8,False
9612,Colombia,Cali,Bronce,False,False,True,0,0,0.0,20,0,10,True
9613,Chile,—,Plata,False,False,True,17,12,6287.0,27,6,3,True
9614,México,—,Oro,True,True,True,37,31,13699.0,10,4,8,True
9615,Colombia,Medellín,Bronce,True,False,True,0,0,0.0,21,1,4,True
9616,Colombia,Bogotá D.C.,Bronce,True,True,True,1,0,0.0,19,9,8,False
9617,Colombia,Bogotá D.C.,Bronce,True,False,True,1,0,0.0,14,9,1,False
9618,Colombia,Barranquilla,Bronce,False,False,True,0,0,0.0,97,5,5,True
9619,Colombia,Barranquilla,Bronce,True,True,False,1,0,0.0,11,11,10,False
9620,Ecuador,—,Bronce,False,False,True,0,0,0.0,11,9,3,False
9621,Colombia,Cali,Plata,True,False,True,8,6,2909.0,64,1,6,True
9622,Colombia,Bogotá D.C.,Bronce,True,False,False,3,2,798.0,92,4,9,True
9623,Colombia,Bogotá D.C.,Bronce,False,True,True,0,0,0.0,14,5,6,True
9624,Colombia,Villavicencio,Plata,True,False,True,21,16,8461.0,12,3,10,True
9625,Colombia,Bogotá D.C.,Bronce,True,True,False,1,0,0.0,12,1,10,True
9626,México,—,Bronce,True,True,True,1,0,0.0,6,5,8,True
9627,Chile,—,Bronce,True,True,True,1,0,0.0,45,6,5,True
9628,Perú,—,Bronce,True,True,True,2,1,593.0,90,0,7,True
9629,Uruguay,—,Bronce,True,False,True,7,4,2784.0,6,4,2,True
9630,Colombia,Manizales,Plata,True,False,False,12,10,5306.0,22,6,5,True
9631,Colombia,Bogotá D.C.,Bronce,False,False,True,0,0,0.0,8,17,9,False
9632,Colombia,Otras ciudades,Bronce,False,False,False,1,0,0.0,40,4,10,True
9633,Colombia,Bogotá D.C.,Bronce,True,False,False,0,0,0.0,46,9,6,False
9634,Colombia,Cali,Bronce,False,True,False,0,0,0.0,3,12,7,False
9635,Colombia,Bogotá D.C.,Bronce,True,True,True,3,2,974.0,20,1,10,True
9636,Colombia,Medellín,Bronce,False,True,True,0,0,0.0,27,2,5,True
9637,México,—,Bronce,False,False,True,2,1,613.0,56,7,8,False
9638,México,—,Bronce,False,False,True,3,2,1043.0,10,6,10,True
9639,Colombia,Cúcuta,Bronce,True,True,True,0,0,0.0,33,1,9,True
9640,México,—,Bronce,False,False,False,0,0,0.0,4,6,9,True
9641,Colombia,Medellín,Bronce,True,False,True,6,4,1155.0,31,3,8,True
9642,Colombia,Bogotá D.C.,Bronce,False,False,True,0,0,0.0,40,5,9,True
9643,Uruguay,—,Bronce,False,False,False,0,0,0.0,21,4,7,True
9644,Colombia,Barranquilla,Bronce,True,False,False,1,0,0.0,36,1,7,True
9645,Colombia,Cartagena,Bronce,False,False,True,2,1,503.0,7,2,9,True
9646,Colombia,Otras ciudades,Plata,True,False,True,15,12,5312.0,123,16,4,False
9647,México,—,Bronce,True,False,True,0,0,0.0,28,3,9,True
9648,Colombia,Cali,Bronce,True,False,True,0,0,0.0,20,6,5,True
9649,Ecuador,—,Plata,False,False,False,10,8,4150.0,34,4,5,True
9650,Colombia,Cúcuta,Bronce,False,False,True,0,0,0.0,67,10,4,False
9651,Chile,—,Plata,True,False,True,11,6,2995.0,2,1,10,True
9652,Colombia,Bogotá D.C.,Bronce,False,False,True,3,1,665.0,2,2,8,True
9653,Colombia,Bogotá D.C.,Plata,False,True,False,8,6,2727.0,47,3,8,True
9654,Ecuador,—,Bronce,False,False,True,0,0,0.0,35,1,6,True
9655,Colombia,Bogotá D.C.,Bronce,False,False,False,1,0,0.0,26,1,5,True
9656,Colombia,Pasto,Bronce,False,True,True,0,0,0.0,16,1,10,True
9657,Ecuador,—,Bronce,False,False,True,0,0,0.0,7,2,9,True
9658,Colombia,Cartagena,Plata,False,True,True,11,7,2334.0,77,6,10,True
9659,Colombia,Valledupar,Bronce,False,True,False,1,0,0.0,19,7,5,False
9660,Colombia,Cali,Bronce,False,False,True,6,4,1918.0,35,12,4,False
9661,Colombia,Ibagué,Bronce,True,False,True,0,0,0.0,40,5,8,True
9662,México,—,Plata,False,False,True,12,9,3180.0,3,8,10,False
9663,Colombia,Ibagué,Oro,True,False,True,36,24,11433.0,24,1,4,True
9664,Ecuador,—,Bronce,False,False,True,1,0,0.0,10,3,3,True
9665,Colombia,Manizales,Bronce,False,True,True,2,1,496.0,12,9,7,False
9666,México,—,Bronce,True,False,True,4,2,1096.0,14,4,10,True
9667,México,—,Bronce,False,True,True,1,0,0.0,24,2,6,True
9668,México,—,Bronce,False,False,True,2,1,466.0,47,6,5,True
9669,México,—,Bronce,True,False,True,3,1,531.0,33,12,2,False
9670,Colombia,Bogotá D.C.,Bronce,False,False,True,6,3,1694.0,43,1,9,True
9671,Colombia,Bogotá D.C.,Bronce,False,True,True,2,1,639.0,27,12,5,False
9672,Colombia,Pasto,Plata,True,False,True,11,8,4845.0,25,0,7,True
9673,Colombia,Cúcuta,Bronce,False,False,True,2,1,532.0,23,15,6,False
9674,Colombia,Medellín,Bronce,True,False,True,1,0,0.0,22,6,7,True
9675,México,—,Bronce,True,True,True,0,0,0.0,32,6,4,True
9676,Chile,—,Bronce,False,False,True,0,0,0.0,30,3,10,True
9677,Colombia,Cartagena,Bronce,True,False,False,3,1,361.0,45,1,9,True
9678,Colombia,Pasto,Bronce,False,False,True,5,4,2536.0,50,6,7,True
9679,Colombia,Medellín,Bronce,True,False,True,0,0,0.0,9,7,5,False
9680,Colombia,Barranquilla,Bronce,False,False,True,2,1,597.0,41,7,9,False
9681,Colombia,Bogotá D.C.,Bronce,True,False,False,0,0,0.0,64,16,6,False
9682,Chile,—,Bronce,False,False,True,4,3,1290.0,20,3,8,True
9683,Colombia,Barranquilla,Bronce,True,False,False,0,0,0.0,73,0,10,True
9684,Colombia,Ibagué,Plata,False,False,True,12,11,5609.0,71,0,7,True
9685,Perú,—,Bronce,True,False,True,1,0,0.0,21,2,10,True
9686,México,—,Bronce,False,False,True,3,2,1024.0,16,19,6,False
9687,México,—,Bronce,True,False,False,2,1,314.0,4,8,2,False
9688,Colombia,Medellín,Plata,True,True,True,8,5,1797.0,18,4,7,True
9689,Ecuador,—,Bronce,False,False,True,0,0,0.0,51,3,6,True
9690,Uruguay,—,Bronce,True,True,False,0,0,0.0,28,9,7,False
9691,Colombia,Bogotá D.C.,Bronce,False,True,True,0,0,0.0,51,0,9,True
9692,Colombia,Medellín,Plata,False,False,False,19,11,5911.0,25,0,10,True
9693,México,—,Bronce,True,False,True,2,1,604.0,21,13,10,False
9694,Colombia,Bogotá D.C.,Bronce,True,False,True,5,3,1280.0,40,4,4,True
9695,Colombia,Bogotá D.C.,Oro,True,True,True,43,38,22344.0,36,5,10,True
9696,Colombia,Cartagena,Bronce,True,False,True,1,0,0.0,8,6,7,True
9697,Colombia,Barranquilla,Plata,True,False,False,16,14,7334.0,21,13,9,False
9698,Ecuador,—,Bronce,False,False,True,0,0,0.0,5,6,6,True
9699,Perú,—,Bronce,False,False,True,0,0,0.0,15,1,2,True
9700,Perú,—,Bronce,True,True,True,0,0,0.0,5,2,10,True
9701,Colombia,Villavicencio,Bronce,True,False,True,2,1,421.0,7,3,7,True
9702,Colombia,Montería,Bronce,False,False,True,2,1,754.0,23,2,10,True
9703,México,—,Bronce,False,False,True,0,0,0.0,21,6,8,True
9704,Colombia,Otras ciudades,Bronce,False,True,True,0,0,0.0,30,13,8,False
9705,Colombia,Barranquilla,Bronce,False,False,True,7,5,2554.0,80,5,10,True
9706,México,—,Bronce,False,False,True,0,0,0.0,15,9,8,False
9707,Colombia,Barranquilla,Bronce,True,True,True,0,0,0.0,8,7,10,False
9708,México,—,Bronce,True,True,True,0,0,0.0,72,5,8,True
9709,México,—,Bronce,True,False,True,0,0,0.0,21,0,4,True
9710,Uruguay,—,Bronce,True,False,True,3,1,490.0,12,6,10,True
9711,Colombia,Montería,Bronce,False,True,False,0,0,0.0,25,2,7,True
9712,Colombia,Bogotá D.C.,Bronce,False,False,False,0,0,0.0,86,1,8,True
9713,Colombia,Cartagena,Bronce,False,True,True,4,3,1377.0,10,28,7,False
9714,Colombia,Cali,Bronce,False,False,True,0,0,0.0,17,1,7,True
9715,Chile,—,Plata,True,False,False,12,11,8311.0,37,5,8,True
9716,Colombia,Bogotá D.C.,Bronce,False,False,True,0,0,0.0,7,25,9,False
9717,Colombia,Cali,Oro,False,True,True,25,20,8456.0,11,3,8,True
9718,Colombia,Bogotá D.C.,Bronce,False,False,False,0,0,0.0,11,2,5,True
9719,Colombia,Medellín,Bronce,False,False,True,0,0,0.0,29,13,4,False
9720,México,—,Plata,False,False,True,9,5,1338.0,84,2,9,True
9721,Colombia,Medellín,Bronce,True,False,True,2,1,570.0,73,11,4,False
9722,Colombia,Bogotá D.C.,Bronce,True,False,True,2,1,452.0,14,3,9,True
9723,Ecuador,—,Bronce,True,False,True,2,1,434.0,1,7,7,False
9724,Colombia,Cali,Bronce,False,False,True,0,0,0.0,11,5,7,True
9725,Colombia,Bogotá D.C.,Bronce,True,False,True,0,0,0.0,1,4,8,True
9726,Colombia,Cali,Bronce,True,False,False,2,1,344.0,16,0,9,True
9727,Ecuador,—,Bronce,False,True,True,1,0,0.0,21,4,7,True
9728,Colombia,Bogotá D.C.,Bronce,False,False,True,1,0,0.0,28,1,5,True
9729,Colombia,Bogotá D.C.,Bronce,True,False,False,3,2,1441.0,50,6,6,True
9730,México,—,Bronce,False,False,False,1,0,0.0,29,3,4,True
9731,Ecuador,—,Bronce,False,False,True,6,5,2316.0,34,7,6,False
9732,México,—,Plata,True,False,True,18,11,5654.0,20,1,2,True
9733,México,—,Plata,False,False,True,11,7,2391.0,33,3,7,True
9734,Colombia,Bucaramanga,Bronce,False,False,True,5,4,1447.0,36,14,10,False
9735,Colombia,Ibagué,Bronce,False,False,True,1,0,0.0,23,8,3,False
9736,Colombia,Bogotá D.C.,Bronce,True,False,True,0,0,0.0,72,7,10,False
9737,Colombia,Pereira,Plata,True,False,True,11,9,5625.0,35,2,8,True
9738,Colombia,Manizales,Bronce,False,True,True,5,3,1658.0,87,3,6,True
9739,Chile,—,Bronce,False,False,False,1,0,0.0,11,2,7,True
9740,México,—,Bronce,False,False,True,0,0,0.0,45,0,7,True
9741,México,—,Bronce,True,True,True,3,2,853.0,8,2,1,True
9742,Colombia,Cali,Bronce,True,True,True,5,4,1571.0,15,5,6,True
9743,México,—,Bronce,True,False,True,6,5,3014.0,14,8,5,False
9744,Colombia,Cali,Bronce,True,True,True,0,0,0.0,17,4,7,True
9745,Colombia,Cartagena,Bronce,False,False,True,3,1,356.0,36,1,10,True
9746,Perú,—,Bronce,False,True,True,0,0,0.0,35,14,5,False
9747,Ecuador,—,Bronce,False,False,False,0,0,0.0,20,22,6,False
9748,Uruguay,—,Plata,False,False,True,9,7,3427.0,4,1,6,True
9749,Colombia,Medellín,Bronce,True,True,False,1,0,0.0,41,0,3,True
9750,Colombia,Pereira,Bronce,False,False,False,1,0,0.0,20,0,9,True
9751,Colombia,Medellín,Bronce,True,True,True,0,0,0.0,10,9,10,False
9752,Colombia,Otras ciudades,Oro,False,False,True,56,35,13150.0,29,4,10,True
9753,Colombia,Bogotá D.C.,Bronce,False,True,False,0,0,0.0,22,10,10,False
9754,Colombia,Medellín,Bronce,True,False,True,2,1,534.0,11,11,10,False
9755,Uruguay,—,Bronce,True,False,True,0,0,0.0,31,2,4,True
9756,Colombia,Bogotá D.C.,Bronce,False,False,True,2,1,363.0,68,0,8,True
9757,Colombia,Medellín,Bronce,False,False,False,1,0,0.0,18,3,8,True
9758,Uruguay,—,Bronce,False,False,True,1,0,0.0,4,1,7,True
9759,Colombia,Bogotá D.C.,Bronce,True,False,True,3,2,746.0,17,10,8,False
9760,Colombia,Bucaramanga,Oro,False,True,True,29,19,7107.0,44,6,9,True
9761,Perú,—,Bronce,False,False,True,0,0,0.0,27,5,8,True
9762,Colombia,Bogotá D.C.,Bronce,True,False,True,0,0,0.0,35,3,7,True
9763,Ecuador,—,Bronce,False,True,False,5,3,1650.0,35,2,6,True
9764,Ecuador,—,Bronce,False,False,False,1,0,0.0,16,9,10,False
9765,Ecuador,—,Bronce,True,False,True,0,0,0.0,67,1,3,True
9766,Colombia,Cali,Bronce,False,False,True,0,0,0.0,28,6,4,True
9767,Ecuador,—,Bronce,True,True,True,0,0,0.0,27,2,9,True
9768,México,—,Bronce,False,False,True,2,1,433.0,6,3,5,True
9769,Colombia,Bogotá D.C.,Bronce,False,True,True,0,0,0.0,42,4,9,True
9770,Colombia,Cartagena,Oro,False,False,True,37,26,15767.0,27,11,3,False
9771,Colombia,Cali,Bronce,True,True,True,0,0,0.0,93,13,6,False
9772,Colombia,Bogotá D.C.,Bronce,False,False,True,1,0,0.0,70,1,8,True
9773,Colombia,Otras ciudades,Oro,False,False,True,42,39,19363.0,35,10,7,False
9774,Chile,—,Bronce,False,False,True,0,0,0.0,47,5,5,True
9775,Ecuador,—,Bronce,True,True,True,0,0,0.0,7,19,8,False
9776,Colombia,Cali,Bronce,False,False,True,1,0,0.0,27,1,3,True
9777,Colombia,Bogotá D.C.,Bronce,False,False,False,1,0,0.0,6,4,8,True
9778,Ecuador,—,Bronce,True,False,True,7,4,1560.0,11,1,4,True
9779,Colombia,Bogotá D.C.,Bronce,False,False,True,2,1,527.0,28,12,9,False
9780,Colombia,Bogotá D.C.,Bronce,False,True,True,0,0,0.0,28,11,1,False
9781,México,—,Bronce,False,False,True,4,2,1104.0,36,5,4,True
9782,México,—,Plata,True,False,False,8,5,2694.0,2,1,8,True
9783,Perú,—,Bronce,False,False,True,0,0,0.0,41,5,10,True
9784,Ecuador,—,Platino,False,True,True,248,171,83182.0,14,4,3,True
9785,Ecuador,—,Bronce,False,True,True,2,1,381.0,10,16,8,False
9786,Colombia,Bogotá D.C.,Bronce,True,False,True,3,2,1054.0,40,8,7,False
9787,Colombia,Cúcuta,Plata,False,True,True,23,13,9381.0,12,6,7,True
9788,Colombia,Bogotá D.C.,Bronce,False,False,True,0,0,0.0,48,7,10,False
9789,Colombia,Pereira,Plata,False,True,True,15,12,3647.0,29,2,10,True
9790,Uruguay,—,Bronce,True,True,True,0,0,0.0,31,2,5,True
9791,Colombia,Cali,Plata,True,False,True,8,6,2978.0,38,8,10,False
9792,Colombia,Cali,Plata,True,False,True,8,7,2227.0,59,11,6,False
9793,México,—,Bronce,False,False,True,1,0,0.0,17,3,9,True
9794,Perú,—,Bronce,False,True,True,1,0,0.0,87,2,4,True
9795,Ecuador,—,Bronce,False,False,True,0,0,0.0,6,4,7,True
9796,Colombia,Medellín,Plata,True,False,True,16,13,6707.0,54,0,10,True
9797,Colombia,Bogotá D.C.,Bronce,True,True,True,0,0,0.0,27,8,9,False
9798,Ecuador,—,Bronce,True,True,False,1,0,0.0,24,14,8,False
9799,México,—,Bronce,False,False,True,1,0,0.0,19,4,7,True
9800,México,—,Bronce,False,True,False,1,0,0.0,5,1,7,True
9801,Colombia,Barranquilla,Bronce,False,False,True,1,0,0.0,21,6,6,True
9802,Colombia,Otras ciudades,Bronce,False,False,True,0,0,0.0,9,6,7,True
9803,Colombia,Medellín,Bronce,True,False,True,0,0,0.0,56,3,7,True
9804,Colombia,Armenia,Bronce,False,False,True,0,0,0.0,42,12,9,False
9805,Colombia,Bogotá D.C.,Bronce,True,False,True,6,4,2238.0,6,7,9,False
9806,Colombia,Medellín,Plata,False,False,True,14,9,4631.0,61,23,5,False
9807,Colombia,Medellín,Bronce,False,False,True,1,0,0.0,16,10,10,False
9808,Perú,—,Bronce,True,True,True,1,0,0.0,15,3,4,True
9809,Perú,—,Plata,True,False,True,10,8,4004.0,13,5,8,True
9810,México,—,Bronce,True,True,False,5,4,2183.0,5,8,5,False
9811,Ecuador,—,Bronce,True,True,True,1,0,0.0,29,3,8,True
9812,Colombia,Bogotá D.C.,Bronce,False,True,False,1,0,0.0,28,0,8,True
9813,Ecuador,—,Bronce,False,True,True,0,0,0.0,4,2,6,True
9814,Colombia,Armenia,Bronce,False,False,True,0,0,0.0,22,8,3,False
9815,Colombia,Otras ciudades,Bronce,False,True,True,7,4,1939.0,45,4,5,True
9816,Colombia,Cartagena,Plata,False,True,True,14,10,5917.0,65,3,7,True
9817,México,—,Bronce,False,True,True,7,4,1077.0,9,1,6,True
9818,Colombia,Bogotá D.C.,Bronce,True,False,True,3,2,1333.0,21,3,4,True
9819,Colombia,Bogotá D.C.,Bronce,True,True,True,2,1,410.0,3,2,7,True
9820,México,—,Bronce,False,False,True,0,0,0.0,5,1,8,True
9821,Colombia,Bucaramanga,Bronce,True,False,True,0,0,0.0,13,6,7,True
9822,Colombia,Otras ciudades,Plata,True,False,True,8,5,1913.0,24,2,7,True
9823,México,—,Bronce,True,False,True,3,2,1088.0,33,0,8,True
9824,Colombia,Barranquilla,Bronce,True,False,True,0,0,0.0,15,1,3,True
9825,Uruguay,—,Bronce,False,False,True,4,2,585.0,40,5,6,True
9826,Ecuador,—,Bronce,True,True,True,5,3,1976.0,28,20,5,False
9827,Ecuador,—,Bronce,True,False,True,4,2,1294.0,25,6,6,True
9828,Perú,—,Bronce,False,False,True,2,1,492.0,17,5,6,True
9829,Colombia,Medellín,Bronce,False,False,True,0,0,0.0,40,5,8,True
9830,México,—,Bronce,False,True,True,0,0,0.0,7,7,10,False
9831,Colombia,Bogotá D.C.,Bronce,False,False,True,3,2,555.0,73,4,9,True
9832,Ecuador,—,Bronce,False,False,True,0,0,0.0,21,5,7,True
9833,Colombia,Bogotá D.C.,Bronce,False,True,True,2,1,483.0,10,6,5,True
9834,México,—,Bronce,True,False,True,0,0,0.0,15,10,5,False
9835,Ecuador,—,Bronce,False,True,True,0,0,0.0,18,1,3,True
9836,Colombia,Bogotá D.C.,Bronce,False,False,False,0,0,0.0,5,14,7,False
9837,Ecuador,—,Bronce,False,True,True,0,0,0.0,10,2,9,True
9838,Perú,—,Bronce,True,False,True,0,0,0.0,42,3,9,True
9839,Colombia,Bogotá D.C.,Bronce,False,False,True,0,0,0.0,44,5,6,True
9840,México,—,Bronce,False,False,False,4,3,1050.0,35,3,4,True
9841,Colombia,Otras ciudades,Platino,True,True,False,70,45,22496.0,24,3,7,True
9842,Colombia,Bogotá D.C.,Bronce,True,False,True,0,0,0.0,65,3,7,True
9843,México,—,Bronce,True,False,True,3,1,446.0,3,11,9,False
9844,Colombia,Bogotá D.C.,Bronce,True,False,False,2,1,454.0,36,3,7,True
9845,Perú,—,Bronce,False,True,True,2,1,499.0,1,9,6,False
9846,Colombia,Bogotá D.C.,Bronce,True,False,True,2,1,375.0,30,14,7,False
9847,Colombia,Otras ciudades,Bronce,False,True,False,4,3,1675.0,28,5,7,True
9848,Colombia,Medellín,Bronce,False,True,False,3,1,689.0,24,2,9,True
9849,Colombia,Medellín,Bronce,False,False,False,0,0,0.0,69,1,9,True
9850,Colombia,Bogotá D.C.,Bronce,False,False,False,1,0,0.0,19,18,10,False
9851,Ecuador,—,Bronce,True,True,False,0,0,0.0,85,2,6,True
9852,Colombia,Barranquilla,Bronce,False,False,True,0,0,0.0,4,7,7,False
9853,Colombia,Bogotá D.C.,Bronce,False,False,True,0,0,0.0,12,5,6,True
9854,Colombia,Ibagué,Bronce,False,True,True,0,0,0.0,45,9,9,False
9855,Colombia,Bogotá D.C.,Bronce,False,True,True,5,3,1767.0,41,3,3,True
9856,Colombia,Bogotá D.C.,Bronce,True,False,False,0,0,0.0,92,1,7,True
9857,Ecuador,—,Oro,True,False,True,28,23,7666.0,5,4,9,True
9858,Colombia,Otras ciudades,Bronce,True,False,True,1,0,0.0,23,2,4,True
9859,Colombia,Bogotá D.C.,Bronce,False,False,True,0,0,0.0,43,11,7,False
9860,Colombia,Bogotá D.C.,Bronce,False,False,False,0,0,0.0,12,12,10,False
9861,México,—,Oro,True,True,True,41,35,10993.0,8,2,6,True
9862,Colombia,Otras ciudades,Bronce,False,False,True,0,0,0.0,3,5,10,True
9863,México,—,Bronce,False,False,False,0,0,0.0,1,2,9,True
9864,México,—,Bronce,True,False,True,4,2,502.0,10,1,7,True
9865,Colombia,Bogotá D.C.,Bronce,True,False,True,1,0,0.0,5,11,6,False
9866,Ecuador,—,Oro,True,False,True,33,22,12647.0,19,3,5,True
9867,Ecuador,—,Bronce,False,True,True,0,0,0.0,52,7,6,False
9868,Colombia,Bogotá D.C.,Bronce,True,False,False,0,0,0.0,36,5,5,True
9869,México,—,Bronce,True,False,True,5,3,1196.0,32,1,4,True
9870,Colombia,Barranquilla,Bronce,True,False,True,4,2,1219.0,39,8,8,False
9871,Colombia,Bogotá D.C.,Bronce,False,False,True,0,0,0.0,16,1,5,True
9872,Colombia,Armenia,Bronce,True,True,True,1,0,0.0,22,5,8,True
9873,Perú,—,Plata,True,True,False,8,5,3232.0,8,5,2,True
9874,Colombia,Bogotá D.C.,Bronce,False,False,True,2,1,337.0,23,5,9,True
9875,Colombia,Cali,Bronce,True,False,True,3,2,1075.0,14,13,9,False
9876,México,—,Bronce,False,False,True,3,2,974.0,20,0,4,True
9877,Ecuador,—,Bronce,False,False,True,5,3,1567.0,39,3,4,True
9878,Ecuador,—,Bronce,False,False,True,2,1,455.0,8,1,8,True
9879,Colombia,Medellín,Bronce,False,False,True,0,0,0.0,21,1,8,True
9880,Colombia,Barranquilla,Bronce,True,True,True,4,2,1068.0,5,1,8,True
9881,Colombia,Medellín,Bronce,False,False,True,3,2,894.0,4,8,9,False
9882,Colombia,Otras ciudades,Bronce,False,False,True,0,0,0.0,9,13,4,False
9883,México,—,Bronce,False,False,True,0,0,0.0,4,9,4,False
9884,Colombia,Cali,Bronce,True,False,True,3,1,392.0,25,0,6,True
9885,Colombia,Santa Marta,Bronce,True,True,True,0,0,0.0,27,4,5,True
9886,Colombia,Otras ciudades,Bronce,True,True,True,4,3,1958.0,25,2,8,True
9887,México,—,Plata,False,True,True,15,14,6569.0,10,4,4,True
9888,Colombia,Bogotá D.C.,Bronce,True,False,True,4,2,940.0,8,20,7,False
9889,Ecuador,—,Bronce,False,False,True,0,0,0.0,33,8,9,False
9890,Colombia,Medellín,Bronce,False,True,False,6,3,1951.0,28,8,9,False
9891,Colombia,Barranquilla,Bronce,False,False,True,2,1,503.0,64,0,10,True
9892,Ecuador,—,Bronce,True,False,True,3,2,1247.0,78,13,6,False
9893,México,—,Bronce,True,False,True,0,0,0.0,31,3,9,True
9894,Colombia,Medellín,Bronce,True,False,True,0,0,0.0,47,9,9,False
9895,Colombia,Bogotá D.C.,Plata,True,False,True,10,7,2832.0,26,5,8,True
9896,Colombia,Cartagena,Bronce,True,False,True,7,6,2375.0,16,5,8,True
9897,Perú,—,Bronce,True,False,True,2,1,397.0,35,10,10,False
9898,México,—,Bronce,False,True,True,5,4,2012.0,26,4,5,True
9899,Colombia,Bogotá D.C.,Bronce,False,True,False,2,1,296.0,45,10,8,False
9900,Colombia,Pereira,Bronce,True,False,True,0,0,0.0,15,6,6,True
9901,Colombia,Otras ciudades,Bronce,False,False,True,3,2,1088.0,65,18,3,False
9902,Colombia,Manizales,Bronce,True,False,True,4,3,1900.0,39,10,7,False
9903,México,—,Plata,False,True,True,11,8,2511.0,5,10,6,False
9904,Colombia,Barranquilla,Bronce,True,False,False,1,0,0.0,38,3,8,True
9905,Colombia,Bogotá D.C.,Bronce,False,True,True,0,0,0.0,6,2,8,True
9906,Perú,—,Bronce,True,False,True,7,6,2797.0,11,1,6,True
9907,México,—,Platino,True,False,False,84,65,37470.0,27,15,6,False
9908,Colombia,Medellín,Bronce,True,True,True,0,0,0.0,12,1,4,True
9909,Colombia,Cúcuta,Bronce,False,True,True,4,3,1959.0,15,3,4,True
9910,Uruguay,—,Bronce,False,True,False,2,1,440.0,15,13,6,False
9911,Perú,—,Bronce,False,False,True,3,1,757.0,10,7,4,False
9912,México,—,Bronce,False,True,True,1,0,0.0,12,0,7,True
9913,Colombia,Cartagena,Bronce,True,True,False,4,3,2055.0,25,4,5,True
9914,Colombia,Medellín,Bronce,True,True,True,4,3,1447.0,16,4,7,True
9915,México,—,Bronce,False,True,True,7,6,3529.0,22,2,9,True
9916,Colombia,Neiva,Bronce,False,False,True,3,2,1488.0,9,6,8,True
9917,Perú,—,Bronce,False,False,True,0,0,0.0,10,10,10,False
9918,Perú,—,Bronce,True,False,True,0,0,0.0,57,10,10,False
9919,Colombia,Bogotá D.C.,Bronce,False,False,True,3,2,1389.0,7,1,6,True
9920,Ecuador,—,Bronce,False,True,False,0,0,0.0,22,21,9,False
9921,México,—,Bronce,True,False,True,1,0,0.0,20,1,10,True
9922,Colombia,Popayán,Plata,False,True,True,8,6,3071.0,27,0,10,True
9923,México,—,Bronce,False,False,True,0,0,0.0,19,4,6,True
9924,Colombia,Medellín,Bronce,True,True,True,3,2,1151.0,87,18,10,False
9925,Colombia,Medellín,Plata,True,False,True,15,13,6144.0,27,10,10,False
9926,México,—,Bronce,True,False,True,0,0,0.0,39,3,5,True
9927,Colombia,Medellín,Bronce,False,True,True,0,0,0.0,47,7,3,False
9928,Colombia,Bogotá D.C.,Bronce,False,False,True,0,0,0.0,32,1,3,True
9929,Colombia,Bucaramanga,Bronce,True,False,True,4,2,1350.0,23,1,6,True
9930,México,—,Bronce,False,False,True,0,0,0.0,17,4,6,True
9931,México,—,Bronce,False,True,True,0,0,0.0,51,5,1,True
9932,Colombia,Barranquilla,Bronce,True,False,True,2,1,664.0,48,4,4,True
9933,Perú,—,Bronce,False,True,True,1,0,0.0,24,15,5,False
9934,Colombia,Bucaramanga,Bronce,False,False,True,1,0,0.0,150,15,10,False
9935,México,—,Bronce,False,False,True,0,0,0.0,1,26,10,False
9936,Perú,—,Bronce,False,False,True,0,0,0.0,12,2,6,True
9937,Chile,—,Bronce,False,False,True,0,0,0.0,60,2,10,True
9938,México,—,Bronce,False,False,False,0,0,0.0,19,3,8,True
9939,Colombia,Bogotá D.C.,Bronce,False,False,True,0,0,0.0,28,5,2,True
9940,México,—,Bronce,False,False,False,1,0,0.0,40,1,4,True
9941,México,—,Plata,True,False,True,11,7,2971.0,49,1,6,True
9942,Colombia,Medellín,Bronce,False,False,False,1,0,0.0,10,2,10,True
9943,Colombia,Santa Marta,Plata,False,True,True,8,5,2190.0,10,5,5,True
9944,Colombia,Bogotá D.C.,Bronce,True,True,True,7,5,3518.0,10,0,8,True
9945,Colombia,Medellín,Bronce,True,True,True,1,0,0.0,12,1,8,True
9946,México,—,Bronce,True,True,True,6,5,2982.0,9,0,7,True
9947,Colombia,Cali,Bronce,False,False,False,5,3,1846.0,32,20,9,False
9948,México,—,Bronce,False,False,True,0,0,0.0,22,2,10,True
9949,Colombia,Barranquilla,Bronce,True,False,True,1,0,0.0,17,8,7,False
9950,Colombia,Barranquilla,Bronce,True,False,True,0,0,0.0,9,0,5,True
9951,Colombia,Cali,Bronce,True,True,True,4,3,1128.0,21,3,8,True
9952,México,—,Bronce,False,False,True,7,6,2278.0,32,20,8,False
9953,Colombia,Bogotá D.C.,Bronce,True,False,True,2,1,358.0,37,1,2,True
9954,México,—,Plata,False,False,True,20,17,6430.0,19,3,7,True
9955,Colombia,Cali,Bronce,True,False,True,0,0,0.0,49,0,4,True
9956,Colombia,Bogotá D.C.,Plata,False,False,True,18,11,5794.0,28,3,9,True
9957,Colombia,Villavicencio,Bronce,False,True,True,7,4,2681.0,43,0,9,True
9958,Colombia,Bogotá D.C.,Bronce,False,False,False,1,0,0.0,8,2,9,True
9959,Colombia,Bucaramanga,Bronce,True,True,True,3,2,821.0,22,3,10,True
9960,Colombia,Bogotá D.C.,Bronce,False,False,True,0,0,0.0,5,7,6,False
9961,Colombia,Bogotá D.C.,Bronce,False,False,True,0,0,0.0,52,0,8,True
9962,Perú,—,Bronce,False,False,True,2,1,608.0,8,7,7,False
9963,México,—,Plata,True,False,False,8,6,2791.0,26,3,8,True
9964,Colombia,Medellín,Bronce,True,False,False,1,0,0.0,53,3,8,True
9965,Colombia,Pasto,Bronce,True,False,True,0,0,0.0,21,7,4,False
9966,Colombia,Bogotá D.C.,Bronce,True,True,True,1,0,0.0,21,4,5,True
9967,México,—,Plata,False,True,True,8,6,3052.0,44,9,5,False
9968,Colombia,Cali,Bronce,True,False,True,5,4,2234.0,42,0,5,True
9969,Colombia,Bogotá D.C.,Plata,False,False,True,10,7,3614.0,19,4,9,True
9970,Ecuador,—,Bronce,True,False,False,0,0,0.0,10,3,9,True
9971,Colombia,Santa Marta,Bronce,True,False,True,6,4,2016.0,42,2,8,True
9972,Colombia,Medellín,Bronce,True,True,True,3,1,549.0,58,7,4,False
9973,Colombia,Bogotá D.C.,Bronce,False,False,False,0,0,0.0,16,7,7,False
9974,Colombia,Medellín,Plata,True,False,True,12,8,3275.0,18,1,7,True
9975,Colombia,Bogotá D.C.,Bronce,False,False,True,5,3,1634.0,23,6,5,True
9976,México,—,Bronce,False,True,True,3,2,1231.0,56,11,7,False
9977,Colombia,Otras ciudades,Bronce,False,False,True,1,0,0.0,38,17,8,False
9978,Colombia,Bogotá D.C.,Bronce,False,False,True,0,0,0.0,19,6,9,True
9979,Colombia,Otras ciudades,Bronce,False,True,True,1,0,0.0,23,1,7,True
9980,Colombia,Bogotá D.C.,Bronce,False,False,True,4,2,826.0,2,4,4,True
9981,Ecuador,—,Bronce,False,False,True,0,0,0.0,36,8,10,False
9982,Colombia,Medellín,Bronce,True,False,True,0,0,0.0,9,13,8,False
9983,México,—,Plata,False,False,True,10,6,2507.0,40,3,7,True
9984,México,—,Bronce,True,False,True,0,0,0.0,45,5,5,True
9985,México,—,Bronce,False,False,True,6,3,1207.0,22,7,9,False
9986,Ecuador,—,Plata,False,False,True,10,6,2015.0,41,7,10,False
9987,Colombia,Medellín,Bronce,True,False,True,2,1,437.0,45,7,5,False
9988,Colombia,Barranquilla,Bronce,True,False,True,1,0,0.0,13,7,6,False
9989,México,—,Bronce,True,True,True,0,0,0.0,26,9,6,False
9990,Colombia,Otras ciudades,Bronce,True,False,True,0,0,0.0,56,1,8,True
9991,Colombia,Otras ciudades,Bronce,True,False,False,0,0,0.0,10,3,7,True
9992,Colombia,Cali,Bronce,False,True,True,0,0,0.0,10,0,5,True
9993,Colombia,Cali,Bronce,False,False,True,0,0,0.0,62,2,6,True
9994,Colombia,Bogotá D.C.,Bronce,False,False,True,1,0,0.0,66,3,6,True
9995,Colombia,Cali,Bronce,False,False,False,7,4,1910.0,79,4,7,True
9996,Perú,—,Platino,False,False,True,198,183,98242.0,26,13,8,False
9997,Colombia,Bogotá D.C.,Bronce,False,False,True,2,1,474.0,51,3,9,True
9998,Colombia,Medellín,Bronce,False,False,True,0,0,0.0,7,3,5,True
9999,Colombia,Cúcuta,Oro,True,True,False,31,25,6835.0,11,11,10,False
10000,Colombia,Medellín,Bronce,False,True,True,3,1,579.0,30,4,10,True
10001,Colombia,Cúcuta,Bronce,False,True,True,0,0,0.0,11,19,7,False
10002,Perú,—,Bronce,True,False,True,0,0,0.0,26,1,8,True
10003,Uruguay,—,Bronce,True,True,True,4,3,1409.0,26,2,10,True
10004,Colombia,Pereira,Bronce,True,False,True,2,1,521.0,17,8,8,False
10005,Colombia,Pasto,Plata,True,False,False,9,7,3322.0,51,6,10,True
10006,Colombia,Otras ciudades,Bronce,True,False,False,5,3,1777.0,60,0,6,True
10007,Colombia,Villavicencio,Bronce,True,False,True,3,2,610.0,34,1,8,True
10008,México,—,Bronce,False,False,True,1,0,0.0,43,4,9,True
10009,Colombia,Villavicencio,Bronce,False,True,True,0,0,0.0,43,6,7,True
10010,Colombia,Villavicencio,Oro,True,True,True,38,28,13103.0,78,1,9,True
10011,Colombia,Bucaramanga,Bronce,False,False,True,0,0,0.0,53,6,7,True
10012,Colombia,Cali,Bronce,False,True,True,0,0,0.0,29,8,4,False
10013,Colombia,Cartagena,Bronce,False,False,False,5,3,1867.0,29,9,7,False
10014,Colombia,Bogotá D.C.,Bronce,True,False,True,3,2,866.0,62,3,6,True
10015,México,—,Bronce,False,True,True,4,2,975.0,30,2,5,True
10016,México,—,Bronce,True,False,True,1,0,0.0,6,3,9,True
10017,Colombia,Bogotá D.C.,Bronce,True,False,True,3,2,1199.0,18,4,5,True
10018,Uruguay,—,Bronce,False,False,True,1,0,0.0,27,7,7,False
10019,Perú,—,Bronce,False,False,True,2,1,393.0,56,3,10,True
10020,Ecuador,—,Bronce,True,True,True,1,0,0.0,59,6,5,True
10021,Colombia,Bogotá D.C.,Plata,True,False,True,13,11,6138.0,7,6,5,True
10022,Colombia,Barranquilla,Oro,False,False,True,28,22,14943.0,9,8,8,False
10023,Colombia,Bogotá D.C.,Bronce,False,True,True,7,4,2937.0,51,4,7,True
10024,Uruguay,—,Bronce,True,False,True,0,0,0.0,25,7,9,False
10025,Chile,—,Bronce,False,True,True,1,0,0.0,29,14,5,False
10026,Colombia,Popayán,Bronce,False,False,True,3,1,481.0,38,4,8,True
10027,Colombia,Bogotá D.C.,Bronce,True,True,True,2,1,488.0,12,4,6,True
10028,Colombia,Cali,Bronce,True,False,True,1,0,0.0,16,25,10,False
10029,México,—,Bronce,False,False,True,0,0,0.0,44,4,5,True
10030,Colombia,Cartagena,Bronce,False,False,True,1,0,0.0,84,17,3,False
10031,Colombia,Popayán,Bronce,True,False,True,0,0,0.0,35,3,9,True
10032,Colombia,Pereira,Bronce,False,False,True,2,1,582.0,5,0,9,True
10033,Colombia,Bogotá D.C.,Oro,True,False,True,31,25,8591.0,1,7,6,False
10034,Colombia,Neiva,Bronce,True,True,True,2,1,535.0,28,3,5,True
10035,México,—,Bronce,True,False,False,1,0,0.0,61,6,6,True
10036,Uruguay,—,Bronce,False,True,True,1,0,0.0,56,2,9,True
10037,Colombia,Otras ciudades,Bronce,True,True,True,1,0,0.0,2,13,6,False
10038,Colombia,Bogotá D.C.,Platino,True,False,True,107,78,30463.0,36,2,10,True
10039,Colombia,Cali,Bronce,True,True,True,0,0,0.0,9,9,5,False
10040,México,—,Bronce,False,False,True,5,3,1766.0,3,9,6,False
10041,Colombia,Bogotá D.C.,Bronce,False,True,True,4,2,933.0,10,1,10,True
10042,Chile,—,Bronce,False,False,True,0,0,0.0,5,2,8,True
10043,Colombia,Bucaramanga,Bronce,False,False,False,0,0,0.0,54,3,8,True
10044,Colombia,Cali,Bronce,True,False,True,1,0,0.0,7,3,5,True
10045,Colombia,Cúcuta,Bronce,False,True,True,4,2,924.0,63,14,10,False
10046,Perú,—,Bronce,True,False,True,0,0,0.0,40,7,7,False
10047,Colombia,Bogotá D.C.,Bronce,False,False,True,1,0,0.0,38,13,7,False
10048,Colombia,Cali,Bronce,False,False,True,0,0,0.0,52,2,7,True
10049,Ecuador,—,Bronce,True,False,True,1,0,0.0,28,6,5,True
10050,Colombia,Otras ciudades,Oro,False,False,True,28,24,15622.0,36,2,8,True
10051,México,—,Bronce,True,False,True,2,1,517.0,15,1,7,True
10052,Ecuador,—,Bronce,False,False,True,0,0,0.0,51,4,7,True
10053,Colombia,Cali,Bronce,False,False,True,1,0,0.0,46,4,5,True
10054,Colombia,Medellín,Bronce,False,False,False,0,0,0.0,35,8,10,False
10055,Colombia,Cartagena,Bronce,True,True,True,0,0,0.0,46,6,5,True
10056,México,—,Bronce,True,False,False,3,1,451.0,55,0,5,True
10057,Colombia,Bogotá D.C.,Bronce,False,True,True,6,5,3263.0,34,4,4,True
10058,Uruguay,—,Bronce,True,False,False,1,0,0.0,8,0,10,True
10059,Colombia,Otras ciudades,Bronce,False,True,True,5,3,1767.0,6,1,10,True
10060,Colombia,Popayán,Bronce,True,False,True,0,0,0.0,78,2,9,True
10061,Ecuador,—,Bronce,False,False,True,6,5,2093.0,6,2,10,True
10062,México,—,Bronce,False,True,True,0,0,0.0,7,1,10,True
10063,Ecuador,—,Bronce,False,True,True,0,0,0.0,12,5,4,True
10064,Colombia,Medellín,Bronce,False,True,False,0,0,0.0,9,16,8,False
10065,Colombia,Otras ciudades,Bronce,False,False,True,0,0,0.0,48,3,10,True
10066,Colombia,Bogotá D.C.,Bronce,False,False,False,1,0,0.0,7,5,8,True
10067,Colombia,Bogotá D.C.,Bronce,False,False,True,0,0,0.0,115,3,6,True
10068,Ecuador,—,Bronce,False,True,True,1,0,0.0,30,2,6,True
10069,Colombia,Santa Marta,Plata,False,False,True,13,10,3925.0,18,1,9,True
10070,México,—,Bronce,False,False,True,0,0,0.0,24,0,3,True
10071,Colombia,Bogotá D.C.,Bronce,False,False,True,3,2,1168.0,11,0,6,True
10072,Colombia,Bogotá D.C.,Bronce,False,True,True,4,2,919.0,21,6,5,True
10073,México,—,Bronce,False,False,False,0,0,0.0,50,16,10,False
10074,Ecuador,—,Bronce,True,False,True,0,0,0.0,41,8,10,False
10075,Ecuador,—,Bronce,True,True,True,1,0,0.0,26,5,6,True
10076,Colombia,Cali,Bronce,True,False,True,0,0,0.0,46,3,7,True
10077,Colombia,Bucaramanga,Bronce,False,False,True,0,0,0.0,27,6,7,True
10078,Colombia,Bucaramanga,Plata,True,False,True,16,12,4779.0,1,3,7,True
10079,Colombia,Barranquilla,Bronce,False,False,True,2,1,304.0,74,2,6,True
10080,Colombia,Bucaramanga,Bronce,False,False,False,3,2,786.0,32,4,5,True
10081,Ecuador,—,Plata,True,False,True,18,13,6473.0,23,5,10,True
10082,Colombia,Bogotá D.C.,Platino,True,False,True,61,40,21099.0,18,14,9,False
10083,Colombia,Bogotá D.C.,Bronce,True,True,True,0,0,0.0,30,22,8,False
10084,Ecuador,—,Bronce,True,False,True,1,0,0.0,56,4,3,True
10085,México,—,Plata,True,False,True,22,16,7329.0,21,11,5,False
10086,Colombia,Barranquilla,Bronce,False,False,False,1,0,0.0,13,4,7,True
10087,Colombia,Bogotá D.C.,Bronce,True,True,True,0,0,0.0,5,22,8,False
10088,Ecuador,—,Platino,False,False,True,503,434,247333.0,12,11,8,False
10089,Colombia,Bucaramanga,Bronce,False,False,True,4,3,1230.0,10,1,10,True
10090,Ecuador,—,Plata,False,False,True,13,11,5822.0,8,2,6,True
10091,Colombia,Bucaramanga,Bronce,False,False,False,0,0,0.0,17,3,2,True
10092,Ecuador,—,Bronce,False,True,True,0,0,0.0,46,1,3,True
10093,Colombia,Bogotá D.C.,Bronce,False,True,True,0,0,0.0,16,3,10,True
10094,México,—,Bronce,True,False,True,0,0,0.0,5,4,10,True
10095,Colombia,Medellín,Plata,True,False,True,22,18,7637.0,71,6,8,True
10096,Colombia,Bucaramanga,Bronce,False,False,True,1,0,0.0,48,0,5,True
10097,Colombia,Bogotá D.C.,Bronce,False,False,True,2,1,368.0,50,1,10,True
10098,Colombia,Bogotá D.C.,Bronce,True,False,True,1,0,0.0,8,11,6,False
10099,Colombia,Ibagué,Bronce,False,True,True,1,0,0.0,9,7,6,False
10100,México,—,Platino,False,False,False,206,142,81632.0,17,10,8,False
10101,Colombia,Medellín,Bronce,True,False,True,0,0,0.0,56,9,7,False
10102,Uruguay,—,Bronce,True,False,True,2,1,607.0,11,14,8,False
10103,Colombia,Ibagué,Bronce,False,False,True,1,0,0.0,27,12,8,False
10104,Colombia,Pereira,Bronce,False,False,True,1,0,0.0,39,10,5,False
10105,Colombia,Bogotá D.C.,Bronce,False,True,True,0,0,0.0,7,10,7,False
10106,Chile,—,Bronce,False,False,False,4,3,1332.0,19,4,3,True
10107,Ecuador,—,Bronce,False,False,True,1,0,0.0,3,3,8,True
10108,Colombia,Santa Marta,Bronce,False,True,True,1,0,0.0,11,2,8,True
10109,Ecuador,—,Bronce,False,False,True,0,0,0.0,7,7,6,False
10110,México,—,Plata,True,False,True,9,5,2737.0,63,12,5,False
10111,Colombia,Bogotá D.C.,Bronce,True,True,True,6,4,2097.0,3,7,5,False
10112,Colombia,Bogotá D.C.,Bronce,False,False,True,1,0,0.0,7,4,5,True
10113,México,—,Bronce,False,True,True,1,0,0.0,19,1,8,True
10114,Colombia,Bogotá D.C.,Bronce,True,True,True,3,2,1288.0,24,5,6,True
10115,Colombia,Ibagué,Plata,True,False,True,9,5,2450.0,51,7,4,False
10116,Ecuador,—,Bronce,True,False,True,0,0,0.0,12,4,5,True
10117,México,—,Bronce,False,False,True,5,4,2516.0,11,0,7,True
10118,Colombia,Valledupar,Bronce,False,True,True,0,0,0.0,13,3,3,True
10119,Colombia,Bogotá D.C.,Bronce,False,False,False,6,5,2284.0,6,3,8,True
10120,Colombia,Cali,Bronce,True,True,True,0,0,0.0,5,3,8,True
10121,Colombia,Bucaramanga,Bronce,False,True,True,3,2,884.0,14,9,8,False
10122,Colombia,Medellín,Bronce,True,False,True,0,0,0.0,36,14,6,False
10123,Colombia,Bogotá D.C.,Bronce,False,False,False,0,0,0.0,38,8,10,False
10124,Perú,—,Bronce,False,False,True,0,0,0.0,14,2,8,True
10125,Ecuador,—,Bronce,False,False,True,0,0,0.0,28,1,9,True
10126,México,—,Bronce,False,False,True,2,1,521.0,11,0,6,True
10127,Colombia,Popayán,Bronce,False,False,True,0,0,0.0,25,1,6,True
10128,Colombia,Medellín,Bronce,False,False,True,0,0,0.0,9,3,9,True
10129,Colombia,Bogotá D.C.,Bronce,False,False,True,1,0,0.0,4,3,8,True
10130,Ecuador,—,Bronce,True,True,True,1,0,0.0,25,7,8,False
10131,Ecuador,—,Bronce,False,False,True,3,2,819.0,5,11,6,False
10132,Colombia,Bogotá D.C.,Bronce,True,False,True,2,1,575.0,14,4,1,True
10133,Perú,—,Bronce,False,False,False,0,0,0.0,43,4,6,True
10134,Colombia,Bogotá D.C.,Platino,False,False,True,145,131,66032.0,39,14,7,False
10135,Colombia,Otras ciudades,Bronce,True,False,True,1,0,0.0,47,1,9,True
10136,Colombia,Bogotá D.C.,Plata,True,False,True,11,6,2094.0,60,11,10,False
10137,Colombia,Bogotá D.C.,Bronce,True,False,True,1,0,0.0,27,8,6,False
10138,Ecuador,—,Bronce,False,True,False,0,0,0.0,23,12,8,False
10139,Colombia,Sincelejo,Bronce,True,True,True,4,2,1344.0,32,1,10,True
10140,México,—,Bronce,True,True,True,0,0,0.0,13,6,9,True
10141,Ecuador,—,Bronce,False,True,True,0,0,0.0,38,4,6,True
10142,México,—,Bronce,False,True,True,2,1,425.0,38,18,6,False
10143,Colombia,Villavicencio,Bronce,False,False,True,1,0,0.0,15,5,9,True
10144,Perú,—,Bronce,True,False,False,5,4,1315.0,15,1,6,True
10145,Colombia,Manizales,Bronce,False,False,True,4,3,888.0,48,1,8,True
10146,Perú,—,Bronce,True,False,True,0,0,0.0,42,1,4,True
10147,Colombia,Pasto,Bronce,False,False,True,1,0,0.0,22,0,10,True
10148,Colombia,Bogotá D.C.,Bronce,False,False,True,0,0,0.0,11,7,10,False
10149,México,—,Bronce,False,False,False,3,2,1048.0,24,7,4,False
10150,Colombia,Cartagena,Plata,False,True,True,17,14,5222.0,55,5,5,True
10151,Ecuador,—,Bronce,False,False,True,0,0,0.0,14,1,8,True
10152,Colombia,Bogotá D.C.,Plata,False,False,False,8,5,2574.0,11,0,7,True
10153,Perú,—,Bronce,False,False,True,2,1,536.0,45,1,3,True
10154,Colombia,Bogotá D.C.,Bronce,False,False,True,1,0,0.0,38,9,7,False
10155,Colombia,Bogotá D.C.,Bronce,True,False,False,0,0,0.0,38,3,9,True
10156,México,—,Bronce,True,False,False,4,2,1030.0,60,5,7,True
10157,Ecuador,—,Bronce,True,False,False,0,0,0.0,16,3,8,True
10158,Colombia,Bucaramanga,Bronce,False,True,False,1,0,0.0,44,0,3,True
10159,Colombia,Santa Marta,Bronce,True,False,True,0,0,0.0,1,1,6,True
10160,Colombia,Medellín,Bronce,False,True,False,2,1,510.0,10,11,9,False
10161,Ecuador,—,Bronce,True,True,True,1,0,0.0,1,6,10,True
10162,Ecuador,—,Bronce,False,False,True,2,1,307.0,31,5,6,True
10163,Colombia,Bogotá D.C.,Bronce,True,False,True,1,0,0.0,3,1,8,True
10164,Colombia,Medellín,Bronce,False,False,True,0,0,0.0,11,8,7,False
10165,Colombia,Cartagena,Plata,False,True,True,13,10,4476.0,6,3,8,True
10166,Ecuador,—,Bronce,False,True,True,0,0,0.0,41,1,7,True
10167,Colombia,Pereira,Bronce,True,False,True,4,2,834.0,5,3,9,True
10168,Colombia,Bogotá D.C.,Oro,False,False,True,35,21,10489.0,32,0,7,True
10169,Colombia,Barranquilla,Bronce,False,False,True,2,1,489.0,49,1,4,True
10170,Colombia,Bogotá D.C.,Bronce,True,True,True,1,0,0.0,14,0,10,True
10171,Colombia,Cali,Bronce,True,True,True,1,0,0.0,19,4,8,True
10172,Colombia,Bogotá D.C.,Bronce,True,False,True,5,4,1768.0,32,6,9,True
10173,Colombia,Barranquilla,Bronce,False,False,False,0,0,0.0,15,14,7,False
10174,Colombia,Otras ciudades,Bronce,True,True,False,2,1,661.0,9,7,9,False
10175,Colombia,Santa Marta,Plata,False,False,True,9,7,4212.0,55,4,7,True
10176,México,—,Bronce,True,False,True,3,1,398.0,9,6,5,True
10177,Colombia,Bogotá D.C.,Plata,False,False,True,8,5,2727.0,25,1,6,True
10178,Colombia,Bogotá D.C.,Bronce,False,True,False,0,0,0.0,28,6,10,True
10179,Colombia,Barranquilla,Bronce,False,True,True,0,0,0.0,15,4,8,True
10180,Colombia,Cali,Bronce,True,False,False,0,0,0.0,29,1,8,True
10181,Chile,—,Bronce,False,False,True,3,2,1125.0,12,5,9,True
10182,Colombia,Otras ciudades,Bronce,True,False,True,5,4,1183.0,11,4,9,True
10183,Colombia,Popayán,Bronce,False,True,True,1,0,0.0,37,12,10,False
10184,Colombia,Bucaramanga,Bronce,True,False,True,1,0,0.0,42,10,3,False
10185,Colombia,Pereira,Bronce,False,False,False,1,0,0.0,33,17,7,False
10186,Ecuador,—,Bronce,False,True,True,0,0,0.0,20,5,7,True
10187,México,—,Bronce,True,True,False,0,0,0.0,12,7,7,False
10188,México,—,Bronce,False,False,True,5,4,2676.0,23,12,6,False
10189,Colombia,Barranquilla,Bronce,False,False,True,0,0,0.0,27,2,5,True
10190,México,—,Plata,False,False,True,8,5,3038.0,37,3,9,True
10191,Colombia,Manizales,Bronce,False,True,True,1,0,0.0,5,12,10,False
10192,Colombia,Medellín,Plata,False,True,True,24,18,9936.0,22,5,6,True
10193,Colombia,Medellín,Bronce,True,False,True,7,4,2485.0,16,8,10,False
10194,Colombia,Ibagué,Plata,False,False,True,9,8,4376.0,46,10,8,False
10195,Colombia,Bogotá D.C.,Bronce,False,False,True,1,0,0.0,55,0,5,True
10196,Colombia,Bogotá D.C.,Bronce,False,False,True,0,0,0.0,74,7,8,False
10197,Colombia,Santa Marta,Bronce,True,True,True,3,2,898.0,31,7,6,False
10198,México,—,Bronce,True,False,True,0,0,0.0,14,9,7,False
10199,Colombia,Valledupar,Plata,False,False,True,10,5,2502.0,5,14,7,False
10200,Colombia,Bogotá D.C.,Bronce,True,False,True,2,1,386.0,27,1,5,True
10201,Colombia,Ibagué,Bronce,False,True,True,1,0,0.0,1,2,10,True
10202,México,—,Plata,False,False,False,17,11,3915.0,6,5,8,True
10203,México,—,Bronce,False,False,True,1,0,0.0,21,10,5,False
10204,Colombia,Bogotá D.C.,Bronce,False,False,True,0,0,0.0,30,1,6,True
10205,Colombia,Otras ciudades,Bronce,True,False,True,1,0,0.0,3,4,6,True
10206,México,—,Bronce,False,True,True,7,4,2391.0,49,4,10,True
10207,Colombia,Cali,Bronce,True,True,False,4,2,1248.0,10,4,4,True
10208,Colombia,Santa Marta,Bronce,False,True,True,2,1,450.0,13,1,9,True
10209,Colombia,Bogotá D.C.,Bronce,False,False,True,1,0,0.0,15,11,8,False
10210,Colombia,Medellín,Oro,True,False,True,37,23,10044.0,41,14,4,False
10211,México,—,Plata,True,False,True,9,5,1997.0,7,2,6,True
10212,México,—,Bronce,False,True,True,0,0,0.0,27,6,6,True
10213,Colombia,Bogotá D.C.,Bronce,True,True,True,1,0,0.0,32,10,6,False
10214,Colombia,Cali,Bronce,False,False,False,0,0,0.0,68,4,10,True
10215,Colombia,Pereira,Plata,False,True,True,16,9,5424.0,12,2,10,True
10216,Colombia,Bogotá D.C.,Bronce,False,False,True,0,0,0.0,38,8,6,False
10217,Colombia,Otras ciudades,Bronce,True,False,True,1,0,0.0,11,11,7,False
10218,Colombia,Barranquilla,Bronce,False,False,True,0,0,0.0,7,10,9,False
10219,Perú,—,Bronce,False,True,False,0,0,0.0,24,12,6,False
10220,Colombia,Bogotá D.C.,Plata,True,False,True,10,8,2879.0,11,1,6,True
10221,Colombia,Bogotá D.C.,Bronce,True,True,False,0,0,0.0,13,14,7,False
10222,Perú,—,Bronce,False,True,True,2,1,519.0,27,18,10,False
10223,Uruguay,—,Plata,True,False,True,8,5,2457.0,3,6,10,True
10224,Colombia,Bogotá D.C.,Bronce,False,False,True,1,0,0.0,26,3,7,True
10225,Colombia,Bogotá D.C.,Bronce,True,True,True,1,0,0.0,11,10,8,False
10226,Chile,—,Bronce,False,False,True,3,2,868.0,17,9,9,False
10227,México,—,Bronce,True,False,True,1,0,0.0,60,19,10,False
10228,México,—,Bronce,False,True,True,1,0,0.0,1,10,10,False
10229,Colombia,Cartagena,Bronce,True,False,True,7,4,1338.0,22,4,1,True
10230,Colombia,Bogotá D.C.,Bronce,False,False,True,0,0,0.0,27,10,6,False
10231,Colombia,Medellín,Bronce,False,False,True,1,0,0.0,15,0,10,True
10232,Ecuador,—,Bronce,True,True,True,2,1,513.0,59,36,9,False
10233,Colombia,Armenia,Plata,True,True,True,8,6,3496.0,5,15,5,False
10234,Ecuador,—,Bronce,True,False,False,2,1,487.0,9,16,7,False
10235,Colombia,Bogotá D.C.,Bronce,True,False,True,2,1,416.0,6,0,10,True
10236,Perú,—,Bronce,False,False,True,1,0,0.0,14,2,9,True
10237,México,—,Bronce,False,False,False,1,0,0.0,66,0,6,True
10238,México,—,Bronce,False,True,True,2,1,293.0,34,14,3,False
10239,Colombia,Popayán,Bronce,False,False,True,5,3,1633.0,10,4,3,True
10240,Colombia,Bogotá D.C.,Bronce,False,False,True,4,3,944.0,43,7,10,False
10241,Colombia,Cúcuta,Bronce,False,False,False,0,0,0.0,41,1,6,True
10242,México,—,Bronce,False,True,True,3,1,444.0,1,5,10,True
10243,Colombia,Cartagena,Bronce,True,False,True,2,1,579.0,104,1,10,True
10244,Colombia,Cartagena,Bronce,True,False,True,1,0,0.0,23,5,8,True
10245,México,—,Bronce,True,False,True,6,4,2265.0,19,9,10,False
10246,Colombia,Cali,Bronce,True,False,False,0,0,0.0,33,1,3,True
10247,Colombia,Medellín,Bronce,False,True,True,4,3,1184.0,14,2,8,True
10248,Colombia,Neiva,Bronce,True,False,False,7,4,1801.0,2,1,6,True
10249,México,—,Bronce,False,False,True,0,0,0.0,38,11,6,False
10250,Colombia,Otras ciudades,Bronce,True,False,True,0,0,0.0,54,7,10,False
10251,México,—,Plata,False,True,False,17,13,7176.0,42,10,9,False
10252,México,—,Plata,True,False,True,11,6,3779.0,13,7,7,False
10253,Ecuador,—,Bronce,False,False,True,1,0,0.0,14,3,10,True
10254,México,—,Bronce,True,False,True,5,4,2367.0,57,12,4,False
10255,Colombia,Medellín,Bronce,False,False,True,0,0,0.0,28,2,8,True
10256,Perú,—,Bronce,True,True,True,1,0,0.0,15,6,8,True
10257,Colombia,Cali,Bronce,True,True,True,0,0,0.0,17,6,10,True
10258,Colombia,Pasto,Bronce,False,True,True,0,0,0.0,27,11,7,False
10259,México,—,Bronce,False,True,True,0,0,0.0,26,0,10,True
10260,México,—,Plata,False,True,True,8,5,2893.0,3,11,5,False
10261,México,—,Bronce,False,False,True,0,0,0.0,22,14,10,False
10262,Ecuador,—,Bronce,False,False,False,3,2,1353.0,2,4,2,True
10263,Colombia,Bogotá D.C.,Bronce,True,False,True,1,0,0.0,3,3,5,True
10264,Colombia,Bogotá D.C.,Bronce,False,False,True,2,1,689.0,11,9,9,False
10265,Colombia,Bogotá D.C.,Bronce,True,False,False,0,0,0.0,1,3,8,True
10266,Colombia,Barranquilla,Bronce,True,True,True,0,0,0.0,16,10,7,False
10267,Colombia,Otras ciudades,Bronce,True,False,True,4,2,713.0,11,5,8,True
10268,México,—,Platino,False,False,True,74,53,28606.0,26,12,4,False
10269,Colombia,Barranquilla,Bronce,True,False,True,0,0,0.0,80,11,5,False
10270,Colombia,Cartagena,Bronce,True,False,True,1,0,0.0,69,4,9,True
10271,Colombia,Pereira,Platino,False,False,False,119,86,26103.0,12,8,10,False
10272,Colombia,Santa Marta,Bronce,False,False,False,1,0,0.0,20,8,6,False
10273,Uruguay,—,Bronce,False,False,True,5,4,2618.0,10,9,4,False
10274,México,—,Bronce,True,False,True,3,1,580.0,45,3,5,True
10275,Ecuador,—,Plata,False,True,True,9,7,3305.0,12,6,7,True
10276,Colombia,Medellín,Bronce,False,True,False,0,0,0.0,43,12,10,False
10277,Colombia,Pereira,Bronce,False,True,True,0,0,0.0,32,11,7,False
10278,Colombia,Cali,Bronce,False,False,True,5,3,1582.0,59,13,10,False
10279,México,—,Bronce,False,False,False,1,0,0.0,28,4,5,True
10280,Colombia,Bucaramanga,Bronce,False,False,True,2,1,618.0,21,0,7,True
10281,Ecuador,—,Bronce,True,False,True,0,0,0.0,36,2,6,True
10282,Colombia,Bogotá D.C.,Bronce,False,False,False,5,4,2362.0,45,6,1,True
10283,Ecuador,—,Oro,True,True,True,33,22,8274.0,32,0,5,True
10284,Colombia,Villavicencio,Bronce,False,False,True,0,0,0.0,18,3,5,True
10285,Colombia,Cali,Bronce,True,False,True,1,0,0.0,91,11,5,False
10286,Colombia,Santa Marta,Bronce,False,True,True,0,0,0.0,37,14,9,False
10287,Perú,—,Bronce,False,False,True,1,0,0.0,12,2,6,True
10288,Colombia,Cali,Bronce,False,True,True,0,0,0.0,38,4,3,True
10289,Ecuador,—,Bronce,False,False,True,1,0,0.0,8,5,5,True
10290,Colombia,Pereira,Bronce,True,True,False,1,0,0.0,54,4,8,True
10291,Colombia,Barranquilla,Bronce,True,False,True,1,0,0.0,61,2,10,True
10292,Ecuador,—,Bronce,False,False,True,0,0,0.0,23,5,9,True
10293,Colombia,Cali,Bronce,False,True,True,4,3,1619.0,31,8,8,False
10294,Colombia,Bogotá D.C.,Bronce,False,False,True,1,0,0.0,15,6,6,True
10295,Colombia,Bucaramanga,Bronce,True,False,True,2,1,598.0,61,3,9,True
10296,México,—,Bronce,False,False,False,7,5,1659.0,54,5,4,True
10297,Colombia,Bucaramanga,Bronce,False,False,True,5,4,686.0,21,8,5,False
10298,Colombia,Barranquilla,Bronce,True,False,True,2,1,365.0,31,5,7,True
10299,Colombia,Neiva,Bronce,True,True,True,3,1,551.0,24,2,8,True
10300,Colombia,Bogotá D.C.,Bronce,False,False,True,3,1,544.0,14,0,6,True
10301,Colombia,Bogotá D.C.,Bronce,True,False,False,0,0,0.0,8,3,4,True
10302,Colombia,Bogotá D.C.,Bronce,False,False,True,3,2,854.0,19,7,8,False
10303,Colombia,Bucaramanga,Bronce,True,True,True,1,0,0.0,50,4,10,True
10304,Colombia,Bogotá D.C.,Bronce,True,True,True,6,4,1838.0,13,5,5,True
10305,Uruguay,—,Plata,False,False,True,8,5,2652.0,4,5,8,True
10306,México,—,Bronce,False,False,True,2,1,602.0,74,17,10,False
10307,Colombia,Otras ciudades,Bronce,True,False,True,0,0,0.0,6,14,4,False
10308,Colombia,Bogotá D.C.,Plata,False,False,True,10,7,4609.0,30,7,7,False
10309,Colombia,Bogotá D.C.,Bronce,True,True,False,0,0,0.0,7,7,6,False
10310,Colombia,Otras ciudades,Bronce,False,True,True,0,0,0.0,50,4,6,True
10311,México,—,Bronce,True,False,False,1,0,0.0,6,4,3,True
10312,Colombia,Bogotá D.C.,Oro,False,False,True,27,22,11380.0,12,13,8,False
10313,Colombia,Armenia,Bronce,False,True,True,1,0,0.0,12,3,9,True
10314,Colombia,Cartagena,Bronce,False,False,True,0,0,0.0,29,17,9,False
10315,Colombia,Pereira,Bronce,False,False,True,1,0,0.0,48,7,7,False
10316,Colombia,Medellín,Bronce,False,False,True,3,1,495.0,62,12,7,False
10317,México,—,Bronce,True,False,True,2,1,414.0,17,6,9,True
10318,México,—,Bronce,True,False,True,0,0,0.0,9,7,8,False
10319,Perú,—,Bronce,False,False,True,0,0,0.0,36,6,9,True
10320,Perú,—,Oro,False,True,True,43,30,16885.0,41,1,8,True
10321,México,—,Bronce,False,True,False,0,0,0.0,12,7,5,False
10322,Ecuador,—,Bronce,True,True,True,2,1,481.0,17,1,7,True
10323,Colombia,Ibagué,Bronce,True,True,True,0,0,0.0,8,9,9,False
10324,Ecuador,—,Bronce,False,False,True,5,3,516.0,37,8,6,False
10325,Colombia,Medellín,Plata,True,True,True,12,8,4341.0,26,5,7,True
10326,Colombia,Bogotá D.C.,Bronce,True,True,True,0,0,0.0,16,3,10,True
10327,Ecuador,—,Bronce,True,False,True,0,0,0.0,15,6,10,True
10328,Colombia,Bogotá D.C.,Bronce,False,False,True,2,1,450.0,31,3,10,True
10329,Colombia,Ibagué,Bronce,True,True,True,0,0,0.0,47,6,10,True
10330,Perú,—,Bronce,False,False,True,1,0,0.0,11,9,10,False
10331,Colombia,Bogotá D.C.,Bronce,False,False,False,0,0,0.0,66,1,9,True
10332,Colombia,Ibagué,Bronce,False,False,True,0,0,0.0,19,5,6,True
10333,Colombia,Medellín,Bronce,True,False,False,5,4,2200.0,22,21,8,False
10334,Uruguay,—,Plata,False,True,False,16,14,6015.0,28,2,9,True
10335,Colombia,Bogotá D.C.,Bronce,False,True,True,0,0,0.0,22,15,10,False
10336,Colombia,Manizales,Bronce,True,False,True,1,0,0.0,34,3,7,True
10337,Colombia,Bogotá D.C.,Bronce,False,False,True,3,2,1522.0,71,11,8,False
10338,Ecuador,—,Bronce,True,False,True,0,0,0.0,15,3,3,True
10339,México,—,Bronce,True,True,True,0,0,0.0,4,27,10,False
10340,Colombia,Cartagena,Bronce,False,True,True,0,0,0.0,10,7,7,False
10341,México,—,Bronce,False,False,True,3,1,432.0,5,4,8,True
10342,Colombia,Bogotá D.C.,Bronce,True,True,True,0,0,0.0,45,3,6,True
10343,Colombia,Cartagena,Bronce,False,False,False,2,1,611.0,11,3,7,True
10344,México,—,Bronce,True,False,True,1,0,0.0,5,3,10,True
10345,Colombia,Medellín,Bronce,False,False,True,0,0,0.0,74,3,8,True
10346,Colombia,Bogotá D.C.,Bronce,True,False,True,0,0,0.0,19,16,8,False
10347,Colombia,Cartagena,Bronce,False,True,True,0,0,0.0,31,7,5,False
10348,Colombia,Manizales,Bronce,False,False,True,4,2,829.0,11,9,10,False
10349,Colombia,Santa Marta,Bronce,False,False,True,1,0,0.0,10,34,5,False
10350,Perú,—,Bronce,False,True,False,0,0,0.0,19,9,10,False
10351,Perú,—,Bronce,True,False,True,1,0,0.0,79,2,7,True
10352,Colombia,Cali,Bronce,False,False,True,2,1,249.0,38,2,6,True
10353,Colombia,Cali,Bronce,False,False,True,4,3,1722.0,22,6,4,True
10354,Colombia,Bucaramanga,Bronce,True,False,True,1,0,0.0,19,3,7,True
10355,Colombia,Bogotá D.C.,Bronce,True,True,True,0,0,0.0,37,2,5,True
10356,Colombia,Medellín,Bronce,True,False,True,0,0,0.0,69,9,5,False
10357,México,—,Bronce,False,True,False,0,0,0.0,31,4,8,True
10358,Colombia,Bogotá D.C.,Bronce,False,True,False,0,0,0.0,43,3,5,True
10359,Colombia,Santa Marta,Bronce,True,False,True,1,0,0.0,8,16,9,False
10360,Ecuador,—,Bronce,True,False,True,0,0,0.0,14,5,7,True
10361,Colombia,Neiva,Bronce,True,True,True,0,0,0.0,11,6,4,True
10362,Colombia,Bogotá D.C.,Plata,False,False,True,21,14,6164.0,53,1,10,True
10363,Colombia,Medellín,Plata,False,False,True,8,5,2675.0,9,2,6,True
10364,Colombia,Neiva,Bronce,True,True,True,0,0,0.0,3,4,9,True
10365,Colombia,Villavicencio,Bronce,False,False,True,3,1,515.0,19,7,6,False
10366,México,—,Bronce,False,False,True,0,0,0.0,21,2,6,True
10367,Perú,—,Bronce,False,False,True,0,0,0.0,22,7,5,False
10368,Colombia,Barranquilla,Oro,False,True,True,42,29,12182.0,11,3,9,True
10369,Colombia,Otras ciudades,Bronce,False,True,True,0,0,0.0,8,2,3,True
10370,Colombia,Cúcuta,Plata,True,False,True,10,6,2432.0,6,2,10,True
10371,Colombia,Cali,Bronce,False,False,True,5,3,1742.0,8,2,9,True
10372,Colombia,Medellín,Bronce,True,True,True,0,0,0.0,11,4,10,True
10373,Colombia,Otras ciudades,Bronce,False,True,True,3,2,1076.0,25,1,9,True
10374,Colombia,Santa Marta,Bronce,True,False,True,1,0,0.0,43,16,10,False
10375,México,—,Bronce,True,True,False,0,0,0.0,2,15,4,False
10376,Perú,—,Bronce,True,True,False,0,0,0.0,50,2,10,True
10377,Ecuador,—,Bronce,True,True,True,3,2,662.0,77,3,5,True
10378,México,—,Bronce,False,False,False,1,0,0.0,68,2,10,True
10379,Colombia,Otras ciudades,Bronce,False,False,True,0,0,0.0,9,11,8,False
10380,Colombia,Pasto,Bronce,False,True,False,0,0,0.0,15,16,9,False
10381,Colombia,Medellín,Bronce,False,True,False,0,0,0.0,44,11,7,False
10382,Colombia,Otras ciudades,Bronce,True,False,True,0,0,0.0,2,3,9,True
10383,Perú,—,Bronce,True,False,True,0,0,0.0,38,6,1,True
10384,Perú,—,Bronce,False,False,True,0,0,0.0,10,4,9,True
10385,Ecuador,—,Plata,True,False,True,12,9,5298.0,33,1,7,True
10386,Colombia,Medellín,Bronce,False,False,False,4,2,1013.0,39,4,8,True
10387,Colombia,Bogotá D.C.,Bronce,True,False,True,1,0,0.0,30,15,10,False
10388,Colombia,Otras ciudades,Bronce,False,False,True,2,1,515.0,13,2,7,True
10389,Perú,—,Plata,False,False,True,10,8,3877.0,18,19,5,False
10390,Perú,—,Bronce,False,True,False,2,1,516.0,38,5,10,True
10391,Ecuador,—,Bronce,False,False,True,5,2,839.0,4,7,4,False
10392,Colombia,Pasto,Bronce,False,False,True,0,0,0.0,3,2,4,True
10393,Colombia,Santa Marta,Bronce,False,False,False,1,0,0.0,13,7,7,False
10394,Ecuador,—,Bronce,False,False,True,0,0,0.0,9,4,7,True
10395,Ecuador,—,Bronce,False,False,True,0,0,0.0,19,12,10,False
10396,Perú,—,Bronce,False,False,True,1,0,0.0,38,18,7,False
10397,Colombia,Cali,Bronce,True,True,True,3,2,1174.0,21,7,4,False
10398,Colombia,Pasto,Bronce,True,False,True,1,0,0.0,22,1,10,True
10399,Ecuador,—,Bronce,True,True,False,0,0,0.0,31,3,9,True
10400,Chile,—,Platino,True,False,True,123,106,17808.0,32,4,8,True
10401,México,—,Bronce,False,False,True,5,3,1133.0,46,1,4,True
10402,Colombia,Medellín,Bronce,True,False,True,0,0,0.0,20,18,9,False
10403,México,—,Bronce,False,False,True,4,2,1011.0,43,3,10,True
10404,México,—,Bronce,False,True,False,0,0,0.0,28,14,7,False
10405,Colombia,Medellín,Plata,False,False,True,10,7,3257.0,11,16,10,False
10406,Colombia,Bogotá D.C.,Bronce,True,False,True,0,0,0.0,13,23,10,False
10407,Colombia,Villavicencio,Plata,False,True,True,8,5,2166.0,35,3,7,True
10408,Colombia,Ibagué,Bronce,True,False,True,1,0,0.0,8,1,6,True
10409,Perú,—,Bronce,True,False,False,0,0,0.0,12,4,5,True
10410,Colombia,Otras ciudades,Bronce,False,False,True,3,2,1318.0,4,1,8,True
10411,Colombia,Cali,Bronce,True,False,True,6,4,1543.0,22,1,6,True
10412,México,—,Plata,True,False,True,10,9,3608.0,36,8,6,False
10413,Colombia,Bogotá D.C.,Plata,False,False,True,21,18,8638.0,3,24,6,False
10414,Colombia,Barranquilla,Plata,True,True,True,9,8,3026.0,9,2,8,True
10415,Ecuador,—,Plata,False,True,True,8,6,3264.0,3,5,9,True
10416,Colombia,Bogotá D.C.,Bronce,True,False,True,0,0,0.0,6,13,6,False
10417,Colombia,Bogotá D.C.,Bronce,False,False,True,1,0,0.0,11,8,10,False
10418,Colombia,Neiva,Bronce,True,False,True,2,1,517.0,5,6,10,True
10419,Ecuador,—,Bronce,False,False,True,0,0,0.0,13,3,10,True
10420,Colombia,Otras ciudades,Bronce,True,False,True,0,0,0.0,33,0,10,True
10421,México,—,Bronce,False,True,False,2,1,360.0,13,1,8,True
10422,Colombia,Bogotá D.C.,Bronce,False,False,True,3,2,730.0,39,2,6,True
10423,Colombia,Cali,Bronce,False,True,True,0,0,0.0,22,1,6,True
10424,Colombia,Villavicencio,Bronce,True,False,True,0,0,0.0,22,6,5,True
10425,Colombia,Bogotá D.C.,Bronce,True,False,True,0,0,0.0,38,4,7,True
10426,Colombia,Bogotá D.C.,Bronce,True,False,True,1,0,0.0,10,11,8,False
10427,Colombia,Medellín,Bronce,True,True,True,2,1,383.0,26,15,7,False
10428,Perú,—,Bronce,True,False,True,0,0,0.0,36,1,6,True
10429,Colombia,Bogotá D.C.,Bronce,False,False,True,4,2,1100.0,4,5,7,True
10430,Uruguay,—,Bronce,True,True,True,1,0,0.0,1,15,5,False
10431,Colombia,Otras ciudades,Bronce,False,True,True,2,1,379.0,25,8,8,False
10432,Colombia,Popayán,Bronce,True,True,True,0,0,0.0,10,1,4,True
10433,Colombia,Pasto,Bronce,False,False,True,0,0,0.0,44,2,9,True
10434,Chile,—,Bronce,False,False,True,2,1,434.0,33,1,10,True
10435,Colombia,Pereira,Bronce,False,False,False,7,6,2979.0,4,3,8,True
10436,Colombia,Bogotá D.C.,Bronce,False,False,False,2,1,557.0,23,9,6,False
10437,Ecuador,—,Bronce,True,False,True,3,2,865.0,36,3,7,True
10438,México,—,Bronce,True,False,True,4,3,1630.0,56,6,8,True
10439,Colombia,Bogotá D.C.,Bronce,True,True,True,3,2,1126.0,37,4,5,True
10440,Perú,—,Bronce,False,False,True,0,0,0.0,15,11,5,False
10441,Ecuador,—,Bronce,False,False,False,2,1,635.0,18,26,7,False
10442,Perú,—,Bronce,False,False,True,0,0,0.0,16,6,10,True
10443,Colombia,Bogotá D.C.,Bronce,False,False,False,2,1,522.0,13,21,6,False
10444,Ecuador,—,Bronce,True,False,True,1,0,0.0,31,2,7,True
10445,Perú,—,Bronce,True,False,True,6,5,2894.0,90,2,8,True
10446,Colombia,Medellín,Platino,False,False,True,212,164,56165.0,8,5,8,True
10447,Colombia,Barranquilla,Bronce,False,False,False,1,0,0.0,8,4,6,True
10448,Colombia,Cali,Bronce,True,True,True,1,0,0.0,35,9,9,False
10449,Colombia,Cartagena,Bronce,False,False,True,0,0,0.0,8,1,7,True
10450,Colombia,Armenia,Bronce,False,False,True,1,0,0.0,1,32,1,False
10451,Colombia,Cartagena,Bronce,False,False,False,0,0,0.0,40,0,7,True
10452,Perú,—,Bronce,False,True,True,0,0,0.0,11,5,6,True
10453,Colombia,Bogotá D.C.,Oro,True,True,True,31,27,8188.0,28,16,10,False
10454,Colombia,Bogotá D.C.,Bronce,False,False,True,6,5,1954.0,4,1,7,True
10455,Colombia,Manizales,Bronce,False,False,True,5,3,896.0,24,1,6,True
10456,México,—,Bronce,True,True,True,3,2,1010.0,25,4,6,True
10457,Colombia,Villavicencio,Bronce,False,False,True,3,2,1193.0,52,1,8,True
10458,Colombia,Cali,Bronce,False,True,True,1,0,0.0,25,2,5,True
10459,México,—,Bronce,False,False,True,0,0,0.0,70,8,10,False
10460,Colombia,Cali,Bronce,True,False,True,1,0,0.0,16,6,6,True
10461,Colombia,Cali,Bronce,False,False,True,3,2,885.0,19,8,7,False
10462,Colombia,Bogotá D.C.,Bronce,False,False,True,6,4,1427.0,49,6,7,True
10463,Colombia,Bucaramanga,Bronce,False,False,True,2,1,544.0,76,4,4,True
10464,Colombia,Bogotá D.C.,Oro,False,False,True,36,31,15884.0,5,5,4,True
10465,Colombia,Cali,Bronce,False,False,True,5,3,2064.0,18,9,7,False
10466,Colombia,Barranquilla,Bronce,True,True,True,5,4,1599.0,37,5,10,True
10467,Perú,—,Bronce,False,False,True,4,2,704.0,59,7,10,False
10468,México,—,Bronce,True,False,True,0,0,0.0,32,5,7,True
10469,Colombia,Pereira,Bronce,False,True,True,4,2,956.0,17,1,6,True
10470,México,—,Bronce,True,False,True,2,1,513.0,20,9,9,False
10471,México,—,Bronce,False,False,True,0,0,0.0,31,2,7,True
10472,Colombia,Cúcuta,Bronce,True,True,True,7,4,1862.0,44,5,7,True
10473,Colombia,Neiva,Bronce,False,False,True,0,0,0.0,12,6,7,True
10474,Colombia,Montería,Bronce,False,False,False,2,1,339.0,16,6,4,True
10475,Chile,—,Bronce,True,True,True,1,0,0.0,24,1,10,True
10476,Perú,—,Bronce,True,True,True,7,6,2489.0,20,11,10,False
10477,Colombia,Cali,Bronce,True,False,True,1,0,0.0,10,1,6,True
10478,Colombia,Bucaramanga,Bronce,True,True,True,2,1,448.0,11,5,6,True
10479,Ecuador,—,Plata,True,False,True,14,12,5798.0,41,1,5,True
10480,Perú,—,Bronce,False,False,True,0,0,0.0,1,0,7,True
10481,Ecuador,—,Bronce,False,False,True,2,1,707.0,56,6,4,True
10482,Uruguay,—,Bronce,False,False,True,0,0,0.0,21,12,4,False
10483,México,—,Plata,True,False,True,12,7,2297.0,18,7,8,False
10484,Colombia,Medellín,Bronce,False,False,True,5,2,910.0,52,1,10,True
10485,Colombia,Bogotá D.C.,Bronce,True,False,True,4,3,825.0,41,8,7,False
10486,Colombia,Otras ciudades,Bronce,False,False,True,0,0,0.0,48,3,4,True
10487,México,—,Bronce,False,True,True,0,0,0.0,75,3,7,True
10488,Colombia,Cartagena,Bronce,True,False,True,0,0,0.0,28,1,9,True
10489,Ecuador,—,Bronce,True,False,True,0,0,0.0,39,1,10,True
10490,México,—,Bronce,False,False,True,3,2,459.0,39,0,8,True
10491,Perú,—,Bronce,True,False,True,0,0,0.0,26,4,5,True
10492,México,—,Bronce,True,False,True,1,0,0.0,23,2,7,True
10493,Colombia,Bucaramanga,Bronce,False,False,False,7,5,2251.0,48,11,9,False
10494,Ecuador,—,Bronce,False,True,True,0,0,0.0,20,1,7,True
10495,Colombia,Armenia,Bronce,False,True,False,1,0,0.0,16,1,10,True
10496,Colombia,Bogotá D.C.,Plata,True,False,True,13,8,3851.0,29,7,7,False
10497,México,—,Bronce,True,False,True,1,0,0.0,71,8,5,False
10498,Colombia,Bogotá D.C.,Bronce,False,False,True,0,0,0.0,7,3,7,True
10499,Colombia,Cali,Bronce,False,False,False,0,0,0.0,14,12,4,False
10500,Colombia,Cali,Bronce,False,False,False,2,1,532.0,34,0,7,True
10501,Perú,—,Bronce,False,True,False,0,0,0.0,32,0,3,True
10502,Colombia,Barranquilla,Bronce,False,True,True,0,0,0.0,79,12,10,False
10503,Colombia,Sincelejo,Bronce,False,False,True,2,1,693.0,10,8,7,False
10504,México,—,Bronce,False,False,True,0,0,0.0,14,16,6,False
10505,Perú,—,Bronce,False,False,True,0,0,0.0,26,3,10,True
10506,Colombia,Bucaramanga,Bronce,True,False,False,0,0,0.0,1,6,4,True
10507,Colombia,Bogotá D.C.,Bronce,False,False,True,0,0,0.0,13,10,6,False
10508,Colombia,Bogotá D.C.,Bronce,True,False,True,0,0,0.0,14,3,7,True
10509,México,—,Bronce,False,False,True,0,0,0.0,35,4,9,True
10510,Colombia,Medellín,Bronce,False,False,True,3,2,908.0,54,0,9,True
10511,Uruguay,—,Bronce,True,False,True,0,0,0.0,55,4,3,True
10512,Ecuador,—,Bronce,False,False,False,1,0,0.0,23,1,6,True
10513,Colombia,Cali,Bronce,False,False,True,4,2,1048.0,13,0,5,True
10514,Perú,—,Bronce,True,True,True,2,1,375.0,102,1,7,True
10515,Colombia,Bogotá D.C.,Bronce,True,False,True,0,0,0.0,10,2,8,True
10516,Colombia,Bogotá D.C.,Bronce,True,True,False,0,0,0.0,30,1,6,True
10517,Colombia,Cartagena,Bronce,True,False,True,0,0,0.0,12,2,5,True
10518,México,—,Bronce,False,False,True,0,0,0.0,63,7,3,False
10519,Colombia,Medellín,Bronce,True,False,True,1,0,0.0,10,4,7,True
10520,Colombia,Armenia,Bronce,False,False,True,0,0,0.0,13,4,10,True
10521,Colombia,Cartagena,Bronce,False,False,True,2,1,614.0,26,4,8,True
10522,México,—,Bronce,False,False,False,3,2,1211.0,58,5,10,True
10523,Colombia,Medellín,Bronce,True,True,True,6,4,2524.0,23,8,10,False
10524,Perú,—,Bronce,False,False,False,6,3,1779.0,50,16,6,False
10525,Colombia,Bogotá D.C.,Bronce,True,False,True,1,0,0.0,56,2,6,True
10526,Chile,—,Bronce,False,False,True,1,0,0.0,65,1,6,True
10527,Colombia,Bogotá D.C.,Bronce,True,False,False,3,2,1208.0,93,4,7,True
10528,Colombia,Barranquilla,Plata,True,False,True,19,16,5591.0,21,3,8,True
10529,Uruguay,—,Bronce,False,False,True,0,0,0.0,10,1,8,True
10530,Colombia,Cali,Bronce,True,False,True,1,0,0.0,12,7,10,False
10531,Perú,—,Bronce,False,True,False,0,0,0.0,69,5,7,True
10532,Colombia,Medellín,Bronce,True,False,True,0,0,0.0,11,19,8,False
10533,Colombia,Villavicencio,Bronce,False,False,False,4,2,1333.0,20,8,5,False
10534,Colombia,Bogotá D.C.,Bronce,True,True,True,0,0,0.0,23,4,9,True
10535,México,—,Bronce,False,False,True,7,5,2373.0,21,4,8,True
10536,México,—,Bronce,True,False,False,1,0,0.0,31,16,6,False
10537,México,—,Oro,False,False,True,25,16,9941.0,28,3,4,True
10538,Colombia,Medellín,Bronce,True,True,True,0,0,0.0,10,0,10,True
10539,Colombia,Medellín,Bronce,False,False,True,1,0,0.0,28,10,6,False
10540,Colombia,Ibagué,Bronce,False,False,True,2,1,434.0,20,8,9,False
10541,Uruguay,—,Bronce,True,False,True,0,0,0.0,39,2,10,True
10542,Colombia,Bogotá D.C.,Bronce,True,True,True,0,0,0.0,41,2,5,True
10543,Colombia,Medellín,Bronce,True,False,True,0,0,0.0,92,21,9,False
10544,Perú,—,Bronce,True,False,True,0,0,0.0,118,11,7,False
10545,Colombia,Medellín,Bronce,False,False,True,3,1,441.0,8,3,6,True
10546,Colombia,Villavicencio,Bronce,True,False,True,1,0,0.0,20,3,4,True
10547,Colombia,Cúcuta,Bronce,False,True,True,1,0,0.0,14,7,7,False
10548,Colombia,Cúcuta,Bronce,True,False,True,6,5,2872.0,13,2,9,True
10549,Ecuador,—,Bronce,True,True,True,3,1,476.0,1,16,7,False
10550,México,—,Bronce,False,False,True,2,1,436.0,6,0,8,True
10551,Colombia,Cali,Bronce,False,False,False,6,5,1906.0,32,9,3,False
10552,Uruguay,—,Plata,False,False,True,15,14,8284.0,69,6,7,True
10553,Ecuador,—,Bronce,False,False,True,0,0,0.0,30,11,10,False
10554,México,—,Bronce,False,False,True,0,0,0.0,19,0,6,True
10555,México,—,Bronce,False,False,True,3,2,1141.0,23,0,6,True
10556,México,—,Bronce,False,False,True,0,0,0.0,42,7,6,False
10557,Colombia,Otras ciudades,Plata,False,False,True,9,8,5050.0,6,3,8,True
10558,Uruguay,—,Plata,False,False,True,12,10,8146.0,30,10,7,False
10559,México,—,Bronce,True,False,True,2,1,627.0,22,8,7,False
10560,México,—,Bronce,True,False,True,2,1,559.0,19,1,7,True
10561,Ecuador,—,Bronce,False,False,True,2,1,379.0,5,6,5,True
10562,Colombia,Bogotá D.C.,Plata,False,True,True,12,11,3716.0,45,0,7,True
10563,Ecuador,—,Bronce,True,True,True,1,0,0.0,7,2,8,True
10564,México,—,Bronce,False,False,False,4,2,826.0,56,1,2,True
10565,Perú,—,Bronce,False,False,True,1,0,0.0,27,4,10,True
10566,Colombia,Bogotá D.C.,Bronce,True,False,True,1,0,0.0,8,3,6,True
10567,Colombia,Barranquilla,Bronce,False,False,True,4,2,813.0,47,5,10,True
10568,México,—,Bronce,False,False,True,1,0,0.0,7,7,6,False
10569,Colombia,Bogotá D.C.,Plata,False,False,True,13,7,2309.0,30,0,9,True
10570,Colombia,Cali,Plata,True,True,True,8,7,2558.0,15,8,7,False
10571,Ecuador,—,Bronce,True,False,True,4,2,759.0,23,5,7,True
10572,Colombia,Bogotá D.C.,Bronce,True,False,True,1,0,0.0,13,10,10,False
10573,México,—,Bronce,False,True,True,0,0,0.0,30,4,6,True
10574,Colombia,Pasto,Bronce,False,False,False,1,0,0.0,120,19,3,False
10575,Colombia,Bogotá D.C.,Bronce,False,False,False,0,0,0.0,27,3,8,True
10576,Ecuador,—,Bronce,True,False,True,6,3,1507.0,60,1,9,True
10577,Colombia,Medellín,Bronce,False,False,True,2,1,290.0,19,2,6,True
10578,Ecuador,—,Bronce,False,False,True,0,0,0.0,4,5,8,True
10579,México,—,Bronce,True,False,True,0,0,0.0,1,1,10,True
10580,Colombia,Cali,Bronce,False,False,True,0,0,0.0,17,3,6,True
10581,México,—,Bronce,True,False,True,2,1,520.0,80,11,10,False
10582,Colombia,Otras ciudades,Bronce,False,False,True,0,0,0.0,44,5,7,True
10583,Colombia,Valledupar,Plata,False,True,True,15,13,6625.0,34,1,8,True
10584,Colombia,Otras ciudades,Bronce,False,False,True,0,0,0.0,60,6,8,True
10585,Colombia,Cali,Bronce,False,True,True,3,1,399.0,32,10,7,False
10586,Colombia,Valledupar,Bronce,False,True,True,1,0,0.0,16,4,9,True
10587,México,—,Bronce,False,False,True,0,0,0.0,5,1,7,True
10588,Colombia,Ibagué,Bronce,False,False,True,0,0,0.0,25,10,10,False
10589,Colombia,Cúcuta,Oro,False,False,False,25,20,9912.0,24,1,5,True
10590,Colombia,Cartagena,Bronce,False,True,True,4,2,995.0,42,5,9,True
10591,México,—,Bronce,True,False,True,1,0,0.0,9,2,4,True
10592,México,—,Bronce,True,False,True,1,0,0.0,6,0,10,True
10593,Colombia,Bucaramanga,Bronce,True,False,True,1,0,0.0,53,2,10,True
10594,Colombia,Cúcuta,Bronce,False,False,True,0,0,0.0,82,8,7,False
10595,Colombia,Bogotá D.C.,Bronce,True,False,True,0,0,0.0,39,0,4,True
10596,Colombia,Barranquilla,Bronce,False,True,True,1,0,0.0,13,1,9,True
10597,Perú,—,Bronce,False,True,True,3,2,919.0,27,3,7,True
10598,México,—,Bronce,False,False,True,0,0,0.0,32,0,9,True
10599,Chile,—,Bronce,False,True,True,3,1,393.0,17,5,8,True
10600,Colombia,Medellín,Bronce,True,False,True,5,2,1176.0,45,3,9,True
10601,Ecuador,—,Oro,False,False,True,37,25,15147.0,20,2,8,True
10602,Colombia,Bogotá D.C.,Bronce,False,True,True,1,0,0.0,11,0,9,True
10603,Chile,—,Bronce,True,False,True,2,1,420.0,12,2,9,True
10604,México,—,Bronce,True,False,True,1,0,0.0,5,7,8,False
10605,México,—,Bronce,False,True,True,2,1,423.0,51,19,9,False
10606,Ecuador,—,Bronce,False,False,True,1,0,0.0,16,2,9,True
10607,Colombia,Bogotá D.C.,Bronce,False,False,True,0,0,0.0,6,19,6,False
10608,Ecuador,—,Plata,False,False,True,17,15,9658.0,40,1,6,True
10609,Colombia,Bogotá D.C.,Bronce,False,True,True,0,0,0.0,95,5,7,True
10610,Colombia,Sincelejo,Bronce,False,False,True,0,0,0.0,36,4,7,True
10611,México,—,Bronce,False,False,True,0,0,0.0,51,7,6,False
10612,Colombia,Manizales,Bronce,True,False,True,3,2,702.0,40,3,6,True
10613,Colombia,Barranquilla,Bronce,True,False,True,1,0,0.0,3,9,5,False
10614,Colombia,Cúcuta,Bronce,False,False,False,0,0,0.0,72,6,7,True
10615,Colombia,Bucaramanga,Bronce,True,False,False,0,0,0.0,11,18,7,False
10616,Colombia,Otras ciudades,Bronce,True,True,True,4,2,903.0,55,5,10,True
10617,Colombia,Bogotá D.C.,Bronce,True,False,False,1,0,0.0,30,2,9,True
10618,Colombia,Cartagena,Bronce,False,False,True,0,0,0.0,40,0,10,True
10619,Colombia,Cartagena,Bronce,True,False,True,1,0,0.0,16,6,10,True
10620,Colombia,Medellín,Bronce,False,False,True,0,0,0.0,25,12,9,False
10621,Colombia,Cali,Bronce,False,False,False,0,0,0.0,28,6,7,True
10622,Colombia,Cali,Bronce,True,False,True,4,2,673.0,6,4,6,True
10623,Ecuador,—,Bronce,False,True,True,0,0,0.0,9,3,3,True
10624,Colombia,Bogotá D.C.,Bronce,True,False,False,0,0,0.0,113,11,8,False
10625,Colombia,Medellín,Bronce,True,False,True,0,0,0.0,12,6,10,True
10626,Colombia,Bogotá D.C.,Bronce,True,False,True,3,2,1348.0,8,9,6,False
10627,Ecuador,—,Bronce,False,True,False,1,0,0.0,52,11,7,False
10628,México,—,Bronce,True,False,True,1,0,0.0,11,5,7,True
10629,Colombia,Bogotá D.C.,Bronce,False,False,True,0,0,0.0,29,1,10,True
10630,Colombia,Barranquilla,Bronce,False,False,True,1,0,0.0,70,10,6,False
10631,Colombia,Bogotá D.C.,Bronce,False,False,True,3,2,336.0,7,7,10,False
10632,Colombia,Medellín,Bronce,False,False,True,2,1,492.0,22,9,8,False
10633,Colombia,Bucaramanga,Plata,False,False,True,15,9,4458.0,7,13,9,False
10634,Colombia,Pasto,Bronce,True,False,True,0,0,0.0,24,5,9,True
10635,México,—,Bronce,False,True,True,0,0,0.0,10,2,7,True
10636,Colombia,Otras ciudades,Bronce,False,False,True,2,1,561.0,7,4,8,True
10637,México,—,Platino,False,False,True,95,70,24791.0,115,9,7,False
10638,Colombia,Bogotá D.C.,Bronce,False,True,True,0,0,0.0,9,8,9,False
10639,México,—,Bronce,True,False,True,6,4,2000.0,47,5,10,True
10640,Colombia,Bogotá D.C.,Bronce,True,True,True,3,2,1217.0,43,3,7,True
10641,Colombia,Bogotá D.C.,Bronce,True,False,True,3,2,1328.0,15,3,10,True
10642,Colombia,Pereira,Bronce,True,True,True,0,0,0.0,4,9,6,False
10643,Colombia,Popayán,Bronce,True,False,True,1,0,0.0,9,3,5,True
10644,Colombia,Cartagena,Bronce,True,False,True,0,0,0.0,6,15,5,False
10645,México,—,Bronce,True,False,True,5,3,1430.0,54,11,6,False
10646,Colombia,Bogotá D.C.,Bronce,False,False,True,1,0,0.0,26,8,7,False
10647,México,—,Bronce,False,True,True,0,0,0.0,1,8,9,False
10648,México,—,Bronce,False,False,True,1,0,0.0,26,6,8,True
10649,Colombia,Medellín,Plata,False,False,False,20,14,8492.0,12,23,8,False
10650,Chile,—,Bronce,False,False,True,0,0,0.0,43,11,6,False
10651,Colombia,Medellín,Bronce,True,True,True,0,0,0.0,40,2,3,True
10652,Chile,—,Bronce,False,False,True,0,0,0.0,19,3,4,True
10653,Colombia,Villavicencio,Platino,True,True,True,60,45,20258.0,19,2,9,True
10654,Ecuador,—,Bronce,False,False,True,5,3,1716.0,3,12,4,False
10655,México,—,Bronce,True,False,True,4,3,1569.0,89,3,10,True
10656,Ecuador,—,Bronce,False,False,True,0,0,0.0,40,11,7,False
10657,México,—,Bronce,True,True,True,3,2,942.0,25,5,10,True
10658,Colombia,Bucaramanga,Bronce,True,False,True,0,0,0.0,26,18,0,False
10659,Colombia,Medellín,Bronce,True,False,True,2,1,392.0,55,1,7,True
10660,Perú,—,Plata,False,False,True,8,6,3732.0,39,3,10,True
10661,Colombia,Medellín,Bronce,True,False,False,2,1,592.0,23,3,9,True
10662,Ecuador,—,Plata,False,True,True,20,15,10129.0,9,0,8,True
10663,Perú,—,Bronce,False,True,False,0,0,0.0,8,4,8,True
10664,Colombia,Medellín,Bronce,False,False,True,1,0,0.0,41,4,9,True
10665,Ecuador,—,Bronce,False,False,True,0,0,0.0,24,2,3,True
10666,Colombia,Barranquilla,Bronce,False,False,False,1,0,0.0,24,0,10,True
10667,Perú,—,Bronce,False,True,True,0,0,0.0,10,18,8,False
10668,México,—,Bronce,False,False,True,2,1,404.0,22,8,6,False
10669,Colombia,Bogotá D.C.,Bronce,False,False,False,3,2,1042.0,60,7,5,False
10670,Perú,—,Bronce,False,False,True,1,0,0.0,149,1,7,True
10671,Uruguay,—,Plata,False,False,False,20,15,8977.0,34,8,10,False
10672,Colombia,Cartagena,Bronce,False,False,True,7,4,2266.0,32,9,8,False
10673,Colombia,Montería,Bronce,True,False,True,1,0,0.0,15,2,10,True
10674,Colombia,Bogotá D.C.,Bronce,True,False,True,2,1,507.0,18,8,5,False
10675,Perú,—,Plata,True,False,False,13,11,5334.0,31,8,9,False
10676,Colombia,Bucaramanga,Bronce,True,True,True,0,0,0.0,29,0,10,True
10677,Uruguay,—,Plata,True,False,True,14,11,5926.0,19,4,9,True
10678,Colombia,Bogotá D.C.,Bronce,True,False,True,3,2,1208.0,17,10,4,False
10679,México,—,Bronce,True,False,True,2,1,723.0,14,0,6,True
10680,Colombia,Bogotá D.C.,Bronce,True,True,True,0,0,0.0,34,3,9,True
10681,Colombia,Pereira,Bronce,True,False,True,2,1,397.0,21,12,10,False
10682,Colombia,Bogotá D.C.,Bronce,True,False,True,1,0,0.0,15,14,10,False
10683,Colombia,Bogotá D.C.,Bronce,True,False,True,0,0,0.0,11,10,7,False
10684,Colombia,Barranquilla,Bronce,False,False,True,1,0,0.0,55,10,9,False
10685,Colombia,Bogotá D.C.,Bronce,False,False,False,2,1,490.0,32,11,8,False
10686,Ecuador,—,Bronce,False,False,True,0,0,0.0,41,5,4,True
10687,Colombia,Bogotá D.C.,Plata,True,True,False,14,10,5381.0,50,0,4,True
10688,Colombia,Cali,Bronce,False,False,True,0,0,0.0,2,6,10,True
10689,Colombia,Otras ciudades,Bronce,False,False,True,6,5,1449.0,6,1,6,True
10690,Perú,—,Bronce,True,False,True,0,0,0.0,50,1,9,True
10691,Colombia,Bogotá D.C.,Bronce,False,False,True,1,0,0.0,17,3,5,True
10692,Colombia,Ibagué,Bronce,True,False,True,0,0,0.0,49,2,6,True
10693,Ecuador,—,Bronce,False,True,True,3,2,749.0,24,2,5,True
10694,México,—,Bronce,False,False,True,0,0,0.0,21,6,7,True
10695,Chile,—,Oro,True,True,True,44,41,20502.0,4,4,5,True
10696,Colombia,Cali,Bronce,True,False,True,1,0,0.0,10,8,10,False
10697,Colombia,Medellín,Bronce,False,False,True,4,2,720.0,24,5,6,True
10698,México,—,Bronce,True,False,True,1,0,0.0,10,8,8,False
10699,Colombia,Medellín,Bronce,True,False,True,3,2,901.0,5,3,5,True
10700,Ecuador,—,Bronce,False,False,True,0,0,0.0,17,1,4,True
10701,Colombia,Bogotá D.C.,Bronce,False,False,True,3,2,749.0,20,1,7,True
10702,México,—,Plata,False,True,True,8,6,2433.0,101,7,7,False
10703,Colombia,Ibagué,Bronce,True,True,True,2,1,493.0,21,5,7,True
10704,Perú,—,Bronce,False,False,False,5,3,1633.0,12,4,7,True
10705,Ecuador,—,Bronce,True,False,True,6,4,2111.0,10,2,8,True
10706,Uruguay,—,Bronce,True,False,True,3,2,1375.0,16,5,7,True
10707,Colombia,Medellín,Bronce,False,False,True,3,2,1077.0,14,1,6,True
10708,Colombia,Bogotá D.C.,Plata,True,False,True,12,10,5131.0,8,10,5,False
10709,Colombia,Barranquilla,Bronce,False,False,True,0,0,0.0,32,12,9,False
10710,México,—,Plata,True,False,True,22,14,8578.0,51,6,8,True
10711,México,—,Bronce,False,False,True,2,1,287.0,49,0,9,True
10712,Colombia,Bogotá D.C.,Bronce,False,True,False,0,0,0.0,33,5,6,True
10713,Chile,—,Plata,True,False,True,9,8,4473.0,34,4,5,True
10714,Colombia,Manizales,Bronce,True,False,False,0,0,0.0,42,4,7,True
10715,Colombia,Cali,Bronce,False,False,True,1,0,0.0,10,0,8,True
10716,México,—,Bronce,True,False,True,2,1,410.0,14,9,9,False
10717,Colombia,Neiva,Bronce,True,True,True,0,0,0.0,19,4,6,True
10718,Colombia,Otras ciudades,Plata,True,True,True,8,7,2350.0,48,2,8,True
10719,Uruguay,—,Bronce,False,False,True,2,1,619.0,8,4,7,True
10720,Colombia,Cartagena,Bronce,False,False,True,1,0,0.0,10,0,8,True
10721,Colombia,Manizales,Plata,False,True,False,11,7,4185.0,27,1,7,True
10722,Colombia,Armenia,Bronce,False,False,True,0,0,0.0,12,7,10,False
10723,Colombia,Bogotá D.C.,Bronce,False,False,True,0,0,0.0,23,3,6,True
10724,Colombia,Armenia,Oro,False,True,True,27,23,11398.0,22,7,10,False
10725,Colombia,Bogotá D.C.,Bronce,False,False,True,0,0,0.0,5,10,10,False
10726,Colombia,Bogotá D.C.,Bronce,False,False,True,4,2,1100.0,57,2,7,True
10727,Perú,—,Bronce,True,True,True,0,0,0.0,23,2,10,True
10728,Colombia,Medellín,Bronce,False,False,True,1,0,0.0,35,2,5,True
10729,Chile,—,Bronce,False,False,True,6,5,2772.0,23,8,6,False
10730,Colombia,Medellín,Bronce,False,False,True,0,0,0.0,59,2,9,True
10731,Perú,—,Bronce,True,True,True,1,0,0.0,11,3,3,True
10732,Ecuador,—,Plata,True,False,True,17,15,10291.0,27,14,6,False
10733,Colombia,Otras ciudades,Bronce,False,True,True,4,3,1577.0,66,1,6,True
10734,Ecuador,—,Bronce,True,False,False,2,1,658.0,28,5,5,True
10735,Ecuador,—,Bronce,False,True,True,0,0,0.0,9,12,10,False
10736,Colombia,Otras ciudades,Oro,False,True,True,32,21,12736.0,29,3,9,True
10737,Uruguay,—,Plata,False,False,True,12,9,5078.0,38,1,5,True
10738,Colombia,Bogotá D.C.,Bronce,False,False,True,1,0,0.0,2,1,10,True
10739,Chile,—,Bronce,True,False,True,2,1,579.0,35,5,8,True
10740,Colombia,Cali,Bronce,True,False,True,0,0,0.0,15,2,3,True
10741,Colombia,Cartagena,Bronce,False,False,True,3,2,1314.0,39,4,6,True
10742,México,—,Bronce,True,False,True,1,0,0.0,12,13,4,False
10743,Colombia,Pasto,Plata,False,False,False,10,8,3871.0,2,4,5,True
10744,México,—,Bronce,False,False,True,0,0,0.0,14,5,5,True
10745,Colombia,Medellín,Bronce,False,True,True,1,0,0.0,59,7,8,False
10746,Colombia,Otras ciudades,Bronce,False,False,False,0,0,0.0,66,16,9,False
10747,Colombia,Cali,Bronce,False,False,True,0,0,0.0,25,17,4,False
10748,Chile,—,Bronce,True,False,True,1,0,0.0,5,3,6,True
10749,Colombia,Cali,Bronce,False,False,False,0,0,0.0,53,1,5,True
10750,Colombia,Bogotá D.C.,Plata,False,False,True,10,9,4624.0,62,4,8,True
10751,Colombia,Bogotá D.C.,Bronce,False,False,True,3,1,406.0,7,4,8,True
10752,México,—,Bronce,False,True,True,1,0,0.0,11,4,7,True
10753,Chile,—,Bronce,False,False,False,0,0,0.0,46,9,4,False
10754,Colombia,Bogotá D.C.,Oro,True,False,True,42,24,11494.0,34,1,9,True
10755,Ecuador,—,Bronce,False,True,True,1,0,0.0,25,1,5,True
10756,Perú,—,Bronce,False,True,True,2,1,390.0,29,3,7,True
10757,México,—,Bronce,False,False,True,0,0,0.0,10,8,7,False
10758,Colombia,Bogotá D.C.,Bronce,True,False,True,0,0,0.0,20,8,10,False
10759,Colombia,Bogotá D.C.,Bronce,False,False,True,0,0,0.0,35,3,6,True
10760,Colombia,Bucaramanga,Bronce,False,False,True,0,0,0.0,83,3,10,True
10761,Colombia,Ibagué,Bronce,True,False,True,5,3,1889.0,33,6,8,True
10762,Colombia,Medellín,Bronce,True,False,True,0,0,0.0,3,1,10,True
10763,Ecuador,—,Bronce,False,False,True,1,0,0.0,14,2,10,True
10764,México,—,Bronce,False,False,False,0,0,0.0,7,6,4,True
10765,Colombia,Otras ciudades,Bronce,True,True,True,0,0,0.0,52,8,5,False
10766,Colombia,Cartagena,Bronce,True,False,False,6,4,1586.0,40,6,7,True
10767,Colombia,Ibagué,Bronce,False,True,False,1,0,0.0,33,2,7,True
10768,Colombia,Otras ciudades,Bronce,True,False,True,1,0,0.0,28,11,10,False
10769,México,—,Bronce,True,True,False,7,6,2421.0,15,6,9,True
10770,Colombia,Cartagena,Bronce,False,False,False,1,0,0.0,50,1,9,True
10771,Colombia,Manizales,Bronce,False,False,True,2,1,480.0,18,8,8,False
10772,Colombia,Bucaramanga,Bronce,True,True,False,2,1,474.0,4,6,10,True
10773,Perú,—,Bronce,True,True,True,1,0,0.0,30,14,8,False
10774,Colombia,Otras ciudades,Plata,True,False,True,13,8,3931.0,55,0,10,True
10775,Colombia,Cali,Plata,False,False,True,11,10,6516.0,25,6,4,True
10776,Ecuador,—,Plata,False,False,True,8,4,2101.0,17,7,7,False
10777,Colombia,Ibagué,Bronce,True,False,True,2,1,349.0,15,0,8,True
10778,México,—,Bronce,False,True,True,3,2,783.0,3,7,9,False
10779,Colombia,Cali,Bronce,False,False,True,0,0,0.0,35,3,8,True
10780,Colombia,Otras ciudades,Bronce,False,True,True,0,0,0.0,29,7,8,False
10781,Colombia,Otras ciudades,Bronce,True,True,True,4,2,1211.0,17,11,7,False
10782,México,—,Bronce,False,False,True,0,0,0.0,1,8,9,False
10783,Colombia,Otras ciudades,Bronce,False,False,False,1,0,0.0,33,2,5,True
10784,Ecuador,—,Bronce,True,True,False,2,1,535.0,4,4,3,True
10785,Colombia,Otras ciudades,Bronce,True,False,False,0,0,0.0,81,7,10,False
10786,México,—,Bronce,False,False,True,0,0,0.0,33,5,10,True
10787,México,—,Bronce,True,False,True,3,1,686.0,5,13,8,False
10788,México,—,Bronce,True,False,True,0,0,0.0,39,2,5,True
10789,Colombia,Cali,Bronce,False,False,True,1,0,0.0,4,10,4,False
10790,Colombia,Bogotá D.C.,Bronce,False,False,True,4,3,1842.0,55,8,4,False
10791,México,—,Bronce,False,True,False,0,0,0.0,11,4,9,True
10792,México,—,Bronce,True,False,False,0,0,0.0,16,3,8,True
10793,Colombia,Bucaramanga,Plata,False,False,True,13,8,5038.0,17,3,9,True
10794,Ecuador,—,Bronce,True,False,True,1,0,0.0,24,3,5,True
10795,México,—,Plata,True,True,True,9,5,2763.0,13,2,5,True
10796,Colombia,Montería,Bronce,True,False,True,0,0,0.0,26,25,8,False
10797,Colombia,Otras ciudades,Platino,False,True,True,97,68,31046.0,36,2,8,True
10798,Ecuador,—,Bronce,False,False,True,0,0,0.0,14,4,5,True
10799,Colombia,Neiva,Bronce,True,False,True,1,0,0.0,58,6,8,True
10800,México,—,Plata,True,False,True,8,6,3064.0,22,5,7,True
10801,Ecuador,—,Bronce,True,True,True,0,0,0.0,47,4,5,True
10802,Colombia,Otras ciudades,Bronce,True,False,True,0,0,0.0,40,2,8,True
10803,Colombia,Neiva,Bronce,False,True,True,0,0,0.0,55,2,10,True
10804,Colombia,Bogotá D.C.,Bronce,True,True,True,0,0,0.0,23,10,8,False
10805,México,—,Bronce,False,True,True,5,4,2205.0,18,16,5,False
10806,Uruguay,—,Bronce,True,False,False,1,0,0.0,78,1,4,True
10807,Colombia,Bogotá D.C.,Bronce,True,False,True,1,0,0.0,22,5,1,True
10808,Ecuador,—,Bronce,False,False,True,3,2,1216.0,59,5,6,True
10809,Colombia,Cali,Plata,True,False,True,11,8,4745.0,3,1,10,True
10810,Uruguay,—,Bronce,False,False,True,2,1,479.0,22,6,6,True
10811,Uruguay,—,Bronce,False,False,True,1,0,0.0,5,1,5,True
10812,Colombia,Medellín,Plata,True,True,True,10,8,4245.0,48,4,10,True
10813,Colombia,Medellín,Bronce,False,True,True,0,0,0.0,29,6,8,True
10814,Colombia,Medellín,Bronce,False,False,False,0,0,0.0,7,20,4,False
10815,Colombia,Ibagué,Bronce,False,False,True,1,0,0.0,15,3,8,True
10816,Uruguay,—,Bronce,True,False,True,1,0,0.0,17,4,9,True
10817,Colombia,Manizales,Bronce,False,False,True,0,0,0.0,57,7,5,False
10818,Ecuador,—,Bronce,True,False,True,0,0,0.0,64,9,10,False
10819,Colombia,Cartagena,Bronce,True,True,True,0,0,0.0,37,3,10,True
10820,Chile,—,Bronce,True,False,True,0,0,0.0,14,3,8,True
10821,Chile,—,Bronce,False,True,True,4,2,781.0,21,0,9,True
10822,Colombia,Medellín,Bronce,False,False,True,0,0,0.0,33,5,7,True
10823,Colombia,Otras ciudades,Bronce,False,False,True,1,0,0.0,14,3,7,True
10824,Chile,—,Bronce,True,False,True,4,2,1219.0,19,5,8,True
10825,Colombia,Otras ciudades,Bronce,True,False,True,0,0,0.0,20,2,5,True
10826,Colombia,Barranquilla,Plata,False,False,True,13,9,3894.0,2,2,6,True
10827,Colombia,Pereira,Bronce,False,False,True,5,4,2203.0,6,3,9,True
10828,México,—,Bronce,False,False,False,0,0,0.0,43,1,8,True
10829,Colombia,Bogotá D.C.,Bronce,True,True,True,1,0,0.0,7,1,7,True
10830,Colombia,Cali,Bronce,True,True,True,0,0,0.0,36,3,3,True
10831,México,—,Bronce,False,False,True,1,0,0.0,60,6,10,True
10832,Perú,—,Bronce,False,False,False,3,1,618.0,66,5,6,True
10833,México,—,Bronce,True,False,True,2,1,442.0,23,2,6,True
10834,Perú,—,Bronce,False,True,True,1,0,0.0,35,1,4,True
10835,Colombia,Bogotá D.C.,Bronce,True,False,True,3,2,1021.0,14,3,10,True
10836,Colombia,Pereira,Bronce,True,False,True,1,0,0.0,6,2,7,True
10837,Colombia,Bogotá D.C.,Bronce,False,False,True,3,2,994.0,11,6,6,True
10838,Colombia,Bogotá D.C.,Bronce,False,False,True,6,4,1458.0,13,7,4,False
10839,México,—,Plata,False,False,True,22,17,5414.0,33,9,6,False
10840,Colombia,Otras ciudades,Bronce,True,True,True,1,0,0.0,12,4,7,True
10841,México,—,Bronce,True,False,True,0,0,0.0,16,0,7,True
10842,Ecuador,—,Bronce,True,True,True,1,0,0.0,35,5,9,True
10843,Ecuador,—,Bronce,False,False,True,0,0,0.0,8,5,10,True
10844,Colombia,Bogotá D.C.,Bronce,True,True,True,7,4,1974.0,29,4,7,True
10845,Colombia,Armenia,Bronce,True,False,False,5,4,2295.0,40,5,5,True
10846,Ecuador,—,Bronce,True,True,True,0,0,0.0,14,7,7,False
10847,Perú,—,Bronce,True,False,True,3,2,629.0,16,7,10,False
10848,Colombia,Bogotá D.C.,Bronce,False,False,True,1,0,0.0,85,3,8,True
10849,México,—,Bronce,False,False,True,0,0,0.0,12,2,8,True
10850,Colombia,Cúcuta,Bronce,False,False,True,0,0,0.0,5,4,8,True
10851,Colombia,Bogotá D.C.,Bronce,False,False,True,1,0,0.0,26,7,10,False
10852,Colombia,Bucaramanga,Bronce,False,False,True,5,3,1433.0,36,0,6,True
10853,Colombia,Santa Marta,Bronce,True,False,True,3,1,559.0,36,12,6,False
10854,Colombia,Medellín,Bronce,True,False,False,5,3,1570.0,10,4,4,True
10855,Colombia,Medellín,Bronce,True,True,True,7,4,2388.0,17,6,4,True
10856,Colombia,Barranquilla,Bronce,True,False,True,2,1,461.0,19,7,8,False
10857,Colombia,Bogotá D.C.,Plata,False,True,True,23,15,7497.0,24,1,7,True
10858,Colombia,Otras ciudades,Bronce,True,False,True,2,1,602.0,26,40,6,False
10859,Colombia,Cali,Oro,False,False,True,44,38,19400.0,35,7,4,False
10860,Chile,—,Bronce,False,True,False,5,3,1782.0,66,7,5,False
10861,México,—,Bronce,False,False,False,5,3,2131.0,6,0,8,True
10862,Chile,—,Bronce,True,False,True,1,0,0.0,123,6,2,True
10863,México,—,Bronce,False,True,True,0,0,0.0,33,5,6,True
10864,Colombia,Barranquilla,Bronce,False,False,True,0,0,0.0,31,1,8,True
10865,Colombia,Bucaramanga,Bronce,False,False,True,4,2,458.0,23,32,7,False
10866,Colombia,Villavicencio,Bronce,True,False,False,1,0,0.0,19,0,5,True
10867,Colombia,Cali,Bronce,False,False,True,0,0,0.0,43,7,8,False
10868,Uruguay,—,Bronce,True,False,True,0,0,0.0,37,0,4,True
10869,Perú,—,Plata,False,True,True,15,10,4025.0,7,5,6,True
10870,Colombia,Otras ciudades,Bronce,False,True,True,3,2,873.0,33,6,5,True
10871,Colombia,Bogotá D.C.,Bronce,True,False,True,0,0,0.0,41,7,9,False
10872,Perú,—,Bronce,False,False,True,5,3,1380.0,62,8,8,False
10873,Colombia,Bogotá D.C.,Bronce,True,False,True,0,0,0.0,43,3,5,True
10874,Colombia,Bogotá D.C.,Plata,False,True,True,17,10,3614.0,25,2,10,True
10875,Perú,—,Bronce,True,True,False,2,1,655.0,17,4,10,True
10876,México,—,Bronce,False,True,True,1,0,0.0,39,10,10,False
10877,Colombia,Bogotá D.C.,Bronce,False,True,True,1,0,0.0,18,5,8,True
10878,Colombia,Medellín,Bronce,False,False,True,1,0,0.0,33,3,5,True
10879,Colombia,Medellín,Bronce,False,False,True,0,0,0.0,3,10,10,False
10880,Colombia,Neiva,Bronce,True,False,True,1,0,0.0,35,0,4,True
10881,Perú,—,Bronce,True,True,False,1,0,0.0,57,3,4,True
10882,México,—,Bronce,True,False,True,0,0,0.0,45,4,6,True
10883,Colombia,Cúcuta,Bronce,True,False,True,0,0,0.0,57,7,6,False
10884,Colombia,Bogotá D.C.,Bronce,False,False,True,7,6,3589.0,12,4,6,True
10885,Colombia,Bogotá D.C.,Bronce,True,False,True,1,0,0.0,35,17,6,False
10886,Colombia,Barranquilla,Bronce,False,False,True,2,1,621.0,1,10,7,False
10887,Ecuador,—,Bronce,True,True,True,1,0,0.0,13,3,7,True
10888,Ecuador,—,Bronce,False,True,False,0,0,0.0,14,1,4,True
10889,Colombia,Bogotá D.C.,Oro,True,False,True,42,28,13717.0,2,8,6,False
10890,México,—,Bronce,True,False,True,1,0,0.0,36,10,7,False
10891,Perú,—,Bronce,False,False,True,1,0,0.0,41,2,9,True
10892,México,—,Bronce,True,True,True,1,0,0.0,3,3,9,True
10893,Colombia,Manizales,Bronce,True,False,True,1,0,0.0,1,8,10,False
10894,Ecuador,—,Bronce,False,False,True,0,0,0.0,26,5,10,True
10895,México,—,Bronce,False,False,True,1,0,0.0,63,10,8,False
10896,Colombia,Santa Marta,Bronce,False,False,True,7,5,1120.0,47,4,9,True
10897,Ecuador,—,Plata,True,False,False,16,10,5519.0,34,18,3,False
10898,México,—,Bronce,True,True,True,3,2,1065.0,34,14,7,False
10899,Ecuador,—,Bronce,True,False,True,0,0,0.0,2,10,10,False
10900,Chile,—,Bronce,True,False,False,0,0,0.0,43,21,8,False
10901,Colombia,Otras ciudades,Bronce,True,False,True,5,4,2566.0,104,10,9,False
10902,México,—,Bronce,True,False,True,2,1,374.0,47,1,9,True
10903,Perú,—,Bronce,False,True,False,1,0,0.0,40,10,6,False
10904,Colombia,Bogotá D.C.,Bronce,True,False,True,1,0,0.0,37,24,8,False
10905,Colombia,Medellín,Bronce,False,False,True,1,0,0.0,66,4,6,True
10906,Colombia,Bogotá D.C.,Bronce,True,False,False,1,0,0.0,18,2,4,True
10907,México,—,Bronce,True,False,True,1,0,0.0,35,2,6,True
10908,México,—,Bronce,False,True,True,1,0,0.0,60,4,10,True
10909,México,—,Bronce,True,True,True,7,4,2012.0,25,4,5,True
10910,Uruguay,—,Bronce,True,False,True,0,0,0.0,39,19,5,False
10911,Colombia,Bogotá D.C.,Bronce,False,False,True,5,3,1729.0,24,10,5,False
10912,México,—,Bronce,True,False,True,0,0,0.0,2,4,6,True
10913,Colombia,Otras ciudades,Bronce,True,False,True,0,0,0.0,16,0,10,True
10914,Ecuador,—,Bronce,False,True,True,0,0,0.0,6,11,8,False
10915,Perú,—,Bronce,True,True,True,0,0,0.0,9,0,8,True
10916,Colombia,Medellín,Bronce,False,True,True,0,0,0.0,50,25,5,False
10917,Uruguay,—,Bronce,False,False,False,6,3,1299.0,12,6,5,True
10918,Colombia,Bogotá D.C.,Bronce,False,False,True,0,0,0.0,39,2,5,True
10919,Colombia,Bogotá D.C.,Plata,False,True,True,8,7,3317.0,76,5,9,True
10920,Colombia,Otras ciudades,Bronce,True,True,True,0,0,0.0,78,0,7,True
10921,México,—,Bronce,False,False,True,0,0,0.0,4,6,10,True
10922,Ecuador,—,Plata,True,False,True,16,10,4767.0,16,1,10,True
10923,Colombia,Bogotá D.C.,Bronce,True,False,True,3,2,1393.0,7,7,8,False
10924,Chile,—,Bronce,False,True,True,0,0,0.0,3,5,10,True
10925,Colombia,Bogotá D.C.,Bronce,True,False,True,0,0,0.0,9,5,8,True
10926,Chile,—,Bronce,True,True,False,2,1,514.0,11,4,8,True
10927,Uruguay,—,Bronce,True,False,True,0,0,0.0,20,14,9,False
10928,Ecuador,—,Bronce,False,False,True,0,0,0.0,15,28,7,False
10929,Uruguay,—,Bronce,True,False,False,7,5,2212.0,48,11,5,False
10930,Uruguay,—,Bronce,False,True,True,1,0,0.0,42,3,6,True
10931,Colombia,Medellín,Bronce,False,False,True,0,0,0.0,18,2,8,True
10932,México,—,Bronce,False,False,True,3,2,868.0,5,8,6,False
10933,Colombia,Bogotá D.C.,Bronce,False,True,True,5,2,827.0,54,1,7,True
10934,México,—,Bronce,True,False,True,1,0,0.0,11,11,3,False
10935,Colombia,Pereira,Plata,False,False,False,14,8,3874.0,3,6,7,True
10936,México,—,Bronce,True,True,True,4,3,1411.0,25,0,10,True
10937,Colombia,Popayán,Bronce,True,False,True,2,1,608.0,18,1,9,True
10938,Colombia,Popayán,Bronce,True,True,False,3,2,938.0,33,10,10,False
10939,Colombia,Barranquilla,Bronce,False,False,True,0,0,0.0,56,15,7,False
10940,Ecuador,—,Bronce,False,True,True,0,0,0.0,29,6,8,True
10941,Colombia,Otras ciudades,Plata,True,True,True,22,14,4559.0,20,3,10,True
10942,Uruguay,—,Plata,False,True,True,16,12,9074.0,6,12,7,False
10943,Colombia,Bogotá D.C.,Bronce,True,False,False,2,1,347.0,34,6,7,True
10944,Ecuador,—,Plata,False,False,False,12,8,3451.0,13,8,5,False
10945,México,—,Bronce,True,False,True,1,0,0.0,49,5,4,True
10946,Ecuador,—,Bronce,False,True,True,1,0,0.0,6,6,5,True
10947,Colombia,Medellín,Bronce,True,False,False,0,0,0.0,36,3,6,True
10948,Ecuador,—,Bronce,False,False,True,0,0,0.0,8,2,9,True
10949,Colombia,Cali,Plata,False,False,True,15,10,4140.0,30,1,7,True
10950,Colombia,Bogotá D.C.,Bronce,True,False,True,0,0,0.0,24,1,7,True
10951,Colombia,Manizales,Bronce,False,True,True,2,1,561.0,21,3,6,True
10952,Colombia,Neiva,Bronce,True,True,True,0,0,0.0,36,1,3,True
10953,México,—,Bronce,True,True,True,0,0,0.0,14,12,10,False
10954,Colombia,Bogotá D.C.,Bronce,True,False,True,2,1,456.0,21,2,5,True
10955,Perú,—,Platino,False,False,True,93,81,25067.0,45,4,5,True
10956,Ecuador,—,Oro,False,True,True,31,22,15007.0,95,5,9,True
10957,Perú,—,Bronce,False,True,True,3,1,291.0,6,2,8,True
10958,Colombia,Bogotá D.C.,Bronce,True,False,True,1,0,0.0,8,14,9,False
10959,Colombia,Manizales,Bronce,True,True,True,3,1,469.0,26,0,10,True
10960,Colombia,Medellín,Platino,False,False,True,63,44,21199.0,17,7,8,False
10961,Colombia,Armenia,Bronce,True,False,False,4,2,566.0,2,6,8,True
10962,Colombia,Bogotá D.C.,Bronce,True,False,True,2,1,500.0,50,3,6,True
10963,Colombia,Bogotá D.C.,Bronce,True,False,True,6,5,2436.0,32,19,3,False
10964,Colombia,Bogotá D.C.,Plata,True,False,False,9,8,3465.0,16,15,10,False
10965,Colombia,Pasto,Plata,True,False,False,8,5,1636.0,10,7,10,False
10966,México,—,Bronce,False,False,True,4,3,1647.0,20,9,6,False
10967,Colombia,Otras ciudades,Bronce,False,True,True,3,2,1102.0,18,6,10,True
10968,México,—,Plata,False,True,True,9,7,2555.0,10,2,7,True
10969,Colombia,Barranquilla,Bronce,False,True,False,2,1,568.0,31,5,7,True
10970,Colombia,Barranquilla,Bronce,False,False,True,2,1,585.0,14,8,10,False
10971,Colombia,Cali,Bronce,False,False,True,1,0,0.0,12,8,8,False
10972,Ecuador,—,Bronce,False,False,True,4,2,858.0,28,5,9,True
10973,Colombia,Cali,Bronce,True,False,True,1,0,0.0,32,20,8,False
10974,Colombia,Manizales,Plata,True,True,True,17,14,9093.0,34,2,10,True
10975,Colombia,Bogotá D.C.,Bronce,True,False,False,1,0,0.0,11,2,8,True
10976,Colombia,Bogotá D.C.,Bronce,True,False,False,0,0,0.0,14,2,7,True
10977,Colombia,Armenia,Bronce,False,False,True,1,0,0.0,52,8,4,False
10978,Colombia,Medellín,Bronce,False,True,True,0,0,0.0,35,1,10,True
10979,Colombia,Medellín,Bronce,True,False,False,1,0,0.0,1,8,9,False
10980,Colombia,Montería,Bronce,True,True,True,0,0,0.0,26,3,10,True
10981,Colombia,Bogotá D.C.,Bronce,True,False,True,1,0,0.0,62,4,10,True
10982,Colombia,Cali,Plata,True,True,True,11,9,4558.0,5,12,5,False
10983,Colombia,Medellín,Bronce,True,False,True,0,0,0.0,4,7,7,False
10984,Ecuador,—,Plata,False,True,True,13,8,4157.0,81,4,6,True
10985,Perú,—,Oro,False,True,True,56,50,22741.0,38,14,6,False
10986,Ecuador,—,Bronce,False,False,True,0,0,0.0,27,2,7,True
10987,Colombia,Cúcuta,Oro,False,False,True,25,21,7722.0,25,0,3,True
10988,Colombia,Cali,Bronce,True,True,True,1,0,0.0,12,6,10,True
10989,Colombia,Cartagena,Bronce,False,False,True,1,0,0.0,14,8,8,False
10990,Colombia,Cartagena,Bronce,False,True,True,4,3,1101.0,4,8,9,False
10991,México,—,Bronce,False,True,True,0,0,0.0,62,10,7,False
10992,Colombia,Barranquilla,Bronce,False,True,True,1,0,0.0,5,4,7,True
10993,Colombia,Bogotá D.C.,Oro,False,False,True,26,17,5142.0,15,23,4,False
10994,Colombia,Bogotá D.C.,Bronce,False,True,True,1,0,0.0,26,16,9,False
10995,México,—,Bronce,True,False,True,0,0,0.0,35,0,6,True
10996,Colombia,Barranquilla,Bronce,True,False,True,1,0,0.0,51,8,5,False
10997,Perú,—,Bronce,True,True,True,2,1,438.0,4,18,6,False
10998,Colombia,Bogotá D.C.,Plata,False,False,False,9,8,4199.0,49,1,6,True
10999,Colombia,Bogotá D.C.,Bronce,True,True,False,4,2,971.0,3,9,9,False
11000,Perú,—,Bronce,True,False,True,2,1,467.0,20,1,8,True
11001,Uruguay,—,Platino,False,False,True,88,56,25208.0,26,8,8,False
11002,Perú,—,Bronce,False,True,True,0,0,0.0,55,15,5,False
11003,Perú,—,Bronce,False,False,False,2,1,332.0,13,2,9,True
11004,Perú,—,Oro,True,False,False,55,36,14580.0,86,27,9,False
11005,México,—,Bronce,True,True,True,7,5,2134.0,32,2,8,True
11006,Colombia,Bogotá D.C.,Bronce,False,True,True,0,0,0.0,21,5,8,True
11007,Ecuador,—,Bronce,True,False,False,7,5,1977.0,44,2,6,True
11008,Colombia,Medellín,Bronce,True,False,True,1,0,0.0,16,2,10,True
11009,Colombia,Cali,Platino,True,True,True,62,41,12298.0,18,3,5,True
11010,México,—,Bronce,False,False,True,1,0,0.0,9,3,5,True
11011,Ecuador,—,Bronce,False,False,True,0,0,0.0,125,1,6,True
11012,Colombia,Bogotá D.C.,Bronce,False,False,False,5,3,1454.0,14,3,8,True
11013,Colombia,Montería,Bronce,True,False,True,0,0,0.0,13,3,6,True
11014,Colombia,Cúcuta,Bronce,False,True,True,0,0,0.0,33,5,8,True
11015,México,—,Bronce,False,False,True,4,2,1252.0,22,9,7,False
11016,Colombia,Otras ciudades,Bronce,False,False,False,0,0,0.0,33,5,7,True
11017,Colombia,Barranquilla,Bronce,True,True,True,1,0,0.0,29,3,8,True
11018,Colombia,Medellín,Bronce,True,True,True,2,1,432.0,5,1,5,True
11019,Colombia,Bucaramanga,Bronce,True,False,True,1,0,0.0,25,3,7,True
11020,México,—,Bronce,True,True,True,0,0,0.0,20,5,8,True
11021,Colombia,Popayán,Bronce,True,False,True,1,0,0.0,4,4,10,True
11022,Colombia,Medellín,Bronce,True,False,True,2,1,491.0,73,4,9,True
11023,Colombia,Otras ciudades,Bronce,False,False,True,0,0,0.0,36,3,5,True
11024,Perú,—,Bronce,True,False,True,0,0,0.0,4,2,5,True
11025,Colombia,Otras ciudades,Bronce,False,True,True,2,1,615.0,50,7,8,False
11026,México,—,Bronce,False,False,False,3,2,1290.0,11,0,8,True
11027,Ecuador,—,Bronce,True,False,True,0,0,0.0,45,1,8,True
11028,Ecuador,—,Bronce,False,False,True,0,0,0.0,5,0,10,True
11029,Colombia,Otras ciudades,Bronce,True,False,True,1,0,0.0,60,3,6,True
11030,Colombia,Otras ciudades,Bronce,False,True,True,0,0,0.0,97,6,8,True
11031,Colombia,Villavicencio,Bronce,True,False,True,2,1,619.0,37,0,6,True
11032,Colombia,Barranquilla,Bronce,False,False,True,1,0,0.0,39,4,9,True
11033,México,—,Bronce,False,False,True,0,0,0.0,32,3,5,True
11034,Colombia,Bogotá D.C.,Bronce,True,True,True,3,2,772.0,21,7,4,False
11035,Chile,—,Bronce,False,False,True,0,0,0.0,22,5,9,True
11036,Colombia,Medellín,Bronce,True,True,True,0,0,0.0,4,5,4,True
11037,Ecuador,—,Bronce,False,False,True,2,1,436.0,4,3,3,True
11038,Colombia,Bogotá D.C.,Bronce,True,False,True,7,6,3283.0,6,8,5,False
11039,Colombia,Medellín,Bronce,True,False,False,3,2,687.0,22,3,7,True
11040,Colombia,Santa Marta,Platino,False,False,True,70,64,21522.0,6,7,5,False
11041,México,—,Bronce,False,False,True,4,2,969.0,20,5,6,True
11042,Ecuador,—,Oro,False,False,True,45,36,16997.0,3,1,7,True
11043,Colombia,Barranquilla,Plata,False,False,True,19,16,10358.0,25,0,10,True
11044,Colombia,Medellín,Bronce,False,False,True,0,0,0.0,26,10,9,False
11045,México,—,Bronce,True,False,True,7,6,2681.0,62,7,6,False
11046,Colombia,Bogotá D.C.,Bronce,False,True,True,2,1,524.0,6,2,7,True
11047,Colombia,Bogotá D.C.,Bronce,False,False,False,3,1,398.0,32,3,7,True
11048,Colombia,Medellín,Bronce,True,True,True,0,0,0.0,31,7,6,False
11049,Colombia,Bogotá D.C.,Platino,False,True,True,328,294,150016.0,6,10,10,False
11050,México,—,Bronce,True,True,True,4,2,621.0,4,2,10,True
11051,Colombia,Otras ciudades,Bronce,False,True,True,4,3,905.0,24,1,6,True
11052,Chile,—,Bronce,True,False,True,4,2,1014.0,14,12,4,False
11053,México,—,Bronce,True,True,True,2,1,601.0,47,1,9,True
11054,Colombia,Medellín,Plata,True,False,True,10,9,4854.0,28,7,6,False
11055,Perú,—,Plata,False,False,True,14,8,3980.0,11,11,7,False
11056,Ecuador,—,Bronce,True,True,True,3,2,1093.0,13,1,10,True
11057,Colombia,Bucaramanga,Bronce,False,False,True,0,0,0.0,12,1,9,True
11058,México,—,Bronce,False,False,True,0,0,0.0,18,3,9,True
11059,Ecuador,—,Bronce,False,True,True,0,0,0.0,7,10,9,False
11060,Colombia,Cúcuta,Bronce,False,False,True,5,4,2075.0,22,4,9,True
11061,México,—,Bronce,True,True,True,0,0,0.0,58,22,3,False
11062,Colombia,Medellín,Bronce,True,False,True,0,0,0.0,43,6,5,True
11063,Colombia,Bogotá D.C.,Bronce,False,False,True,0,0,0.0,22,10,6,False
11064,Colombia,Valledupar,Bronce,False,False,True,0,0,0.0,13,5,7,True
11065,Colombia,Bogotá D.C.,Plata,False,False,True,15,12,7982.0,69,18,8,False
11066,Colombia,Bogotá D.C.,Bronce,False,False,True,0,0,0.0,31,7,7,False
11067,Colombia,Bogotá D.C.,Bronce,False,True,False,1,0,0.0,30,7,4,False
11068,Colombia,Medellín,Bronce,False,False,True,1,0,0.0,9,3,8,True
11069,Colombia,Medellín,Bronce,True,False,True,0,0,0.0,26,15,10,False
11070,Colombia,Bogotá D.C.,Bronce,False,False,True,2,1,468.0,31,8,5,False
11071,Perú,—,Bronce,True,False,True,4,2,745.0,18,19,7,False
11072,Colombia,Bogotá D.C.,Bronce,True,False,True,1,0,0.0,61,4,10,True
11073,Ecuador,—,Bronce,False,True,True,4,3,1384.0,11,1,8,True
11074,Perú,—,Bronce,False,False,True,4,3,1418.0,7,1,10,True
11075,Ecuador,—,Bronce,True,False,True,3,1,642.0,3,0,10,True
11076,México,—,Bronce,True,True,False,1,0,0.0,20,2,7,True
11077,Colombia,Medellín,Bronce,False,True,True,2,1,399.0,56,4,4,True
11078,Perú,—,Oro,False,True,True,32,18,10780.0,29,2,6,True
11079,Colombia,Bogotá D.C.,Plata,False,False,True,14,9,4805.0,19,4,4,True
11080,México,—,Bronce,True,False,False,0,0,0.0,46,8,7,False
11081,México,—,Bronce,False,False,True,0,0,0.0,12,6,10,True
11082,Perú,—,Bronce,True,False,True,0,0,0.0,17,4,9,True
11083,Colombia,Bogotá D.C.,Bronce,False,False,False,7,4,2315.0,13,6,8,True
11084,Colombia,Cúcuta,Bronce,True,False,True,3,2,895.0,27,10,10,False
11085,Colombia,Neiva,Oro,True,False,False,34,28,12389.0,41,7,5,False
11086,México,—,Plata,False,False,True,13,9,3823.0,4,13,6,False
11087,Uruguay,—,Bronce,True,False,True,2,1,427.0,15,7,9,False
11088,México,—,Bronce,True,False,True,0,0,0.0,67,3,8,True
11089,Colombia,Bogotá D.C.,Bronce,True,False,False,1,0,0.0,1,2,9,True
11090,Colombia,Sincelejo,Bronce,True,False,False,0,0,0.0,32,1,10,True
11091,Colombia,Medellín,Bronce,False,False,True,0,0,0.0,39,3,7,True
11092,Colombia,Bogotá D.C.,Bronce,False,True,True,2,1,669.0,9,3,4,True
11093,México,—,Bronce,True,False,True,0,0,0.0,24,3,6,True
11094,Colombia,Bogotá D.C.,Bronce,True,False,False,2,1,503.0,9,15,8,False
11095,Uruguay,—,Bronce,False,False,False,5,3,1552.0,17,12,10,False
11096,México,—,Bronce,True,True,True,2,1,528.0,8,11,9,False
11097,Colombia,Barranquilla,Oro,True,False,True,25,21,10254.0,30,1,6,True
11098,Ecuador,—,Bronce,False,False,True,2,1,534.0,19,0,10,True
11099,Colombia,Bogotá D.C.,Bronce,True,False,True,2,1,601.0,16,1,6,True
11100,Uruguay,—,Bronce,False,True,False,0,0,0.0,10,7,8,False
11101,Colombia,Cali,Bronce,False,False,True,0,0,0.0,35,11,7,False
11102,Colombia,Barranquilla,Bronce,True,True,True,5,3,1530.0,15,2,9,True
11103,México,—,Bronce,False,True,True,3,2,784.0,58,14,5,False
11104,Colombia,Cartagena,Bronce,True,False,False,0,0,0.0,39,31,7,False
11105,Colombia,Villavicencio,Bronce,True,True,True,3,2,1006.0,32,4,8,True
11106,Colombia,Otras ciudades,Platino,False,False,True,330,235,97598.0,18,13,3,False
11107,México,—,Bronce,True,True,True,3,2,664.0,12,6,6,True
11108,Colombia,Bogotá D.C.,Bronce,False,False,True,0,0,0.0,20,4,4,True
11109,Ecuador,—,Bronce,False,False,True,2,1,514.0,38,5,9,True
11110,Perú,—,Bronce,True,False,True,6,4,2010.0,10,0,7,True
11111,Colombia,Barranquilla,Bronce,False,False,True,4,2,817.0,15,7,7,False
11112,Perú,—,Plata,True,True,True,22,16,7141.0,6,5,6,True
11113,Ecuador,—,Bronce,True,True,False,5,3,1627.0,15,1,5,True
11114,Colombia,Cali,Bronce,False,False,True,1,0,0.0,41,14,10,False
11115,Colombia,Bogotá D.C.,Bronce,False,True,True,1,0,0.0,38,0,6,True
11116,Colombia,Bogotá D.C.,Bronce,False,False,True,0,0,0.0,14,26,10,False
11117,Colombia,Cali,Bronce,False,False,True,2,1,488.0,21,8,10,False
11118,Colombia,Cali,Bronce,False,False,True,2,1,431.0,68,7,8,False
11119,Colombia,Bogotá D.C.,Bronce,True,False,True,1,0,0.0,18,9,4,False
11120,México,—,Bronce,False,False,True,0,0,0.0,7,14,8,False
11121,Colombia,Medellín,Bronce,True,False,True,0,0,0.0,52,2,10,True
11122,Colombia,Cali,Bronce,False,False,True,1,0,0.0,34,0,9,True
11123,Colombia,Bogotá D.C.,Bronce,False,False,False,4,3,1561.0,16,1,6,True
11124,Colombia,Otras ciudades,Bronce,False,False,True,0,0,0.0,15,3,10,True
11125,México,—,Plata,True,False,True,10,7,3424.0,6,1,10,True
11126,Colombia,Otras ciudades,Bronce,True,False,True,3,1,304.0,2,6,9,True
11127,México,—,Bronce,False,False,False,1,0,0.0,14,9,6,False
11128,México,—,Bronce,True,False,True,0,0,0.0,23,0,3,True
11129,Colombia,Santa Marta,Bronce,True,False,True,0,0,0.0,40,12,7,False
11130,Colombia,Bogotá D.C.,Bronce,False,True,True,4,3,1370.0,31,0,4,True
11131,Colombia,Bogotá D.C.,Bronce,True,True,True,1,0,0.0,25,4,9,True
11132,Colombia,Bogotá D.C.,Bronce,False,False,True,0,0,0.0,15,2,4,True
11133,Colombia,Bogotá D.C.,Bronce,False,True,False,3,2,1167.0,22,6,8,True
11134,Colombia,Medellín,Bronce,False,False,True,0,0,0.0,64,3,6,True
11135,Colombia,Bogotá D.C.,Bronce,True,False,False,2,1,720.0,57,11,2,False
11136,Colombia,Otras ciudades,Bronce,False,False,True,3,1,482.0,5,9,3,False
11137,Colombia,Bogotá D.C.,Bronce,False,False,False,0,0,0.0,28,2,8,True
11138,Colombia,Popayán,Bronce,False,True,True,0,0,0.0,17,16,10,False
11139,Colombia,Cali,Bronce,False,True,True,3,2,700.0,19,3,7,True
11140,México,—,Bronce,False,False,True,2,1,483.0,39,10,10,False
11141,Colombia,Valledupar,Plata,True,True,True,18,15,9601.0,37,2,10,True
11142,Colombia,Cali,Bronce,True,False,False,0,0,0.0,39,6,5,True
11143,Colombia,Barranquilla,Plata,False,False,True,12,8,4593.0,67,9,9,False
11144,Colombia,Pereira,Bronce,True,False,False,0,0,0.0,15,1,6,True
11145,Colombia,Pereira,Bronce,False,False,True,1,0,0.0,18,5,6,True
11146,Perú,—,Bronce,False,True,True,2,1,719.0,34,10,9,False
11147,México,—,Plata,False,False,False,11,8,4435.0,15,3,7,True
11148,Colombia,Medellín,Plata,False,True,False,21,16,10935.0,15,12,8,False
11149,Colombia,Otras ciudades,Oro,False,False,True,40,36,18467.0,38,6,7,True
11150,México,—,Bronce,False,True,True,0,0,0.0,8,11,8,False
11151,Colombia,Ibagué,Bronce,False,True,True,0,0,0.0,43,10,8,False
11152,Colombia,Santa Marta,Bronce,False,False,True,0,0,0.0,20,1,10,True
11153,Ecuador,—,Bronce,True,False,False,6,3,1336.0,31,0,9,True
11154,Colombia,Bogotá D.C.,Bronce,True,True,True,6,5,2478.0,25,8,8,False
11155,Colombia,Montería,Bronce,False,True,True,4,2,958.0,10,0,5,True
11156,Ecuador,—,Bronce,False,False,False,0,0,0.0,45,3,6,True
11157,Colombia,Bogotá D.C.,Bronce,True,False,True,0,0,0.0,8,4,8,True
11158,Colombia,Cúcuta,Oro,True,False,False,59,37,13567.0,1,3,7,True
11159,Colombia,Pereira,Bronce,False,False,False,1,0,0.0,12,3,5,True
11160,Colombia,Ibagué,Plata,False,True,True,10,8,3584.0,7,0,6,True
11161,México,—,Bronce,False,False,True,1,0,0.0,85,0,9,True
11162,Colombia,Bogotá D.C.,Bronce,True,True,False,0,0,0.0,26,19,8,False
11163,Colombia,Barranquilla,Bronce,False,False,True,2,1,597.0,90,6,10,True
11164,Colombia,Medellín,Bronce,False,False,False,0,0,0.0,23,5,5,True
11165,Colombia,Bucaramanga,Bronce,False,False,True,1,0,0.0,33,0,8,True
11166,Colombia,Manizales,Oro,True,False,True,45,37,16249.0,19,4,7,True
11167,Colombia,Cali,Oro,False,False,True,29,27,17939.0,42,3,5,True
11168,Colombia,Ibagué,Bronce,False,False,True,0,0,0.0,44,1,10,True
11169,México,—,Bronce,True,False,True,2,1,640.0,37,1,8,True
11170,Colombia,Barranquilla,Bronce,False,False,True,4,2,784.0,21,1,7,True
11171,Chile,—,Bronce,True,False,False,1,0,0.0,13,2,10,True
11172,Colombia,Bogotá D.C.,Bronce,False,False,False,3,2,763.0,22,4,6,True
11173,Colombia,Cúcuta,Bronce,False,False,True,0,0,0.0,36,3,9,True
11174,México,—,Bronce,True,False,True,0,0,0.0,16,11,10,False
11175,Uruguay,—,Bronce,True,False,True,1,0,0.0,11,3,9,True
11176,México,—,Plata,False,False,True,12,9,4197.0,12,7,7,False
11177,México,—,Plata,False,False,True,18,11,6356.0,54,1,10,True
11178,México,—,Plata,True,False,True,10,8,5941.0,9,0,7,True
11179,México,—,Bronce,True,False,True,0,0,0.0,7,0,8,True
11180,Colombia,Bogotá D.C.,Bronce,False,True,True,1,0,0.0,5,1,5,True
11181,Colombia,Medellín,Bronce,False,True,True,2,1,379.0,22,8,3,False
11182,Perú,—,Bronce,True,True,True,0,0,0.0,23,7,6,False
11183,Ecuador,—,Bronce,False,False,True,5,3,1682.0,82,7,9,False
11184,Colombia,Otras ciudades,Bronce,False,False,True,2,1,485.0,5,13,6,False
11185,México,—,Plata,True,True,True,12,8,5109.0,29,7,10,False
11186,Colombia,Bogotá D.C.,Bronce,False,True,True,2,1,375.0,24,11,0,False
11187,Colombia,Bogotá D.C.,Bronce,True,False,True,0,0,0.0,18,2,10,True
11188,Ecuador,—,Bronce,True,False,True,0,0,0.0,37,5,10,True
11189,Colombia,Cartagena,Bronce,False,True,True,0,0,0.0,32,0,6,True
11190,Colombia,Bogotá D.C.,Oro,False,False,True,25,14,7158.0,19,8,8,False
11191,Ecuador,—,Bronce,True,True,True,1,0,0.0,13,9,4,False
11192,Colombia,Medellín,Bronce,False,False,True,4,3,788.0,12,6,10,True
11193,Ecuador,—,Bronce,False,False,True,0,0,0.0,11,11,10,False
11194,Colombia,Cartagena,Plata,True,False,False,14,10,5286.0,5,10,8,False
11195,México,—,Bronce,False,False,True,3,2,781.0,53,4,8,True
11196,Colombia,Cali,Bronce,True,False,True,2,1,573.0,18,1,4,True
11197,Ecuador,—,Bronce,True,True,True,2,1,383.0,32,9,10,False
11198,México,—,Plata,True,False,True,13,11,4903.0,23,7,8,False
11199,México,—,Bronce,False,False,True,2,1,429.0,22,7,5,False
11200,Colombia,Bogotá D.C.,Bronce,False,False,True,3,1,512.0,52,3,5,True
11201,Perú,—,Bronce,False,False,True,1,0,0.0,23,8,6,False
11202,Colombia,Cali,Bronce,True,True,True,0,0,0.0,19,9,8,False
11203,Perú,—,Bronce,True,True,True,7,4,1935.0,7,9,7,False
11204,Colombia,Pasto,Bronce,False,True,True,2,1,565.0,47,9,8,False
11205,Perú,—,Bronce,True,True,True,2,1,624.0,6,7,7,False
11206,México,—,Bronce,False,False,True,0,0,0.0,25,3,6,True
11207,Colombia,Bucaramanga,Plata,True,True,True,20,15,7968.0,14,8,8,False
11208,Colombia,Cali,Platino,True,True,False,83,52,9471.0,14,3,9,True
11209,Colombia,Bogotá D.C.,Oro,True,False,True,25,16,6235.0,8,9,4,False
11210,Colombia,Bogotá D.C.,Bronce,False,True,False,1,0,0.0,31,1,10,True
11211,México,—,Bronce,False,False,True,1,0,0.0,20,3,9,True
11212,México,—,Plata,False,False,True,21,13,7699.0,4,13,9,False
11213,México,—,Bronce,False,False,False,0,0,0.0,5,1,6,True
11214,Colombia,Otras ciudades,Bronce,False,False,False,2,1,615.0,34,0,5,True
11215,Colombia,Villavicencio,Bronce,True,False,True,1,0,0.0,20,9,7,False
11216,Colombia,Bogotá D.C.,Bronce,True,False,True,2,1,562.0,30,8,10,False
11217,México,—,Bronce,True,True,True,5,3,1543.0,6,8,7,False
11218,Perú,—,Bronce,True,False,False,1,0,0.0,25,6,10,True
11219,Colombia,Otras ciudades,Bronce,True,False,True,0,0,0.0,27,4,9,True
11220,Colombia,Bogotá D.C.,Bronce,False,True,True,0,0,0.0,8,4,10,True
11221,Colombia,Otras ciudades,Bronce,False,False,True,2,1,498.0,12,0,10,True
11222,Uruguay,—,Bronce,True,False,True,0,0,0.0,10,20,10,False
11223,Colombia,Bogotá D.C.,Bronce,False,False,False,0,0,0.0,70,19,7,False
11224,Colombia,Bogotá D.C.,Bronce,False,True,True,0,0,0.0,20,17,10,False
11225,Uruguay,—,Bronce,True,False,True,0,0,0.0,39,2,10,True
11226,Colombia,Otras ciudades,Bronce,False,True,True,0,0,0.0,44,0,7,True
11227,Chile,—,Bronce,True,True,True,2,1,460.0,35,5,10,True
11228,Colombia,Bogotá D.C.,Bronce,True,False,True,0,0,0.0,12,4,10,True
11229,Colombia,Bucaramanga,Bronce,True,True,True,4,3,1078.0,16,0,7,True
11230,Colombia,Santa Marta,Bronce,False,True,True,0,0,0.0,68,6,4,True
11231,Ecuador,—,Bronce,False,False,True,7,4,1598.0,13,7,8,False
11232,Colombia,Bogotá D.C.,Bronce,False,False,True,0,0,0.0,35,4,7,True
11233,Colombia,Cartagena,Bronce,False,True,True,1,0,0.0,12,3,4,True
11234,Colombia,Medellín,Bronce,True,True,True,1,0,0.0,16,3,8,True
11235,Colombia,Bogotá D.C.,Plata,True,True,True,8,6,2532.0,109,23,7,False
11236,Perú,—,Bronce,True,False,True,0,0,0.0,12,0,4,True
11237,México,—,Bronce,True,False,True,1,0,0.0,24,3,10,True
11238,México,—,Bronce,True,False,True,1,0,0.0,38,4,5,True
11239,Colombia,Bogotá D.C.,Bronce,False,False,True,3,2,1149.0,30,9,9,False
11240,Colombia,Otras ciudades,Bronce,False,True,False,1,0,0.0,8,5,6,True
11241,Colombia,Bogotá D.C.,Plata,False,True,True,8,5,2056.0,36,6,6,True
11242,Colombia,Otras ciudades,Bronce,True,False,True,0,0,0.0,37,4,7,True
11243,México,—,Bronce,False,False,True,3,1,770.0,14,1,8,True
11244,Colombia,Bogotá D.C.,Bronce,False,False,True,0,0,0.0,58,10,10,False
11245,Colombia,Medellín,Bronce,False,False,True,7,4,1655.0,4,10,8,False
11246,Colombia,Bogotá D.C.,Bronce,True,False,True,0,0,0.0,23,3,7,True
11247,Colombia,Cúcuta,Bronce,True,True,False,0,0,0.0,35,1,7,True
11248,Colombia,Bogotá D.C.,Bronce,False,True,True,0,0,0.0,8,3,10,True
11249,Colombia,Bogotá D.C.,Bronce,False,False,True,2,1,535.0,13,2,7,True
11250,Colombia,Bogotá D.C.,Bronce,True,False,True,0,0,0.0,48,1,5,True
11251,México,—,Bronce,False,True,True,7,5,3088.0,10,3,4,True
11252,Colombia,Armenia,Bronce,False,True,True,2,1,441.0,18,10,9,False
11253,Colombia,Bogotá D.C.,Bronce,False,False,True,7,5,3720.0,24,1,8,True
11254,México,—,Bronce,False,False,False,3,2,1397.0,31,16,9,False
11255,Colombia,Bogotá D.C.,Plata,True,True,True,8,5,4297.0,26,27,8,False
11256,Perú,—,Bronce,False,True,True,0,0,0.0,47,4,10,True
11257,México,—,Bronce,False,False,True,1,0,0.0,11,2,7,True
11258,México,—,Bronce,False,True,True,6,4,1280.0,37,2,5,True
11259,Colombia,Bucaramanga,Plata,True,True,True,9,6,3039.0,32,3,10,True
11260,Perú,—,Bronce,False,False,True,1,0,0.0,29,2,10,True
11261,Colombia,Cali,Bronce,True,False,True,1,0,0.0,52,1,8,True
11262,Colombia,Bogotá D.C.,Bronce,True,False,True,0,0,0.0,13,13,9,False
11263,Colombia,Barranquilla,Bronce,True,True,False,0,0,0.0,13,14,9,False
11264,Ecuador,—,Bronce,False,False,True,7,5,2173.0,46,2,7,True
11265,México,—,Bronce,False,True,False,1,0,0.0,40,7,10,False
11266,México,—,Bronce,False,True,False,0,0,0.0,24,14,10,False
11267,Ecuador,—,Bronce,True,False,True,6,5,3300.0,8,12,9,False
11268,México,—,Bronce,True,False,True,0,0,0.0,28,2,4,True
11269,México,—,Bronce,False,False,True,2,1,250.0,69,4,9,True
11270,Colombia,Bogotá D.C.,Bronce,False,True,False,3,2,721.0,6,14,5,False
11271,Colombia,Cali,Bronce,False,False,True,5,3,1301.0,22,10,5,False
11272,Colombia,Medellín,Bronce,False,False,True,3,1,480.0,24,16,8,False
11273,Colombia,Manizales,Bronce,True,False,True,3,2,834.0,12,5,4,True
11274,Colombia,Barranquilla,Bronce,False,False,True,0,0,0.0,18,9,9,False
11275,Colombia,Bogotá D.C.,Bronce,True,False,True,4,3,1219.0,83,2,10,True
11276,Colombia,Sincelejo,Bronce,False,False,False,0,0,0.0,7,1,4,True
11277,México,—,Bronce,True,False,True,0,0,0.0,44,2,8,True
11278,Perú,—,Bronce,False,False,True,6,5,2288.0,28,8,7,False
11279,Colombia,Ibagué,Bronce,True,True,True,6,4,1797.0,8,6,7,True
11280,Colombia,Bogotá D.C.,Bronce,True,False,True,0,0,0.0,51,20,5,False
11281,Colombia,Bogotá D.C.,Bronce,True,True,True,0,0,0.0,34,4,8,True
11282,Colombia,Bogotá D.C.,Bronce,False,False,True,1,0,0.0,5,3,10,True
11283,Colombia,Otras ciudades,Bronce,False,True,False,4,2,1025.0,56,16,9,False
11284,Colombia,Pasto,Bronce,False,False,True,4,3,1736.0,73,9,4,False
11285,Colombia,Bogotá D.C.,Bronce,False,False,False,1,0,0.0,4,7,6,False
11286,Colombia,Bogotá D.C.,Plata,False,False,False,14,9,4531.0,38,0,9,True
11287,México,—,Bronce,True,False,True,0,0,0.0,27,7,10,False
11288,Colombia,Otras ciudades,Bronce,True,False,True,0,0,0.0,39,2,8,True
11289,Colombia,Sincelejo,Plata,False,False,False,10,7,4576.0,24,3,5,True
11290,Ecuador,—,Bronce,True,True,True,0,0,0.0,56,0,7,True
11291,Colombia,Bogotá D.C.,Bronce,False,False,True,1,0,0.0,11,1,8,True
11292,Colombia,Villavicencio,Bronce,True,False,True,7,5,2214.0,27,12,10,False
11293,Colombia,Bogotá D.C.,Bronce,True,False,True,1,0,0.0,23,8,10,False
11294,México,—,Bronce,False,False,True,1,0,0.0,26,4,10,True
11295,Colombia,Otras ciudades,Bronce,True,False,True,3,2,934.0,16,1,7,True
11296,México,—,Plata,False,False,True,22,19,8841.0,62,3,8,True
11297,México,—,Bronce,False,False,False,5,4,1132.0,10,1,10,True
11298,Colombia,Sincelejo,Bronce,False,False,True,1,0,0.0,42,4,10,True
11299,Colombia,Otras ciudades,Plata,False,True,False,18,11,5293.0,1,20,5,False
11300,Colombia,Manizales,Bronce,True,True,True,0,0,0.0,56,2,6,True
11301,Perú,—,Bronce,False,False,True,1,0,0.0,12,19,8,False
11302,Chile,—,Bronce,True,True,True,0,0,0.0,12,0,7,True
11303,Colombia,Bogotá D.C.,Plata,True,False,True,11,10,4582.0,24,7,9,False
11304,Colombia,Medellín,Plata,False,True,True,13,10,5429.0,44,8,6,False
11305,Colombia,Otras ciudades,Platino,True,False,True,114,82,44430.0,18,7,8,False
11306,Colombia,Bogotá D.C.,Bronce,False,True,True,0,0,0.0,11,5,7,True
11307,Uruguay,—,Bronce,True,False,True,0,0,0.0,13,11,7,False
11308,Colombia,Bogotá D.C.,Bronce,False,False,True,0,0,0.0,4,9,8,False
11309,Colombia,Cali,Bronce,True,True,True,0,0,0.0,5,5,4,True
11310,Colombia,Medellín,Bronce,False,False,True,1,0,0.0,26,11,6,False
11311,Colombia,Medellín,Oro,True,False,True,29,22,11031.0,36,8,10,False
11312,Colombia,Barranquilla,Bronce,True,False,True,0,0,0.0,13,14,4,False
11313,Colombia,Otras ciudades,Bronce,True,False,False,3,2,749.0,27,0,5,True
11314,Colombia,Cali,Bronce,True,True,True,2,1,610.0,26,6,9,True
11315,Colombia,Ibagué,Bronce,False,True,False,1,0,0.0,4,8,6,False
11316,Colombia,Bogotá D.C.,Bronce,True,True,False,0,0,0.0,16,1,7,True
11317,Colombia,Bogotá D.C.,Bronce,True,True,True,0,0,0.0,26,15,9,False
11318,Perú,—,Bronce,True,False,True,0,0,0.0,6,8,8,False
11319,Colombia,Montería,Bronce,True,True,True,0,0,0.0,26,6,6,True
11320,Colombia,Bogotá D.C.,Bronce,False,True,True,5,3,1727.0,47,3,7,True
11321,Colombia,Medellín,Bronce,False,True,True,0,0,0.0,10,13,8,False
11322,Colombia,Bogotá D.C.,Bronce,True,False,True,2,1,602.0,21,5,10,True
11323,Ecuador,—,Bronce,False,True,True,0,0,0.0,27,7,9,False
11324,México,—,Plata,False,False,True,8,5,3281.0,36,1,10,True
11325,Perú,—,Bronce,False,False,False,0,0,0.0,8,1,8,True
11326,Ecuador,—,Bronce,True,False,True,1,0,0.0,67,4,10,True
11327,Colombia,Otras ciudades,Bronce,False,True,True,0,0,0.0,60,2,6,True
11328,Perú,—,Bronce,False,False,True,1,0,0.0,11,9,8,False
11329,Colombia,Barranquilla,Bronce,True,False,True,2,1,507.0,22,14,7,False
11330,Colombia,Bogotá D.C.,Bronce,False,False,True,4,2,1089.0,19,1,2,True
11331,Ecuador,—,Bronce,False,False,True,0,0,0.0,5,1,8,True
11332,Colombia,Bogotá D.C.,Bronce,False,True,True,4,2,795.0,7,3,10,True
11333,Colombia,Cali,Bronce,False,True,True,6,4,2040.0,57,14,6,False
11334,México,—,Plata,False,False,True,8,5,3141.0,40,0,9,True
11335,México,—,Bronce,False,False,True,1,0,0.0,49,3,10,True
11336,Colombia,Bogotá D.C.,Bronce,True,False,True,3,2,1220.0,75,3,7,True
11337,Colombia,Cartagena,Bronce,False,False,False,0,0,0.0,2,15,9,False
11338,México,—,Plata,False,True,True,10,8,4999.0,49,7,9,False
11339,Colombia,Villavicencio,Bronce,False,True,True,2,1,439.0,2,2,5,True
11340,Perú,—,Bronce,True,False,True,6,4,1846.0,2,13,8,False
11341,Colombia,Barranquilla,Plata,True,True,True,9,5,2168.0,35,6,7,True
11342,México,—,Bronce,False,True,True,1,0,0.0,29,6,8,True
11343,Perú,—,Bronce,True,True,False,0,0,0.0,36,4,10,True
11344,Colombia,Cali,Bronce,False,False,True,1,0,0.0,40,9,6,False
11345,México,—,Bronce,False,False,True,0,0,0.0,41,7,8,False
11346,Perú,—,Platino,True,False,True,77,69,35427.0,9,3,2,True
11347,Colombia,Villavicencio,Bronce,True,False,False,1,0,0.0,10,16,7,False
11348,Colombia,Bogotá D.C.,Bronce,False,True,True,2,1,381.0,83,5,7,True
11349,Colombia,Cartagena,Bronce,True,False,True,4,2,1313.0,69,8,7,False
11350,Colombia,Bucaramanga,Bronce,False,False,True,2,1,492.0,3,2,8,True
11351,Colombia,Bogotá D.C.,Bronce,False,True,True,0,0,0.0,1,2,2,True
11352,Uruguay,—,Bronce,False,True,True,2,1,351.0,33,3,4,True
11353,Colombia,Villavicencio,Bronce,False,False,True,1,0,0.0,29,1,8,True
11354,México,—,Oro,False,False,False,47,30,14805.0,27,1,10,True
11355,Colombia,Barranquilla,Bronce,True,False,False,0,0,0.0,31,3,9,True
11356,Colombia,Armenia,Bronce,True,False,True,2,1,535.0,46,30,9,False
11357,México,—,Bronce,False,False,False,0,0,0.0,20,0,5,True
11358,Colombia,Cartagena,Bronce,True,False,True,3,1,447.0,49,12,10,False
11359,Ecuador,—,Bronce,True,True,True,0,0,0.0,30,0,10,True
11360,Colombia,Cali,Bronce,False,False,True,0,0,0.0,8,0,7,True
11361,Colombia,Otras ciudades,Bronce,True,False,True,3,2,1304.0,18,3,7,True
11362,Ecuador,—,Bronce,False,False,True,3,1,574.0,14,2,5,True
11363,Uruguay,—,Platino,False,False,True,114,100,44640.0,34,4,9,True
11364,Perú,—,Bronce,False,True,True,0,0,0.0,42,9,9,False
11365,Colombia,Cali,Bronce,True,True,True,0,0,0.0,67,2,6,True
11366,Colombia,Barranquilla,Bronce,True,False,True,3,2,336.0,6,10,5,False
11367,México,—,Bronce,False,False,True,1,0,0.0,15,2,10,True
11368,Colombia,Medellín,Bronce,False,True,True,1,0,0.0,57,32,10,False
11369,México,—,Bronce,False,False,True,3,2,1128.0,42,3,5,True
11370,Colombia,Medellín,Bronce,False,True,False,0,0,0.0,8,4,9,True
11371,México,—,Bronce,False,False,False,2,1,561.0,23,4,9,True
11372,Perú,—,Plata,True,True,True,12,7,3604.0,27,12,10,False
11373,Ecuador,—,Bronce,False,False,True,1,0,0.0,64,9,8,False
11374,Colombia,Bogotá D.C.,Plata,True,False,True,10,6,3792.0,10,9,5,False
11375,Colombia,Bogotá D.C.,Bronce,True,True,True,1,0,0.0,7,16,6,False
11376,Colombia,Bogotá D.C.,Bronce,False,False,True,1,0,0.0,19,6,8,True
11377,Colombia,Bogotá D.C.,Plata,False,False,True,12,9,5835.0,46,7,9,False
11378,México,—,Plata,False,False,True,9,5,3146.0,13,2,9,True
11379,Colombia,Cartagena,Bronce,True,False,True,0,0,0.0,31,12,6,False
11380,Colombia,Otras ciudades,Bronce,False,False,False,0,0,0.0,68,2,9,True
11381,Colombia,Bogotá D.C.,Bronce,True,False,True,2,1,550.0,97,7,10,False
11382,Colombia,Cali,Bronce,True,False,True,2,1,664.0,91,0,3,True
11383,Colombia,Cali,Bronce,False,True,True,1,0,0.0,24,2,7,True
11384,Ecuador,—,Bronce,False,True,True,0,0,0.0,12,2,6,True
11385,Perú,—,Plata,True,False,True,10,6,2604.0,19,4,9,True
11386,Colombia,Bogotá D.C.,Bronce,True,False,True,6,4,2194.0,24,8,10,False
11387,Colombia,Medellín,Bronce,True,False,True,0,0,0.0,28,6,7,True
11388,Colombia,Bogotá D.C.,Bronce,False,False,True,6,4,2024.0,22,4,9,True
11389,Ecuador,—,Bronce,False,False,True,4,3,1482.0,12,2,10,True
11390,Uruguay,—,Bronce,True,True,True,7,4,1613.0,21,8,9,False
11391,Colombia,Bogotá D.C.,Bronce,True,False,True,4,2,838.0,30,4,3,True
11392,Colombia,Bogotá D.C.,Bronce,False,True,True,0,0,0.0,10,1,6,True
11393,Colombia,Barranquilla,Bronce,False,False,False,7,5,2245.0,30,3,6,True
11394,Colombia,Medellín,Plata,False,False,True,16,9,3996.0,1,5,8,True
11395,Colombia,Barranquilla,Bronce,False,True,False,2,1,513.0,26,9,9,False
11396,Colombia,Bogotá D.C.,Bronce,True,True,True,0,0,0.0,86,10,3,False
11397,Colombia,Medellín,Bronce,True,False,True,2,1,562.0,42,13,5,False
11398,Colombia,Bogotá D.C.,Oro,True,False,False,48,31,13946.0,6,6,6,True
11399,Ecuador,—,Bronce,False,False,True,1,0,0.0,46,1,5,True
11400,México,—,Bronce,True,True,True,4,2,924.0,12,2,8,True
11401,Colombia,Otras ciudades,Bronce,False,True,True,3,2,946.0,33,10,9,False
11402,Colombia,Medellín,Bronce,False,False,True,7,4,1573.0,4,3,6,True
11403,México,—,Bronce,True,True,False,0,0,0.0,2,11,7,False
11404,Colombia,Bogotá D.C.,Bronce,True,False,True,1,0,0.0,31,13,6,False
11405,Colombia,Bogotá D.C.,Plata,True,True,True,10,6,2160.0,12,3,8,True
11406,Colombia,Pereira,Bronce,True,False,True,0,0,0.0,16,7,10,False
11407,Uruguay,—,Bronce,False,False,True,3,1,391.0,47,8,9,False
11408,Colombia,Bogotá D.C.,Bronce,False,False,True,0,0,0.0,2,4,8,True
11409,México,—,Bronce,False,False,False,2,1,470.0,11,36,8,False
11410,Colombia,Otras ciudades,Bronce,False,True,True,0,0,0.0,22,7,7,False
11411,Uruguay,—,Bronce,True,False,True,0,0,0.0,12,3,4,True
11412,Colombia,Otras ciudades,Bronce,True,True,True,0,0,0.0,26,2,10,True
11413,Colombia,Bogotá D.C.,Bronce,True,False,True,1,0,0.0,29,3,7,True
11414,Uruguay,—,Oro,False,False,True,27,19,6553.0,12,8,9,False
11415,Colombia,Medellín,Bronce,False,False,False,0,0,0.0,44,10,9,False
11416,Colombia,Otras ciudades,Bronce,True,False,True,0,0,0.0,43,1,4,True
11417,Chile,—,Bronce,True,False,True,2,1,445.0,15,0,6,True
11418,Colombia,Cartagena,Plata,False,True,True,20,12,7330.0,21,4,9,True
11419,Colombia,Bogotá D.C.,Plata,True,True,True,11,7,4260.0,19,0,8,True
11420,Chile,—,Bronce,True,False,True,0,0,0.0,46,8,5,False
11421,Uruguay,—,Bronce,False,True,False,2,1,520.0,40,14,7,False
11422,México,—,Bronce,False,False,True,0,0,0.0,44,11,4,False
11423,México,—,Bronce,False,False,True,0,0,0.0,24,5,6,True
11424,Colombia,Bogotá D.C.,Bronce,False,True,False,1,0,0.0,39,2,10,True
11425,Ecuador,—,Plata,True,False,True,17,10,6820.0,17,2,7,True
11426,México,—,Bronce,True,False,True,3,1,642.0,49,3,10,True
11427,Colombia,Santa Marta,Bronce,False,False,True,3,2,1069.0,7,4,5,True
11428,Colombia,Bogotá D.C.,Bronce,True,False,True,1,0,0.0,35,1,6,True
11429,México,—,Bronce,True,True,True,0,0,0.0,31,5,5,True
11430,Ecuador,—,Bronce,True,False,False,2,1,669.0,28,1,5,True
11431,Uruguay,—,Plata,False,True,True,11,6,3654.0,30,0,5,True
11432,Colombia,Medellín,Bronce,False,False,True,6,3,1454.0,20,0,9,True
11433,Colombia,Cartagena,Bronce,False,False,True,0,0,0.0,17,5,8,True
11434,Colombia,Medellín,Plata,False,False,True,12,9,3990.0,12,7,9,False
11435,México,—,Bronce,False,False,True,2,1,405.0,9,1,8,True
11436,México,—,Plata,True,False,True,16,14,11128.0,14,5,6,True
11437,Colombia,Otras ciudades,Bronce,False,False,True,0,0,0.0,10,9,6,False
11438,Colombia,Barranquilla,Bronce,True,False,True,1,0,0.0,40,5,7,True
11439,Colombia,Otras ciudades,Bronce,True,False,True,1,0,0.0,15,2,7,True
11440,Colombia,Otras ciudades,Oro,True,True,True,30,24,14287.0,6,8,10,False
11441,Colombia,Cúcuta,Bronce,True,False,False,7,5,2865.0,9,1,7,True
11442,Colombia,Barranquilla,Bronce,False,False,True,0,0,0.0,8,6,8,True
11443,Colombia,Medellín,Bronce,True,False,True,4,3,1577.0,25,3,6,True
11444,Colombia,Medellín,Bronce,False,False,True,0,0,0.0,51,2,6,True
11445,Colombia,Otras ciudades,Bronce,False,False,False,0,0,0.0,17,20,6,False
11446,Colombia,Montería,Bronce,False,False,True,0,0,0.0,74,5,3,True
11447,Colombia,Barranquilla,Bronce,False,False,False,0,0,0.0,18,3,6,True
11448,México,—,Bronce,False,True,True,5,3,1796.0,45,11,3,False
11449,Colombia,Bogotá D.C.,Bronce,True,False,False,2,1,277.0,8,7,4,False
11450,Colombia,Bogotá D.C.,Bronce,True,False,True,6,4,2214.0,19,2,5,True
11451,México,—,Bronce,False,False,True,0,0,0.0,24,9,8,False
11452,México,—,Bronce,False,False,True,7,5,2864.0,57,3,8,True
11453,Uruguay,—,Bronce,False,False,False,0,0,0.0,8,3,10,True
11454,Colombia,Bogotá D.C.,Platino,False,False,False,204,189,65893.0,6,3,9,True
11455,Colombia,Armenia,Bronce,False,False,True,4,2,758.0,37,6,8,True
11456,Colombia,Pereira,Bronce,True,True,False,4,2,1247.0,8,1,6,True
11457,Colombia,Bogotá D.C.,Bronce,True,False,True,1,0,0.0,32,2,5,True
11458,Colombia,Bogotá D.C.,Plata,False,False,True,16,14,8859.0,14,10,10,False
11459,Colombia,Medellín,Plata,False,False,True,12,9,5968.0,33,1,6,True
11460,Chile,—,Oro,True,False,True,46,40,17902.0,29,7,6,False
11461,Uruguay,—,Plata,False,False,True,22,13,6995.0,8,4,6,True
11462,México,—,Bronce,False,False,True,2,1,467.0,5,8,6,False
11463,Colombia,Cali,Bronce,False,True,True,2,1,420.0,20,20,8,False
11464,Colombia,Medellín,Bronce,False,False,True,0,0,0.0,8,4,4,True
11465,Colombia,Medellín,Bronce,False,True,False,0,0,0.0,21,12,7,False
11466,Perú,—,Plata,False,False,True,8,5,2339.0,11,3,3,True
11467,México,—,Bronce,True,False,True,2,1,582.0,66,1,10,True
11468,Colombia,Villavicencio,Plata,True,False,True,9,8,4749.0,81,5,8,True
11469,Colombia,Pereira,Bronce,True,False,True,0,0,0.0,35,9,10,False
11470,Ecuador,—,Bronce,False,False,True,1,0,0.0,1,4,7,True
11471,Colombia,Pasto,Bronce,False,False,True,0,0,0.0,9,0,6,True
11472,Colombia,Bogotá D.C.,Bronce,True,False,True,5,4,2030.0,5,13,8,False
11473,Perú,—,Plata,False,False,True,15,12,5265.0,8,2,7,True
11474,Colombia,Bogotá D.C.,Bronce,False,True,False,3,2,813.0,27,13,6,False
11475,Colombia,Medellín,Bronce,False,False,False,6,4,1935.0,32,3,8,True
11476,Perú,—,Bronce,False,False,True,0,0,0.0,26,6,9,True
11477,Colombia,Cali,Bronce,True,False,False,4,2,1326.0,19,12,10,False
11478,Ecuador,—,Plata,False,False,True,9,7,3653.0,29,4,9,True
11479,Colombia,Bogotá D.C.,Bronce,False,True,True,1,0,0.0,38,3,6,True
11480,Colombia,Bogotá D.C.,Oro,False,False,False,48,31,16708.0,7,6,10,True
11481,Colombia,Cali,Bronce,True,False,True,0,0,0.0,67,6,10,True
11482,Colombia,Medellín,Plata,False,False,True,10,7,3551.0,101,2,10,True
11483,Perú,—,Bronce,False,False,False,2,1,422.0,59,14,6,False
11484,Colombia,Bucaramanga,Bronce,True,False,True,0,0,0.0,68,6,4,True
11485,México,—,Bronce,True,True,True,0,0,0.0,45,4,4,True
11486,Colombia,Otras ciudades,Bronce,False,True,True,3,1,490.0,29,6,9,True
11487,Colombia,Bucaramanga,Bronce,False,True,True,4,2,609.0,22,13,6,False
11488,México,—,Bronce,True,True,True,0,0,0.0,66,8,10,False
11489,Perú,—,Bronce,False,False,True,4,3,1730.0,94,6,10,True
11490,México,—,Bronce,False,False,False,3,2,934.0,8,14,4,False
11491,México,—,Bronce,False,True,True,0,0,0.0,5,1,6,True
11492,Ecuador,—,Bronce,True,True,True,1,0,0.0,26,3,9,True
11493,Colombia,Bogotá D.C.,Bronce,False,False,True,0,0,0.0,27,10,8,False
11494,México,—,Bronce,False,False,True,5,4,1872.0,16,2,7,True
11495,México,—,Bronce,False,False,True,0,0,0.0,12,9,7,False
11496,Colombia,Barranquilla,Bronce,False,False,True,1,0,0.0,10,9,8,False
11497,Colombia,Popayán,Bronce,False,True,True,3,2,1169.0,53,9,7,False
11498,Colombia,Popayán,Bronce,False,False,True,3,2,847.0,4,0,5,True
11499,Colombia,Bucaramanga,Bronce,True,True,True,3,2,1186.0,15,16,10,False
11500,Colombia,Otras ciudades,Bronce,False,False,True,2,1,330.0,17,5,6,True
11501,Perú,—,Bronce,False,False,True,2,1,674.0,27,14,1,False
11502,Colombia,Bogotá D.C.,Bronce,True,True,True,0,0,0.0,3,6,10,True
11503,Perú,—,Bronce,True,False,True,0,0,0.0,14,13,7,False
11504,México,—,Bronce,True,False,True,0,0,0.0,25,6,6,True
11505,Ecuador,—,Bronce,False,False,True,1,0,0.0,39,9,7,False
11506,Colombia,Bogotá D.C.,Oro,False,False,True,31,21,14462.0,8,8,7,False
11507,Colombia,Barranquilla,Bronce,True,False,True,4,3,1024.0,9,4,8,True
11508,Colombia,Bogotá D.C.,Bronce,False,False,True,1,0,0.0,49,11,7,False
11509,Colombia,Cali,Bronce,True,False,False,1,0,0.0,94,0,10,True
11510,Colombia,Pereira,Bronce,True,True,False,3,2,1438.0,35,19,4,False
11511,Colombia,Bogotá D.C.,Bronce,False,False,True,1,0,0.0,11,9,9,False
11512,Colombia,Barranquilla,Bronce,False,False,True,1,0,0.0,64,9,5,False
11513,Ecuador,—,Bronce,False,False,True,5,4,1787.0,63,5,9,True
11514,Perú,—,Bronce,True,False,False,0,0,0.0,55,3,6,True
11515,Ecuador,—,Bronce,True,False,True,0,0,0.0,19,6,9,True
11516,Colombia,Bogotá D.C.,Plata,False,False,True,8,6,2650.0,10,8,9,False
11517,México,—,Plata,False,False,True,8,5,1999.0,16,2,10,True
11518,Colombia,Cali,Bronce,False,False,False,0,0,0.0,48,11,6,False
11519,Colombia,Bogotá D.C.,Bronce,False,False,True,0,0,0.0,29,4,7,True
11520,Colombia,Otras ciudades,Bronce,False,False,True,0,0,0.0,12,2,6,True
11521,Colombia,Barranquilla,Bronce,False,False,True,2,1,370.0,16,6,6,True
11522,México,—,Bronce,True,False,True,0,0,0.0,5,4,3,True
11523,Colombia,Barranquilla,Plata,False,False,True,9,7,2353.0,28,6,5,True
11524,Colombia,Medellín,Bronce,True,False,True,1,0,0.0,40,8,9,False
11525,Colombia,Otras ciudades,Bronce,True,False,False,3,2,916.0,48,4,7,True
11526,México,—,Bronce,False,True,True,1,0,0.0,19,4,6,True
11527,Colombia,Otras ciudades,Bronce,True,False,False,2,1,434.0,20,19,10,False
11528,Colombia,Bogotá D.C.,Bronce,False,False,True,0,0,0.0,3,1,8,True
11529,Colombia,Cali,Bronce,True,True,True,1,0,0.0,23,6,6,True
11530,Colombia,Cartagena,Bronce,True,True,True,1,0,0.0,50,8,6,False
11531,Colombia,Otras ciudades,Bronce,False,True,True,0,0,0.0,6,12,10,False
11532,Colombia,Cartagena,Bronce,True,False,True,1,0,0.0,26,0,9,True
11533,Colombia,Cali,Plata,False,False,False,9,6,2653.0,20,8,7,False
11534,Ecuador,—,Bronce,False,False,False,0,0,0.0,7,14,6,False
11535,Colombia,Medellín,Bronce,True,False,False,1,0,0.0,37,9,6,False
11536,Colombia,Medellín,Bronce,False,True,True,2,1,585.0,15,0,9,True
11537,Uruguay,—,Bronce,False,True,False,0,0,0.0,35,1,5,True
11538,Colombia,Ibagué,Plata,False,False,True,11,9,5015.0,27,1,5,True
11539,México,—,Bronce,True,False,True,0,0,0.0,52,8,4,False
11540,México,—,Bronce,False,False,True,0,0,0.0,27,1,7,True
11541,Chile,—,Bronce,True,False,True,0,0,0.0,27,6,6,True
11542,Colombia,Cali,Bronce,False,False,False,1,0,0.0,16,3,7,True
11543,Colombia,Bogotá D.C.,Bronce,False,False,True,0,0,0.0,4,11,7,False
11544,Colombia,Santa Marta,Bronce,True,False,False,0,0,0.0,33,0,10,True
11545,México,—,Bronce,False,False,True,4,3,1279.0,16,3,7,True
11546,Colombia,Barranquilla,Bronce,True,False,True,7,6,2309.0,14,5,8,True
11547,Colombia,Cúcuta,Bronce,False,True,True,3,2,645.0,19,10,3,False
11548,Colombia,Barranquilla,Bronce,False,True,True,1,0,0.0,32,2,8,True
11549,Ecuador,—,Platino,True,False,True,83,74,32151.0,60,15,7,False
11550,Colombia,Bucaramanga,Bronce,True,True,True,4,2,893.0,35,4,9,True
11551,Colombia,Barranquilla,Plata,False,False,True,10,8,1896.0,2,2,9,True
11552,Perú,—,Bronce,False,True,True,0,0,0.0,27,8,6,False
11553,México,—,Bronce,False,True,True,0,0,0.0,9,1,10,True
11554,Colombia,Bogotá D.C.,Bronce,False,False,True,6,4,2577.0,71,8,7,False
11555,Colombia,Pasto,Bronce,False,False,True,2,1,562.0,98,8,7,False
11556,Colombia,Bogotá D.C.,Bronce,True,False,True,0,0,0.0,27,7,10,False
11557,Uruguay,—,Bronce,True,True,True,0,0,0.0,40,3,8,True
11558,Colombia,Bogotá D.C.,Bronce,False,True,True,4,3,1814.0,35,3,6,True
11559,México,—,Bronce,True,True,False,2,1,727.0,7,2,2,True
11560,Colombia,Medellín,Bronce,False,True,True,1,0,0.0,29,2,5,True
11561,Colombia,Bogotá D.C.,Bronce,True,False,False,3,2,1126.0,21,4,10,True
11562,Ecuador,—,Bronce,False,True,True,4,3,1490.0,2,9,10,False
11563,Colombia,Montería,Bronce,False,True,True,2,1,448.0,10,7,7,False
11564,Colombia,Medellín,Bronce,True,False,True,0,0,0.0,22,1,7,True
11565,Colombia,Popayán,Bronce,False,False,True,1,0,0.0,27,2,8,True
11566,Colombia,Bogotá D.C.,Bronce,True,False,False,0,0,0.0,32,8,9,False
11567,Colombia,Bogotá D.C.,Plata,False,True,False,11,6,2563.0,42,19,9,False
11568,Colombia,Otras ciudades,Bronce,False,True,True,7,5,1998.0,28,1,6,True
11569,Colombia,Bogotá D.C.,Bronce,False,False,True,0,0,0.0,38,0,9,True
11570,Colombia,Bogotá D.C.,Bronce,True,True,True,1,0,0.0,27,6,8,True
11571,México,—,Bronce,False,True,True,3,2,1073.0,7,4,10,True
11572,Perú,—,Bronce,True,True,True,1,0,0.0,114,12,4,False
11573,Colombia,Ibagué,Bronce,False,False,True,1,0,0.0,1,9,6,False
11574,México,—,Bronce,True,False,True,2,1,422.0,16,5,10,True
11575,Ecuador,—,Bronce,False,False,False,0,0,0.0,17,9,6,False
11576,Perú,—,Bronce,True,False,True,0,0,0.0,7,7,5,False
11577,Uruguay,—,Plata,True,False,False,8,5,2523.0,25,7,6,False
11578,Colombia,Bogotá D.C.,Bronce,False,False,True,3,1,594.0,29,4,9,True
11579,Colombia,Barranquilla,Bronce,True,True,True,4,2,706.0,16,12,10,False
11580,Colombia,Valledupar,Bronce,True,False,False,3,2,1151.0,21,2,10,True
11581,Colombia,Cúcuta,Bronce,False,True,True,0,0,0.0,1,5,10,True
11582,México,—,Bronce,True,False,True,4,2,908.0,26,4,10,True
11583,Perú,—,Platino,False,False,True,69,58,25652.0,14,13,9,False
11584,Colombia,Bogotá D.C.,Bronce,False,False,True,0,0,0.0,27,11,9,False
11585,Colombia,Medellín,Bronce,False,False,True,0,0,0.0,31,1,6,True
11586,Colombia,Medellín,Bronce,False,False,True,1,0,0.0,6,1,10,True
11587,Colombia,Otras ciudades,Bronce,True,False,True,0,0,0.0,10,27,10,False
11588,Colombia,Medellín,Bronce,True,True,True,1,0,0.0,13,6,9,True
11589,México,—,Bronce,True,False,True,0,0,0.0,24,9,6,False
11590,Colombia,Bucaramanga,Bronce,False,True,True,0,0,0.0,39,10,7,False
11591,Colombia,Pasto,Bronce,False,False,True,0,0,0.0,36,9,8,False
11592,Ecuador,—,Bronce,False,False,False,0,0,0.0,30,5,5,True
11593,Colombia,Pasto,Bronce,False,False,True,2,1,428.0,21,1,7,True
11594,Colombia,Bogotá D.C.,Bronce,False,False,True,2,1,423.0,57,19,6,False
11595,Colombia,Cali,Bronce,False,False,True,0,0,0.0,34,0,9,True
11596,Uruguay,—,Bronce,False,True,False,0,0,0.0,47,6,5,True
11597,México,—,Bronce,True,False,True,0,0,0.0,18,14,6,False
11598,Colombia,Bogotá D.C.,Bronce,False,False,True,0,0,0.0,59,2,10,True
11599,Colombia,Bogotá D.C.,Bronce,False,False,True,1,0,0.0,1,1,6,True
11600,Colombia,Medellín,Bronce,False,False,True,1,0,0.0,92,1,7,True
11601,Colombia,Pereira,Bronce,True,True,True,1,0,0.0,31,7,7,False
11602,Ecuador,—,Bronce,True,True,True,5,3,799.0,9,2,6,True
11603,Ecuador,—,Plata,False,True,False,14,12,6016.0,30,6,7,True
11604,Ecuador,—,Bronce,True,False,True,1,0,0.0,24,0,7,True
11605,Colombia,Ibagué,Plata,False,False,True,19,16,9570.0,66,4,7,True
11606,Colombia,Bogotá D.C.,Bronce,False,True,True,2,1,707.0,24,3,8,True
11607,Uruguay,—,Plata,True,False,True,8,6,4092.0,31,2,4,True
11608,Colombia,Pereira,Bronce,False,False,False,6,4,2488.0,9,2,10,True
11609,Colombia,Sincelejo,Bronce,True,False,True,0,0,0.0,20,1,7,True
11610,Ecuador,—,Bronce,False,True,True,0,0,0.0,25,4,9,True
11611,Colombia,Bogotá D.C.,Bronce,False,False,True,0,0,0.0,54,7,9,False
11612,México,—,Bronce,False,True,False,5,4,2938.0,27,16,7,False
11613,Colombia,Manizales,Bronce,True,False,True,2,1,674.0,41,0,3,True
11614,México,—,Bronce,True,False,True,0,0,0.0,17,4,7,True
11615,Chile,—,Bronce,True,False,True,1,0,0.0,23,6,4,True
11616,Uruguay,—,Bronce,False,False,True,0,0,0.0,27,9,8,False
11617,México,—,Bronce,True,False,False,3,2,523.0,27,5,8,True
11618,Colombia,Otras ciudades,Plata,True,False,True,14,11,5226.0,12,3,9,True
11619,Colombia,Montería,Bronce,True,False,False,1,0,0.0,31,12,10,False
11620,Colombia,Bogotá D.C.,Bronce,False,False,False,2,1,611.0,10,9,3,False
11621,Colombia,Cali,Bronce,False,True,False,0,0,0.0,17,2,9,True
11622,México,—,Bronce,True,False,True,1,0,0.0,5,3,6,True
11623,Colombia,Medellín,Bronce,False,False,True,0,0,0.0,13,2,5,True
11624,Colombia,Otras ciudades,Plata,False,False,False,9,8,3812.0,10,2,5,True
11625,México,—,Bronce,False,False,True,2,1,557.0,28,6,10,True
11626,México,—,Bronce,True,False,True,7,4,2338.0,26,8,9,False
11627,Ecuador,—,Bronce,False,False,True,1,0,0.0,10,4,4,True
11628,Ecuador,—,Bronce,False,True,True,0,0,0.0,31,4,4,True
11629,Colombia,Medellín,Bronce,False,True,True,0,0,0.0,13,5,9,True
11630,Colombia,Bogotá D.C.,Bronce,True,True,True,0,0,0.0,24,2,6,True
11631,México,—,Bronce,False,False,False,6,3,1416.0,31,11,7,False
11632,Colombia,Pereira,Bronce,False,False,False,0,0,0.0,29,7,2,False
11633,México,—,Bronce,False,False,False,1,0,0.0,29,4,7,True
11634,Colombia,Bogotá D.C.,Plata,False,False,True,10,8,3133.0,4,3,6,True
11635,Colombia,Sincelejo,Bronce,False,False,True,1,0,0.0,47,8,10,False
11636,Colombia,Bogotá D.C.,Oro,True,False,True,33,26,12547.0,80,2,10,True
11637,Colombia,Medellín,Bronce,True,False,True,3,1,450.0,32,10,7,False
11638,Colombia,Bogotá D.C.,Bronce,True,False,True,3,2,766.0,7,2,2,True
11639,Colombia,Bogotá D.C.,Oro,False,False,True,44,32,12175.0,29,1,6,True
11640,Ecuador,—,Bronce,False,False,True,0,0,0.0,46,11,10,False
11641,Colombia,Otras ciudades,Bronce,False,False,True,1,0,0.0,8,21,10,False
11642,Colombia,Manizales,Bronce,True,True,True,4,2,873.0,23,1,7,True
11643,Uruguay,—,Bronce,True,False,True,0,0,0.0,33,1,5,True
11644,Colombia,Santa Marta,Bronce,True,False,True,5,3,1940.0,41,14,6,False
11645,Ecuador,—,Plata,True,True,True,15,9,3565.0,19,3,3,True
11646,Colombia,Ibagué,Plata,True,False,True,12,10,6534.0,25,7,8,False
11647,Colombia,Bogotá D.C.,Bronce,False,False,True,3,2,846.0,9,1,9,True
11648,Colombia,Medellín,Bronce,False,False,True,1,0,0.0,69,1,6,True
11649,Colombia,Bogotá D.C.,Bronce,False,True,True,0,0,0.0,9,5,7,True
11650,Ecuador,—,Bronce,False,False,True,0,0,0.0,5,12,8,False
11651,Colombia,Bogotá D.C.,Bronce,True,False,True,4,3,1604.0,29,10,8,False
11652,Ecuador,—,Bronce,False,False,True,2,1,519.0,25,0,5,True
11653,Colombia,Bogotá D.C.,Bronce,False,True,True,2,1,470.0,12,4,7,True
11654,Colombia,Ibagué,Bronce,False,False,True,0,0,0.0,25,6,10,True
11655,Colombia,Otras ciudades,Bronce,False,True,True,0,0,0.0,25,1,10,True
11656,Colombia,Barranquilla,Bronce,False,False,True,2,1,560.0,1,5,6,True
11657,Colombia,Bucaramanga,Bronce,False,False,False,2,1,403.0,4,6,10,True
11658,Colombia,Bogotá D.C.,Bronce,False,False,False,2,1,285.0,3,3,3,True
11659,Ecuador,—,Bronce,False,False,True,0,0,0.0,13,4,4,True
11660,Colombia,Medellín,Bronce,True,True,True,2,1,426.0,17,0,8,True
11661,México,—,Bronce,False,True,True,1,0,0.0,2,2,8,True
11662,Colombia,Bogotá D.C.,Plata,False,True,False,9,8,3744.0,45,4,7,True
11663,Colombia,Bogotá D.C.,Oro,False,False,False,30,19,10972.0,23,2,7,True
11664,Colombia,Bogotá D.C.,Bronce,True,False,True,0,0,0.0,19,4,10,True
11665,Colombia,Bogotá D.C.,Bronce,False,False,False,0,0,0.0,32,11,8,False
11666,Colombia,Bogotá D.C.,Bronce,True,True,False,4,3,1986.0,3,1,9,True
11667,Colombia,Medellín,Bronce,False,False,True,1,0,0.0,80,5,5,True
11668,México,—,Bronce,True,False,True,0,0,0.0,8,2,10,True
11669,Colombia,Bogotá D.C.,Oro,True,False,False,37,22,11575.0,69,2,8,True
11670,Colombia,Medellín,Bronce,False,False,True,2,1,218.0,11,3,5,True
11671,Ecuador,—,Bronce,True,False,True,0,0,0.0,10,0,9,True
11672,Uruguay,—,Bronce,True,False,True,3,2,821.0,23,6,7,True
11673,Colombia,Otras ciudades,Bronce,False,True,True,3,2,773.0,2,1,6,True
11674,Colombia,Cali,Bronce,False,False,True,0,0,0.0,23,6,7,True
11675,Colombia,Bogotá D.C.,Bronce,False,False,True,2,1,458.0,68,0,10,True
11676,Colombia,Valledupar,Bronce,False,True,True,0,0,0.0,14,4,9,True
11677,Colombia,Armenia,Bronce,True,True,True,5,3,1315.0,52,2,7,True
11678,Colombia,Bogotá D.C.,Bronce,True,False,True,1,0,0.0,50,11,7,False
11679,Colombia,Cali,Bronce,False,True,True,0,0,0.0,47,1,5,True
11680,Colombia,Bogotá D.C.,Plata,False,False,True,11,8,2668.0,4,6,8,True
11681,México,—,Bronce,False,False,True,0,0,0.0,13,2,4,True
11682,Perú,—,Bronce,False,False,False,3,2,943.0,33,7,7,False
11683,Colombia,Bogotá D.C.,Bronce,False,False,True,0,0,0.0,16,13,10,False
11684,México,—,Bronce,False,False,True,2,1,468.0,14,3,8,True
11685,Colombia,Bucaramanga,Plata,False,False,True,10,8,5554.0,23,2,10,True
11686,Ecuador,—,Bronce,False,False,True,3,2,1008.0,18,7,10,False
11687,Ecuador,—,Bronce,False,False,False,0,0,0.0,25,2,9,True
11688,Colombia,Bogotá D.C.,Bronce,True,False,False,0,0,0.0,19,1,6,True
11689,Colombia,Barranquilla,Bronce,False,False,True,2,1,529.0,13,16,10,False
11690,Colombia,Popayán,Plata,False,False,False,15,9,5053.0,10,4,9,True
11691,México,—,Plata,True,False,True,13,8,3737.0,33,14,8,False
11692,Colombia,Medellín,Bronce,False,False,True,0,0,0.0,19,1,2,True
11693,Ecuador,—,Bronce,False,False,True,0,0,0.0,63,8,10,False
11694,Colombia,Valledupar,Bronce,False,False,True,0,0,0.0,41,2,5,True
11695,Colombia,Cúcuta,Bronce,False,False,True,1,0,0.0,16,4,4,True
11696,Uruguay,—,Bronce,False,False,True,3,2,878.0,28,3,10,True
11697,Colombia,Barranquilla,Bronce,False,False,True,2,1,447.0,62,28,5,False
11698,Colombia,Santa Marta,Bronce,True,False,True,0,0,0.0,14,4,7,True
11699,Colombia,Bogotá D.C.,Bronce,True,False,True,3,2,998.0,31,9,10,False
11700,Uruguay,—,Plata,False,True,True,9,5,2393.0,15,1,7,True
11701,Colombia,Pasto,Bronce,True,False,True,2,1,495.0,5,7,6,False
11702,México,—,Bronce,True,False,True,5,2,836.0,24,9,6,False
11703,Colombia,Bogotá D.C.,Bronce,False,False,True,3,2,928.0,4,3,5,True
11704,Uruguay,—,Oro,False,False,True,41,23,12585.0,54,4,5,True
11705,Colombia,Otras ciudades,Bronce,False,True,True,7,4,2381.0,2,3,9,True
11706,Ecuador,—,Bronce,True,False,True,0,0,0.0,7,2,10,True
11707,Colombia,Bogotá D.C.,Bronce,False,False,True,0,0,0.0,25,8,5,False
11708,Colombia,Bogotá D.C.,Bronce,False,True,True,0,0,0.0,33,12,9,False
11709,Colombia,Cartagena,Bronce,True,False,True,5,3,1451.0,42,6,7,True
11710,Colombia,Bogotá D.C.,Bronce,True,False,True,3,2,732.0,40,9,5,False
11711,Colombia,Villavicencio,Bronce,True,False,False,6,3,1298.0,17,20,4,False
11712,Colombia,Neiva,Bronce,False,False,False,2,1,288.0,10,0,5,True
11713,Chile,—,Bronce,True,False,True,0,0,0.0,29,12,9,False
11714,Colombia,Bogotá D.C.,Bronce,False,False,True,7,6,2415.0,4,4,10,True
11715,Perú,—,Bronce,True,False,True,0,0,0.0,6,24,3,False
11716,Colombia,Barranquilla,Oro,False,False,False,26,17,7256.0,13,5,3,True
11717,México,—,Bronce,False,True,False,0,0,0.0,68,2,10,True
11718,Colombia,Cali,Plata,False,False,False,8,5,2225.0,29,2,7,True
11719,México,—,Bronce,True,True,True,5,4,1773.0,11,21,8,False
11720,Colombia,Armenia,Bronce,True,False,True,7,4,1906.0,56,1,9,True
11721,Colombia,Cúcuta,Bronce,True,False,True,7,4,1834.0,35,8,10,False
11722,Colombia,Otras ciudades,Bronce,True,True,True,2,1,376.0,8,4,7,True
11723,Ecuador,—,Plata,True,False,True,17,13,7853.0,5,3,6,True
11724,Colombia,Bogotá D.C.,Bronce,True,False,True,0,0,0.0,53,3,7,True
11725,Colombia,Bucaramanga,Bronce,False,True,True,0,0,0.0,7,7,10,False
11726,Colombia,Bucaramanga,Bronce,True,False,True,0,0,0.0,22,3,5,True
11727,México,—,Bronce,True,False,True,1,0,0.0,1,2,6,True
11728,Perú,—,Plata,False,False,True,15,10,4381.0,23,4,5,True
11729,Chile,—,Bronce,True,False,True,0,0,0.0,2,8,8,False
11730,Colombia,Cartagena,Bronce,True,True,True,0,0,0.0,11,5,8,True
11731,Colombia,Cali,Bronce,True,False,True,0,0,0.0,39,3,6,True
11732,Chile,—,Bronce,False,False,True,1,0,0.0,21,3,7,True
11733,Colombia,Barranquilla,Bronce,False,False,True,0,0,0.0,31,2,10,True
11734,México,—,Bronce,True,False,True,0,0,0.0,24,3,6,True
11735,México,—,Bronce,True,False,True,0,0,0.0,4,6,4,True
11736,Colombia,Pereira,Bronce,False,True,True,1,0,0.0,27,15,10,False
11737,Colombia,Cali,Bronce,False,True,True,0,0,0.0,30,8,8,False
11738,México,—,Plata,False,True,True,11,8,4138.0,12,18,10,False
11739,Colombia,Bogotá D.C.,Plata,True,False,True,8,5,3163.0,19,1,5,True
11740,Colombia,Sincelejo,Plata,False,False,True,13,8,3723.0,18,4,7,True
11741,México,—,Bronce,False,False,True,0,0,0.0,2,2,7,True
11742,Colombia,Cartagena,Bronce,True,False,True,3,2,761.0,29,7,8,False
11743,Colombia,Bogotá D.C.,Bronce,True,False,False,0,0,0.0,8,3,8,True
11744,Colombia,Cartagena,Bronce,True,False,True,5,3,1298.0,15,6,3,True
11745,Perú,—,Bronce,True,False,True,0,0,0.0,23,1,10,True
11746,Ecuador,—,Bronce,False,False,True,2,1,508.0,17,1,6,True
11747,Colombia,Cali,Plata,False,True,True,10,6,2539.0,36,9,8,False
11748,Colombia,Santa Marta,Bronce,False,False,True,0,0,0.0,8,5,6,True
11749,Colombia,Barranquilla,Bronce,True,False,True,2,1,423.0,16,5,10,True
11750,México,—,Bronce,False,False,False,0,0,0.0,85,5,7,True
11751,México,—,Bronce,False,True,True,0,0,0.0,83,1,6,True
11752,Colombia,Bogotá D.C.,Bronce,True,True,True,0,0,0.0,15,11,8,False
11753,México,—,Bronce,True,False,True,1,0,0.0,27,1,7,True
11754,Perú,—,Bronce,False,False,True,0,0,0.0,20,6,7,True
11755,Perú,—,Oro,True,False,True,41,32,23233.0,9,6,5,True
11756,Ecuador,—,Bronce,False,False,True,6,5,2871.0,13,10,5,False
11757,México,—,Bronce,True,False,True,7,4,1825.0,4,17,7,False
11758,México,—,Bronce,False,True,False,4,2,819.0,51,0,6,True
11759,Colombia,Otras ciudades,Bronce,True,False,True,3,2,916.0,7,5,9,True
11760,Uruguay,—,Bronce,False,True,True,2,1,494.0,21,1,9,True
11761,Perú,—,Bronce,False,False,True,2,1,423.0,8,1,7,True
11762,Colombia,Cúcuta,Bronce,False,False,True,1,0,0.0,12,6,4,True
11763,Colombia,Santa Marta,Bronce,False,False,True,1,0,0.0,47,11,10,False
11764,Colombia,Barranquilla,Bronce,False,False,True,3,1,567.0,12,27,5,False
11765,México,—,Bronce,True,False,True,3,2,1116.0,18,3,5,True
11766,Colombia,Bogotá D.C.,Bronce,False,False,True,4,3,1504.0,8,12,10,False
11767,Perú,—,Bronce,True,False,True,7,4,2037.0,36,0,5,True
11768,Uruguay,—,Bronce,False,False,True,1,0,0.0,31,1,8,True
11769,México,—,Bronce,False,False,True,2,1,490.0,30,4,3,True
11770,Colombia,Cali,Bronce,False,False,True,2,1,529.0,34,1,8,True
11771,Colombia,Bucaramanga,Bronce,False,False,True,0,0,0.0,50,0,6,True
11772,Colombia,Bucaramanga,Bronce,True,False,False,0,0,0.0,15,2,8,True
11773,México,—,Bronce,True,True,False,7,4,2121.0,9,9,6,False
11774,Perú,—,Bronce,True,True,True,7,5,2359.0,22,8,9,False
11775,Colombia,Pereira,Bronce,True,False,False,0,0,0.0,32,17,8,False
11776,Colombia,Cali,Bronce,True,False,True,0,0,0.0,71,4,7,True
11777,Ecuador,—,Bronce,False,False,True,7,5,2113.0,40,7,9,False
11778,Colombia,Bogotá D.C.,Bronce,True,False,True,0,0,0.0,18,0,7,True
11779,Colombia,Armenia,Plata,True,True,True,18,13,5684.0,28,8,10,False
11780,Perú,—,Bronce,False,False,True,0,0,0.0,15,14,6,False
11781,Perú,—,Bronce,False,False,False,0,0,0.0,20,2,10,True
11782,México,—,Bronce,False,False,False,2,1,690.0,33,4,3,True
11783,Perú,—,Bronce,False,True,True,1,0,0.0,7,11,3,False
11784,Colombia,Valledupar,Bronce,False,False,True,0,0,0.0,17,3,10,True
11785,Colombia,Bogotá D.C.,Bronce,True,False,True,0,0,0.0,46,5,6,True
11786,Perú,—,Bronce,False,True,True,1,0,0.0,3,6,7,True
11787,Colombia,Ibagué,Bronce,True,False,True,1,0,0.0,46,1,9,True
11788,Colombia,Otras ciudades,Bronce,True,False,True,3,2,786.0,35,3,10,True
11789,Colombia,Barranquilla,Bronce,False,True,False,2,1,417.0,12,6,10,True
11790,Colombia,Cali,Bronce,True,True,False,0,0,0.0,10,10,10,False
11791,Colombia,Bogotá D.C.,Bronce,True,False,False,0,0,0.0,34,10,10,False
11792,Chile,—,Bronce,False,True,True,0,0,0.0,1,1,3,True
11793,México,—,Bronce,False,False,True,0,0,0.0,34,1,6,True
11794,México,—,Oro,False,False,True,27,18,6792.0,7,5,8,True
11795,Ecuador,—,Plata,False,False,True,10,8,3659.0,34,0,8,True
11796,Perú,—,Plata,False,False,True,13,11,4623.0,8,6,8,True
11797,Colombia,Armenia,Oro,False,False,True,53,34,12549.0,15,7,9,False
11798,Colombia,Medellín,Bronce,True,False,False,0,0,0.0,25,7,8,False
11799,Ecuador,—,Plata,False,True,False,13,8,5893.0,24,0,8,True
11800,Colombia,Bogotá D.C.,Bronce,True,True,True,1,0,0.0,29,4,7,True
11801,Colombia,Bogotá D.C.,Bronce,False,False,True,0,0,0.0,53,0,9,True
11802,Colombia,Cali,Bronce,True,False,True,0,0,0.0,7,5,6,True
11803,Colombia,Cali,Bronce,False,False,True,1,0,0.0,4,0,9,True
11804,México,—,Bronce,False,False,True,0,0,0.0,43,6,10,True
11805,Colombia,Medellín,Bronce,False,False,True,4,2,884.0,68,5,3,True
11806,Ecuador,—,Bronce,True,False,False,2,1,389.0,8,11,6,False
11807,Perú,—,Plata,False,False,True,8,5,3023.0,32,6,5,True
11808,Colombia,Otras ciudades,Bronce,False,False,False,1,0,0.0,40,7,10,False
11809,Colombia,Montería,Bronce,False,True,True,0,0,0.0,6,4,6,True
11810,Ecuador,—,Plata,False,True,True,17,10,5371.0,14,4,10,True
11811,Colombia,Cali,Bronce,True,False,True,0,0,0.0,35,2,5,True
11812,México,—,Bronce,True,False,True,0,0,0.0,1,3,5,True
11813,Colombia,Medellín,Bronce,False,False,True,3,2,1206.0,24,6,10,True
11814,Colombia,Cúcuta,Bronce,True,False,True,1,0,0.0,16,7,6,False
11815,Colombia,Otras ciudades,Bronce,False,False,True,4,2,1101.0,4,7,8,False
11816,México,—,Bronce,True,False,True,4,2,1075.0,26,4,5,True
11817,Colombia,Cali,Bronce,False,False,True,1,0,0.0,94,6,6,True
11818,Ecuador,—,Bronce,False,False,True,0,0,0.0,24,14,4,False
11819,Colombia,Cartagena,Bronce,True,False,True,3,1,644.0,17,6,8,True
11820,Perú,—,Bronce,True,True,False,3,2,916.0,40,7,6,False
11821,México,—,Plata,True,False,True,9,7,4399.0,22,2,9,True
11822,Uruguay,—,Plata,False,False,True,21,19,11581.0,13,3,3,True
11823,Colombia,Cali,Bronce,True,False,True,4,2,775.0,38,7,8,False
11824,Chile,—,Bronce,True,False,False,0,0,0.0,16,0,9,True
11825,Colombia,Otras ciudades,Bronce,False,False,False,2,1,505.0,58,3,6,True
11826,Ecuador,—,Bronce,False,True,True,1,0,0.0,15,9,8,False
11827,Colombia,Bucaramanga,Plata,True,True,True,14,9,4906.0,6,5,7,True
11828,Colombia,Bogotá D.C.,Bronce,False,True,True,0,0,0.0,6,8,10,False
11829,Colombia,Medellín,Bronce,False,False,True,1,0,0.0,12,3,6,True
11830,Colombia,Medellín,Bronce,False,True,True,6,5,2754.0,48,12,8,False
11831,México,—,Plata,False,False,False,12,7,1975.0,36,6,4,True
11832,México,—,Bronce,True,False,True,1,0,0.0,21,2,10,True
11833,Colombia,Bogotá D.C.,Bronce,False,False,True,0,0,0.0,18,14,6,False
11834,Colombia,Otras ciudades,Plata,True,True,False,10,7,2947.0,51,9,10,False
11835,Colombia,Bogotá D.C.,Plata,False,False,True,9,5,2195.0,26,1,7,True
11836,Ecuador,—,Bronce,False,False,True,0,0,0.0,47,3,8,True
11837,México,—,Bronce,False,False,True,0,0,0.0,30,2,6,True
11838,Colombia,Armenia,Bronce,False,False,True,0,0,0.0,24,2,10,True
11839,Ecuador,—,Plata,False,False,True,15,10,5526.0,5,7,9,False
11840,Colombia,Otras ciudades,Bronce,False,False,True,4,3,1525.0,3,9,3,False
11841,Colombia,Bogotá D.C.,Bronce,False,False,True,2,1,306.0,20,9,10,False
11842,Colombia,Bogotá D.C.,Bronce,True,True,True,0,0,0.0,32,4,8,True
11843,México,—,Bronce,False,False,False,0,0,0.0,49,3,8,True
11844,Colombia,Bogotá D.C.,Bronce,False,False,True,1,0,0.0,37,5,9,True
11845,México,—,Plata,False,False,False,8,5,2607.0,53,6,7,True
11846,México,—,Bronce,False,False,True,0,0,0.0,21,14,6,False
11847,Colombia,Pasto,Bronce,False,False,True,0,0,0.0,55,6,4,True
11848,Colombia,Cartagena,Bronce,False,False,True,0,0,0.0,16,0,4,True
11849,Colombia,Bogotá D.C.,Bronce,False,False,True,0,0,0.0,19,3,7,True
11850,Colombia,Villavicencio,Bronce,False,True,True,5,3,2030.0,6,0,8,True
11851,Colombia,Otras ciudades,Plata,False,True,False,10,7,3902.0,21,5,7,True
11852,Colombia,Bogotá D.C.,Bronce,True,True,True,0,0,0.0,39,5,5,True
11853,Colombia,Medellín,Bronce,False,False,True,2,1,513.0,36,2,3,True
11854,Perú,—,Bronce,False,False,True,3,1,575.0,44,7,10,False
11855,Perú,—,Bronce,False,False,True,2,1,416.0,8,0,10,True
11856,Ecuador,—,Bronce,True,True,True,0,0,0.0,19,3,9,True
11857,Colombia,Bogotá D.C.,Bronce,True,True,True,0,0,0.0,56,0,7,True
11858,Colombia,Bogotá D.C.,Plata,True,False,True,17,14,8060.0,52,1,6,True
11859,México,—,Bronce,False,False,True,0,0,0.0,2,5,6,True
11860,Colombia,Neiva,Plata,False,False,True,8,7,1693.0,14,16,7,False
11861,Colombia,Bucaramanga,Bronce,False,True,False,3,2,811.0,14,8,10,False
11862,Colombia,Medellín,Bronce,False,False,False,3,2,944.0,65,6,6,True
11863,México,—,Bronce,False,False,False,0,0,0.0,27,2,6,True
11864,Chile,—,Bronce,True,False,True,1,0,0.0,33,3,10,True
11865,Colombia,Armenia,Platino,False,False,False,61,49,25548.0,6,0,8,True
11866,Colombia,Otras ciudades,Bronce,False,False,True,1,0,0.0,26,6,6,True
11867,Colombia,Bogotá D.C.,Bronce,False,False,True,0,0,0.0,20,1,5,True
11868,Colombia,Medellín,Bronce,False,False,True,0,0,0.0,44,6,5,True
11869,Colombia,Bogotá D.C.,Bronce,True,False,False,4,2,993.0,15,8,5,False
11870,Colombia,Bogotá D.C.,Bronce,False,False,True,1,0,0.0,59,7,8,False
11871,México,—,Bronce,True,True,False,2,1,475.0,61,13,10,False
11872,Colombia,Pereira,Plata,False,True,True,8,6,3872.0,14,8,6,False
11873,Colombia,Bogotá D.C.,Bronce,True,True,True,0,0,0.0,26,23,10,False
11874,Colombia,Cartagena,Bronce,False,False,False,0,0,0.0,27,4,10,True
11875,Colombia,Barranquilla,Plata,True,False,False,12,8,4540.0,13,9,3,False
11876,Colombia,Otras ciudades,Bronce,True,False,True,4,2,949.0,19,12,10,False
11877,Colombia,Manizales,Bronce,False,True,True,0,0,0.0,41,7,6,False
11878,Colombia,Bogotá D.C.,Bronce,False,False,True,3,2,831.0,16,1,9,True
11879,Colombia,Cali,Bronce,True,False,False,0,0,0.0,42,5,9,True
11880,Ecuador,—,Bronce,True,True,True,1,0,0.0,9,6,10,True
11881,Colombia,Santa Marta,Plata,True,False,True,11,8,2402.0,21,14,9,False
11882,México,—,Bronce,False,False,True,0,0,0.0,31,2,8,True
11883,Colombia,Bogotá D.C.,Plata,True,False,True,16,9,3216.0,38,1,7,True
11884,Chile,—,Plata,False,False,True,8,4,1742.0,36,2,5,True
11885,Colombia,Bogotá D.C.,Plata,True,False,False,17,10,5513.0,24,13,10,False
11886,Colombia,Barranquilla,Bronce,True,False,True,6,4,2732.0,19,1,10,True
11887,México,—,Bronce,True,True,True,4,3,1619.0,26,0,8,True
11888,Colombia,Popayán,Bronce,False,True,True,2,1,637.0,22,0,8,True
11889,México,—,Bronce,False,True,True,0,0,0.0,36,1,6,True
11890,Colombia,Cali,Bronce,True,True,True,0,0,0.0,36,4,7,True
11891,Colombia,Otras ciudades,Bronce,False,True,True,1,0,0.0,40,8,9,False
11892,Colombia,Bogotá D.C.,Bronce,False,True,True,3,2,850.0,29,1,8,True
11893,Colombia,Bogotá D.C.,Plata,True,False,True,17,15,5222.0,14,2,6,True
11894,Colombia,Neiva,Bronce,False,True,True,2,1,437.0,14,18,10,False
11895,México,—,Bronce,True,False,True,1,0,0.0,25,2,6,True
11896,Colombia,Cartagena,Bronce,True,False,True,0,0,0.0,5,1,5,True
11897,México,—,Oro,True,True,False,30,22,13027.0,5,3,10,True
11898,Colombia,Medellín,Bronce,True,False,False,1,0,0.0,11,18,4,False
11899,Colombia,Pereira,Bronce,False,False,True,1,0,0.0,22,1,9,True
11900,México,—,Plata,True,False,False,8,7,3199.0,54,26,4,False
11901,Colombia,Medellín,Bronce,False,False,True,4,3,1735.0,24,1,6,True
11902,Uruguay,—,Plata,False,False,True,13,8,3470.0,32,17,10,False
11903,Colombia,Pereira,Bronce,True,False,True,1,0,0.0,2,3,4,True
11904,México,—,Bronce,False,True,False,3,2,973.0,22,0,9,True
11905,Colombia,Bogotá D.C.,Bronce,True,False,True,0,0,0.0,80,3,9,True
11906,México,—,Bronce,True,False,False,2,1,554.0,9,1,9,True
11907,Perú,—,Platino,False,False,True,86,65,46541.0,1,7,8,False
11908,México,—,Plata,False,True,False,10,7,3991.0,9,2,5,True
11909,Ecuador,—,Bronce,False,True,True,1,0,0.0,58,4,6,True
11910,Colombia,Bogotá D.C.,Bronce,False,False,True,2,1,478.0,14,1,8,True
11911,Colombia,Cúcuta,Plata,True,False,True,13,8,1735.0,80,2,10,True
11912,Colombia,Bogotá D.C.,Bronce,False,True,True,1,0,0.0,44,14,9,False
11913,Colombia,Neiva,Bronce,False,False,True,6,5,1064.0,10,4,8,True
11914,Perú,—,Bronce,False,False,True,3,2,1010.0,25,10,6,False
11915,México,—,Bronce,False,True,False,4,3,1773.0,22,9,10,False
11916,Colombia,Bogotá D.C.,Plata,True,False,True,18,15,10635.0,20,3,9,True
11917,Colombia,Bogotá D.C.,Bronce,True,False,True,0,0,0.0,1,7,8,False
11918,Colombia,Bucaramanga,Plata,False,True,True,16,9,4060.0,58,0,4,True
11919,Colombia,Bogotá D.C.,Bronce,True,True,False,0,0,0.0,5,3,5,True
11920,Colombia,Otras ciudades,Bronce,False,True,True,0,0,0.0,58,6,8,True
11921,Colombia,Otras ciudades,Bronce,True,False,True,2,1,477.0,11,12,7,False
11922,Colombia,Santa Marta,Bronce,True,False,True,1,0,0.0,30,7,10,False
11923,México,—,Bronce,True,True,True,0,0,0.0,33,1,8,True
11924,Colombia,Cali,Bronce,False,False,False,2,1,490.0,42,5,6,True
11925,México,—,Bronce,False,False,True,5,3,968.0,7,3,8,True
11926,Colombia,Pasto,Plata,True,False,False,13,7,4138.0,62,0,10,True
11927,Colombia,Otras ciudades,Bronce,False,False,True,1,0,0.0,31,2,10,True
11928,Colombia,Cali,Bronce,True,True,True,1,0,0.0,13,4,10,True
11929,México,—,Bronce,True,False,True,2,1,306.0,19,3,5,True
11930,México,—,Bronce,False,False,True,0,0,0.0,15,2,7,True
11931,México,—,Bronce,True,False,True,0,0,0.0,19,2,10,True
11932,Colombia,Otras ciudades,Plata,False,False,True,23,19,9779.0,21,3,8,True
11933,Colombia,Montería,Bronce,False,True,True,0,0,0.0,27,8,7,False
11934,Colombia,Santa Marta,Bronce,True,False,True,7,5,3426.0,33,4,5,True
11935,Colombia,Medellín,Bronce,True,False,True,5,4,1537.0,59,6,6,True
11936,Perú,—,Bronce,True,True,True,0,0,0.0,39,1,7,True
11937,Colombia,Cali,Platino,False,False,False,208,186,61847.0,11,3,6,True
11938,Colombia,Medellín,Bronce,False,True,True,0,0,0.0,89,2,9,True
11939,Colombia,Bogotá D.C.,Bronce,False,False,True,3,2,905.0,14,3,8,True
11940,México,—,Bronce,False,True,True,3,2,1122.0,21,5,8,True
11941,Colombia,Bucaramanga,Bronce,True,True,True,4,3,1541.0,36,10,8,False
11942,México,—,Plata,False,True,False,17,10,2797.0,59,1,5,True
11943,Colombia,Bucaramanga,Bronce,True,False,True,1,0,0.0,20,2,4,True
11944,Colombia,Barranquilla,Bronce,True,False,True,5,4,1695.0,24,0,10,True
11945,México,—,Bronce,True,False,False,3,2,1146.0,27,7,8,False
11946,Colombia,Medellín,Bronce,False,True,True,0,0,0.0,8,9,9,False
11947,México,—,Bronce,False,True,True,0,0,0.0,36,2,8,True
11948,Colombia,Bogotá D.C.,Bronce,False,False,True,1,0,0.0,51,5,7,True
11949,Colombia,Bogotá D.C.,Bronce,True,True,False,4,2,1068.0,18,25,9,False
11950,México,—,Bronce,True,False,True,0,0,0.0,5,19,7,False
11951,Colombia,Pasto,Bronce,True,False,True,1,0,0.0,37,6,7,True
11952,Colombia,Neiva,Bronce,True,False,True,3,2,981.0,26,3,10,True
11953,Colombia,Bogotá D.C.,Bronce,False,False,True,1,0,0.0,17,2,6,True
11954,Colombia,Montería,Bronce,False,False,True,1,0,0.0,52,12,9,False
11955,Ecuador,—,Bronce,False,False,False,1,0,0.0,14,1,7,True
11956,Ecuador,—,Bronce,False,False,True,1,0,0.0,13,9,9,False
11957,Colombia,Bogotá D.C.,Plata,False,False,True,8,4,1763.0,23,5,8,True
11958,México,—,Bronce,False,False,True,0,0,0.0,27,4,8,True
11959,Colombia,Medellín,Bronce,False,False,True,0,0,0.0,19,1,10,True
11960,Ecuador,—,Bronce,False,False,True,5,3,1223.0,61,2,10,True
11961,Uruguay,—,Bronce,False,True,True,4,3,1079.0,36,1,6,True
11962,Colombia,Medellín,Bronce,False,False,True,3,2,990.0,9,8,7,False
11963,Ecuador,—,Bronce,True,False,False,4,2,769.0,24,7,6,False
11964,Colombia,Barranquilla,Bronce,True,False,True,1,0,0.0,8,6,5,True
11965,Colombia,Barranquilla,Bronce,False,False,True,0,0,0.0,29,13,8,False
11966,Colombia,Barranquilla,Bronce,True,False,False,0,0,0.0,28,14,6,False
11967,Colombia,Ibagué,Bronce,False,False,True,7,4,3130.0,16,31,6,False
11968,Perú,—,Bronce,False,False,True,0,0,0.0,8,6,9,True
11969,Colombia,Cali,Plata,False,False,True,13,8,4794.0,42,2,8,True
11970,Colombia,Cali,Bronce,False,True,False,2,1,459.0,7,6,10,True
11971,Colombia,Bogotá D.C.,Bronce,False,False,True,0,0,0.0,46,18,4,False
11972,Ecuador,—,Bronce,False,True,True,3,1,527.0,14,5,6,True
11973,Colombia,Cali,Bronce,True,False,False,0,0,0.0,43,5,7,True
11974,Colombia,Bogotá D.C.,Bronce,False,True,True,3,2,995.0,31,4,7,True
11975,México,—,Bronce,True,False,True,1,0,0.0,8,2,10,True
11976,Colombia,Bogotá D.C.,Bronce,False,False,True,0,0,0.0,25,3,9,True
11977,Uruguay,—,Bronce,True,False,True,0,0,0.0,58,6,7,True
11978,Colombia,Bogotá D.C.,Bronce,False,False,True,1,0,0.0,47,8,9,False
11979,México,—,Bronce,False,False,True,1,0,0.0,46,19,9,False
11980,Colombia,Bogotá D.C.,Bronce,False,True,True,0,0,0.0,32,1,6,True
11981,México,—,Bronce,False,True,False,0,0,0.0,14,10,10,False
11982,Colombia,Barranquilla,Bronce,False,False,True,4,2,1049.0,4,4,5,True
11983,Colombia,Bogotá D.C.,Bronce,True,False,True,0,0,0.0,9,8,10,False
11984,Colombia,Bucaramanga,Bronce,True,False,True,3,1,613.0,3,10,10,False
11985,Colombia,Barranquilla,Bronce,False,False,True,4,3,1743.0,25,7,5,False
11986,Colombia,Otras ciudades,Bronce,False,False,True,0,0,0.0,33,1,9,True
11987,Perú,—,Plata,True,True,True,11,8,4568.0,6,3,10,True
11988,Ecuador,—,Bronce,False,False,True,0,0,0.0,59,0,10,True
11989,Colombia,Medellín,Bronce,False,True,True,1,0,0.0,32,0,8,True
11990,Uruguay,—,Bronce,False,False,True,0,0,0.0,7,4,6,True
11991,Colombia,Neiva,Bronce,True,True,True,0,0,0.0,12,8,7,False
11992,México,—,Bronce,True,True,True,1,0,0.0,26,13,9,False
11993,Colombia,Cali,Bronce,True,False,True,0,0,0.0,79,5,7,True
11994,Colombia,Barranquilla,Plata,False,False,True,9,7,3687.0,11,7,9,False
11995,Colombia,Bogotá D.C.,Bronce,True,False,True,4,2,1227.0,3,5,9,True
11996,Colombia,Bogotá D.C.,Plata,True,True,False,14,9,3688.0,23,1,6,True
11997,Colombia,Pereira,Bronce,True,False,False,1,0,0.0,14,6,6,True
11998,Colombia,Otras ciudades,Bronce,True,False,False,0,0,0.0,6,9,8,False
11999,Perú,—,Bronce,True,False,False,1,0,0.0,8,2,8,True
12000,Colombia,Medellín,Bronce,False,True,True,0,0,0.0,91,2,8,True
12001,México,—,Bronce,True,False,True,1,0,0.0,16,1,5,True
12002,Colombia,Pereira,Bronce,True,False,True,0,0,0.0,46,8,8,False
12003,Colombia,Barranquilla,Bronce,False,False,False,3,2,955.0,25,11,6,False
12004,Colombia,Popayán,Bronce,True,False,False,0,0,0.0,10,7,2,False
12005,Ecuador,—,Bronce,False,False,False,0,0,0.0,10,3,4,True
12006,Perú,—,Bronce,True,False,True,0,0,0.0,37,23,4,False
12007,México,—,Bronce,False,False,True,1,0,0.0,21,4,6,True
12008,Ecuador,—,Bronce,False,False,True,1,0,0.0,3,1,9,True
12009,Colombia,Bogotá D.C.,Bronce,False,False,True,0,0,0.0,22,5,9,True
12010,Colombia,Bogotá D.C.,Bronce,True,True,False,6,4,2086.0,15,0,9,True
12011,Ecuador,—,Bronce,True,False,False,0,0,0.0,3,8,6,False
12012,Colombia,Otras ciudades,Bronce,True,False,True,7,4,1382.0,8,4,10,True
12013,Colombia,Bucaramanga,Bronce,True,True,True,0,0,0.0,6,13,0,False
12014,Colombia,Pereira,Bronce,False,False,True,1,0,0.0,37,4,7,True
12015,Ecuador,—,Plata,False,False,True,10,5,2600.0,3,12,9,False
12016,Colombia,Medellín,Bronce,True,False,True,2,1,421.0,14,17,8,False
12017,Colombia,Bogotá D.C.,Bronce,False,False,False,6,4,2169.0,24,1,5,True
12018,Colombia,Bogotá D.C.,Bronce,False,False,True,0,0,0.0,63,3,6,True
12019,Colombia,Medellín,Bronce,True,False,True,0,0,0.0,5,1,7,True
12020,México,—,Bronce,False,False,True,3,2,990.0,33,5,10,True
12021,Colombia,Bogotá D.C.,Bronce,False,False,True,1,0,0.0,23,5,10,True
12022,Colombia,Bogotá D.C.,Plata,True,True,False,10,8,5459.0,33,3,5,True
12023,Colombia,Otras ciudades,Bronce,True,False,True,0,0,0.0,17,1,8,True
12024,Colombia,Otras ciudades,Bronce,False,True,True,1,0,0.0,15,4,8,True
12025,Colombia,Barranquilla,Bronce,False,False,True,6,4,1354.0,32,11,5,False
12026,Uruguay,—,Bronce,True,False,False,2,1,501.0,5,0,7,True
12027,Colombia,Bogotá D.C.,Bronce,True,False,True,1,0,0.0,51,1,10,True
12028,Perú,—,Bronce,False,False,False,0,0,0.0,27,4,9,True
12029,Colombia,Medellín,Bronce,True,True,True,0,0,0.0,15,2,6,True
12030,Colombia,Cartagena,Bronce,False,False,True,3,2,746.0,73,3,6,True
12031,México,—,Bronce,False,False,True,0,0,0.0,27,3,9,True
12032,Ecuador,—,Bronce,False,False,True,3,1,800.0,36,2,10,True
12033,México,—,Bronce,True,True,False,4,2,1003.0,11,0,4,True
12034,México,—,Bronce,False,True,True,0,0,0.0,18,3,8,True
12035,Colombia,Otras ciudades,Bronce,False,True,False,0,0,0.0,9,2,10,True
12036,Colombia,Bogotá D.C.,Bronce,False,False,False,0,0,0.0,25,14,6,False
12037,México,—,Bronce,False,True,True,0,0,0.0,15,13,10,False
12038,Ecuador,—,Bronce,True,True,False,1,0,0.0,35,5,8,True
12039,Ecuador,—,Bronce,False,False,True,0,0,0.0,23,1,10,True
12040,Perú,—,Bronce,False,False,False,0,0,0.0,8,12,6,False
12041,Colombia,Pasto,Bronce,True,True,True,4,3,1550.0,57,12,10,False
12042,Ecuador,—,Bronce,True,False,True,1,0,0.0,31,1,5,True
12043,Colombia,Bogotá D.C.,Oro,True,True,True,46,33,15255.0,65,6,8,True
12044,Colombia,Popayán,Bronce,True,False,True,4,2,1042.0,11,1,6,True
12045,Colombia,Otras ciudades,Bronce,False,False,True,0,0,0.0,14,3,10,True
12046,México,—,Bronce,False,False,True,0,0,0.0,24,0,10,True
12047,Colombia,Bogotá D.C.,Bronce,True,True,True,3,2,981.0,28,4,10,True
12048,Uruguay,—,Plata,False,False,False,8,7,3004.0,38,5,8,True
12049,Colombia,Medellín,Bronce,True,True,True,0,0,0.0,70,4,6,True
12050,Colombia,Bogotá D.C.,Bronce,False,False,True,4,3,1479.0,14,6,7,True
12051,Colombia,Cali,Bronce,True,False,False,1,0,0.0,21,11,10,False
12052,Colombia,Bogotá D.C.,Plata,False,True,True,10,7,2862.0,75,1,10,True
12053,Ecuador,—,Bronce,False,True,True,0,0,0.0,7,4,5,True
12054,Ecuador,—,Bronce,False,False,True,3,2,1108.0,39,1,8,True
12055,México,—,Bronce,True,False,True,0,0,0.0,103,2,7,True
12056,México,—,Plata,True,True,False,8,4,1833.0,54,7,10,False
12057,Ecuador,—,Bronce,False,True,True,3,2,1102.0,7,0,2,True
12058,México,—,Bronce,False,False,True,5,4,1864.0,9,2,10,True
12059,Uruguay,—,Bronce,True,False,True,0,0,0.0,33,1,7,True
12060,México,—,Bronce,False,False,False,2,1,446.0,66,0,10,True
12061,Colombia,Bucaramanga,Bronce,False,True,True,6,5,1756.0,31,1,10,True
12062,Perú,—,Bronce,False,False,True,4,3,1993.0,6,4,10,True
12063,México,—,Bronce,False,False,True,2,1,588.0,29,7,4,False
12064,Colombia,Bogotá D.C.,Bronce,True,True,False,1,0,0.0,27,7,7,False
12065,Colombia,Cali,Bronce,True,True,True,2,1,643.0,29,5,7,True
12066,Colombia,Cali,Bronce,False,False,True,0,0,0.0,17,0,10,True
12067,México,—,Plata,True,False,True,8,4,2021.0,12,13,5,False
12068,Colombia,Bogotá D.C.,Bronce,True,True,True,0,0,0.0,32,10,6,False
12069,Colombia,Santa Marta,Bronce,False,False,True,2,1,468.0,15,6,10,True
12070,Colombia,Medellín,Plata,False,False,False,9,6,2894.0,24,10,5,False
12071,Colombia,Barranquilla,Bronce,True,True,True,6,3,1443.0,3,9,7,False
12072,Colombia,Bogotá D.C.,Plata,True,False,False,12,7,3370.0,11,0,9,True
12073,Colombia,Bogotá D.C.,Oro,False,False,False,38,22,10492.0,26,9,4,False
12074,Colombia,Cali,Bronce,True,False,True,0,0,0.0,33,0,10,True
12075,México,—,Bronce,True,False,True,0,0,0.0,11,14,8,False
12076,Colombia,Bogotá D.C.,Bronce,True,False,True,0,0,0.0,21,10,6,False
12077,Colombia,Medellín,Bronce,True,False,True,2,1,452.0,18,10,7,False
12078,Colombia,Medellín,Bronce,False,False,True,0,0,0.0,1,2,7,True
12079,México,—,Bronce,False,False,True,0,0,0.0,1,11,7,False
12080,Colombia,Bucaramanga,Bronce,False,False,False,5,4,1650.0,5,1,8,True
12081,México,—,Bronce,False,False,False,1,0,0.0,38,6,9,True
12082,Ecuador,—,Bronce,False,True,False,6,4,2265.0,72,4,8,True
12083,México,—,Bronce,True,False,True,1,0,0.0,17,10,8,False
12084,Colombia,Villavicencio,Plata,False,True,False,10,8,2485.0,27,4,5,True
12085,México,—,Bronce,True,False,True,1,0,0.0,17,2,7,True
12086,Colombia,Medellín,Bronce,False,False,True,7,4,1866.0,24,5,10,True
12087,Colombia,Medellín,Bronce,False,False,True,2,1,466.0,48,2,2,True
12088,Colombia,Bogotá D.C.,Bronce,True,True,True,0,0,0.0,29,7,10,False
12089,México,—,Plata,True,False,True,8,5,2698.0,21,21,8,False
12090,Colombia,Bogotá D.C.,Bronce,True,True,True,1,0,0.0,41,6,8,True
12091,México,—,Bronce,True,False,True,2,1,573.0,8,1,3,True
12092,Colombia,Barranquilla,Bronce,False,False,True,0,0,0.0,33,8,10,False
12093,Colombia,Otras ciudades,Bronce,False,True,True,4,2,780.0,3,14,10,False
12094,Colombia,Bucaramanga,Bronce,True,False,True,5,3,1578.0,13,7,9,False
12095,Colombia,Armenia,Oro,True,False,True,28,17,7260.0,9,12,8,False
12096,Colombia,Cali,Bronce,False,True,True,1,0,0.0,27,10,7,False
12097,Colombia,Ibagué,Bronce,False,False,True,0,0,0.0,19,8,10,False
12098,México,—,Bronce,True,True,False,2,1,622.0,17,8,6,False
12099,Perú,—,Bronce,False,False,True,0,0,0.0,59,12,6,False
12100,Colombia,Otras ciudades,Bronce,True,False,True,0,0,0.0,16,29,6,False
12101,Colombia,Otras ciudades,Plata,True,True,True,10,7,3777.0,24,5,8,True
12102,México,—,Bronce,False,False,True,1,0,0.0,23,0,5,True
12103,Colombia,Bogotá D.C.,Bronce,False,False,True,4,3,1548.0,45,3,8,True
12104,Colombia,Ibagué,Plata,False,False,True,8,4,1027.0,29,2,7,True
12105,Ecuador,—,Bronce,False,False,False,3,2,787.0,1,3,4,True
12106,Colombia,Bogotá D.C.,Bronce,True,True,True,1,0,0.0,8,0,6,True
12107,Colombia,Bogotá D.C.,Bronce,True,True,True,1,0,0.0,55,4,4,True
12108,Colombia,Bogotá D.C.,Bronce,False,False,True,1,0,0.0,38,2,8,True
12109,México,—,Bronce,False,True,True,0,0,0.0,77,1,6,True
12110,México,—,Bronce,True,True,True,0,0,0.0,3,1,7,True
12111,Perú,—,Plata,True,False,True,19,15,6969.0,42,1,7,True
12112,México,—,Bronce,False,False,True,4,3,1818.0,29,2,9,True
12113,Ecuador,—,Bronce,True,False,True,2,1,605.0,43,13,6,False
12114,Colombia,Bogotá D.C.,Bronce,False,False,True,7,5,3031.0,23,4,10,True
12115,Colombia,Cali,Bronce,True,True,True,5,3,916.0,32,13,9,False
12116,Ecuador,—,Bronce,False,True,True,1,0,0.0,13,1,5,True
12117,Ecuador,—,Bronce,False,True,True,2,1,439.0,100,3,10,True
12118,Perú,—,Bronce,True,False,True,1,0,0.0,52,3,7,True
12119,Colombia,Bucaramanga,Bronce,False,False,True,2,1,578.0,28,11,10,False
12120,Colombia,Bogotá D.C.,Bronce,False,True,True,1,0,0.0,33,16,7,False
12121,Colombia,Bogotá D.C.,Bronce,False,False,False,4,3,953.0,21,2,7,True
12122,Colombia,Bucaramanga,Plata,True,False,True,17,12,7103.0,96,0,8,True
12123,Colombia,Cali,Bronce,False,False,True,2,1,583.0,52,11,7,False
12124,México,—,Bronce,False,False,True,1,0,0.0,12,3,7,True
12125,Colombia,Barranquilla,Bronce,True,False,True,5,4,1892.0,4,3,5,True
12126,Colombia,Ibagué,Plata,False,False,True,9,7,3802.0,59,4,10,True
12127,Colombia,Medellín,Bronce,True,True,True,1,0,0.0,44,3,9,True
12128,Ecuador,—,Bronce,True,False,False,4,2,1331.0,28,0,8,True
12129,Colombia,Barranquilla,Bronce,False,True,True,0,0,0.0,65,2,5,True
12130,Ecuador,—,Bronce,True,True,True,6,4,1225.0,9,0,7,True
12131,Colombia,Ibagué,Plata,False,True,True,12,7,4008.0,13,5,5,True
12132,México,—,Bronce,True,False,True,1,0,0.0,70,6,8,True
12133,México,—,Platino,False,True,True,81,57,29529.0,46,7,3,False
12134,Colombia,Barranquilla,Bronce,True,True,True,1,0,0.0,34,6,10,True
12135,Ecuador,—,Oro,False,True,True,25,15,5427.0,8,7,8,False
12136,México,—,Plata,False,False,True,10,7,4171.0,29,11,6,False
12137,Colombia,Bogotá D.C.,Bronce,False,False,True,5,4,2032.0,9,10,8,False
12138,Colombia,Bogotá D.C.,Bronce,True,False,True,2,1,317.0,16,2,5,True
12139,Colombia,Pereira,Bronce,False,False,True,7,5,2731.0,18,9,6,False
12140,Colombia,Cali,Bronce,True,False,True,5,3,1296.0,22,2,2,True
12141,Colombia,Medellín,Bronce,False,False,False,0,0,0.0,40,2,3,True
12142,Colombia,Bogotá D.C.,Bronce,False,False,True,1,0,0.0,43,10,6,False
12143,Ecuador,—,Plata,False,False,True,13,11,5657.0,9,17,9,False
12144,Colombia,Cali,Bronce,True,False,True,3,2,827.0,11,1,9,True
12145,México,—,Bronce,False,False,True,0,0,0.0,33,3,8,True
12146,Ecuador,—,Bronce,True,False,True,6,4,2175.0,31,0,8,True
12147,México,—,Bronce,False,False,True,6,4,2480.0,19,10,8,False
12148,Colombia,Bogotá D.C.,Bronce,True,False,True,2,1,363.0,11,1,10,True
12149,Colombia,Otras ciudades,Bronce,True,False,True,0,0,0.0,22,18,8,False
12150,Colombia,Bogotá D.C.,Bronce,True,True,True,2,1,655.0,57,9,4,False
12151,Colombia,Cali,Bronce,False,True,True,6,4,2235.0,10,8,4,False
12152,Uruguay,—,Bronce,True,False,False,0,0,0.0,1,6,4,True
12153,México,—,Bronce,True,False,False,1,0,0.0,63,0,8,True
12154,México,—,Plata,True,False,False,11,7,2972.0,82,2,10,True
12155,Colombia,Otras ciudades,Bronce,True,True,True,2,1,503.0,76,11,7,False
12156,Colombia,Bogotá D.C.,Plata,True,False,False,8,6,2920.0,14,4,6,True
12157,México,—,Plata,True,True,True,9,5,1883.0,12,0,7,True
12158,Colombia,Otras ciudades,Oro,False,False,True,43,38,22711.0,34,1,7,True
12159,México,—,Bronce,False,True,True,0,0,0.0,17,2,8,True
12160,México,—,Bronce,True,False,True,2,1,564.0,16,4,5,True
12161,Perú,—,Bronce,False,True,True,2,1,429.0,5,1,6,True
12162,Colombia,Bogotá D.C.,Bronce,False,False,True,6,3,1884.0,9,13,9,False
12163,Colombia,Medellín,Bronce,False,False,False,0,0,0.0,9,4,7,True
12164,Colombia,Ibagué,Bronce,False,True,True,0,0,0.0,29,3,7,True
12165,Colombia,Bogotá D.C.,Bronce,False,False,True,1,0,0.0,9,7,10,False
12166,Ecuador,—,Bronce,False,False,True,1,0,0.0,5,3,4,True
12167,Colombia,Manizales,Bronce,False,False,True,5,4,1533.0,30,4,8,True
12168,Colombia,Cali,Oro,False,False,True,44,33,11981.0,5,8,7,False
12169,Uruguay,—,Plata,False,True,True,19,12,4246.0,40,14,6,False
12170,Colombia,Pereira,Bronce,True,False,True,0,0,0.0,52,7,9,False
12171,Uruguay,—,Bronce,True,False,True,3,2,840.0,5,12,10,False
12172,Colombia,Villavicencio,Bronce,False,False,False,0,0,0.0,30,5,6,True
12173,Ecuador,—,Plata,True,False,True,17,11,3268.0,98,3,9,True
12174,Colombia,Medellín,Bronce,True,False,False,7,4,1446.0,9,2,10,True
12175,Colombia,Cartagena,Bronce,False,False,False,2,1,467.0,61,5,5,True
12176,Colombia,Bogotá D.C.,Plata,True,False,True,10,7,4015.0,67,2,3,True
12177,Colombia,Medellín,Bronce,True,False,True,1,0,0.0,8,0,8,True
12178,Colombia,Bogotá D.C.,Bronce,True,False,True,1,0,0.0,32,8,9,False
12179,Colombia,Valledupar,Platino,False,True,True,63,50,31281.0,34,6,6,True
12180,México,—,Bronce,True,False,False,1,0,0.0,35,0,10,True
12181,Ecuador,—,Bronce,False,False,True,1,0,0.0,8,10,7,False
12182,Uruguay,—,Bronce,False,True,True,2,1,449.0,53,1,10,True
12183,Colombia,Medellín,Bronce,True,True,True,4,2,922.0,13,3,8,True
12184,Uruguay,—,Bronce,True,False,False,1,0,0.0,19,9,7,False
12185,Colombia,Otras ciudades,Bronce,True,False,True,3,2,1323.0,14,4,9,True
12186,México,—,Plata,True,False,True,22,12,5922.0,18,15,6,False
12187,Colombia,Medellín,Bronce,True,True,True,0,0,0.0,27,2,8,True
12188,Colombia,Barranquilla,Bronce,True,False,True,6,3,1693.0,87,9,7,False
12189,México,—,Plata,False,True,True,14,9,3627.0,50,7,10,False
12190,Colombia,Barranquilla,Bronce,False,True,True,2,1,350.0,20,12,7,False
12191,Colombia,Bogotá D.C.,Oro,True,True,True,26,17,10184.0,20,6,7,True
12192,Ecuador,—,Plata,False,False,True,15,8,3575.0,9,4,7,True
12193,Colombia,Bogotá D.C.,Bronce,False,True,True,4,3,1467.0,24,1,9,True
12194,México,—,Bronce,False,False,True,0,0,0.0,3,10,6,False
12195,Colombia,Otras ciudades,Bronce,True,True,True,1,0,0.0,6,7,9,False
12196,Colombia,Montería,Bronce,False,False,True,0,0,0.0,11,12,6,False
12197,Colombia,Cartagena,Bronce,True,False,True,1,0,0.0,9,16,7,False
12198,México,—,Bronce,True,True,True,4,2,968.0,28,5,5,True
12199,México,—,Bronce,True,False,True,0,0,0.0,35,1,3,True
12200,Colombia,Manizales,Bronce,False,True,True,0,0,0.0,12,2,7,True
12201,Chile,—,Plata,False,True,True,13,8,4428.0,19,1,7,True
12202,Ecuador,—,Bronce,False,False,True,1,0,0.0,5,22,4,False
12203,Colombia,Pereira,Bronce,False,False,True,4,2,1069.0,21,17,10,False
12204,Chile,—,Bronce,False,False,True,2,1,392.0,13,6,10,True
12205,Colombia,Medellín,Bronce,False,True,True,0,0,0.0,35,27,6,False
12206,Colombia,Manizales,Bronce,False,True,True,0,0,0.0,6,2,8,True
12207,Uruguay,—,Bronce,True,True,True,3,1,429.0,37,4,8,True
12208,Colombia,Pereira,Bronce,False,False,True,1,0,0.0,34,7,7,False
12209,Colombia,Medellín,Bronce,True,False,False,3,2,1069.0,4,7,6,False
12210,Colombia,Bucaramanga,Bronce,False,True,True,1,0,0.0,10,4,4,True
12211,Colombia,Bucaramanga,Bronce,True,False,True,2,1,525.0,4,12,4,False
12212,Colombia,Bucaramanga,Bronce,False,False,True,3,2,780.0,48,0,8,True
12213,México,—,Bronce,False,False,False,3,2,1191.0,42,0,10,True
12214,Colombia,Bogotá D.C.,Bronce,True,False,True,0,0,0.0,7,10,4,False
12215,Colombia,Medellín,Bronce,False,False,True,2,1,418.0,23,9,6,False
12216,Colombia,Medellín,Bronce,False,False,False,1,0,0.0,29,5,10,True
12217,Colombia,Medellín,Bronce,False,True,True,0,0,0.0,13,9,5,False
12218,Colombia,Montería,Bronce,False,False,True,0,0,0.0,37,0,7,True
12219,Colombia,Ibagué,Bronce,True,False,True,0,0,0.0,24,1,8,True
12220,Perú,—,Bronce,True,True,True,3,1,612.0,37,8,7,False
12221,Colombia,Pereira,Bronce,False,False,True,0,0,0.0,35,3,8,True
12222,Colombia,Medellín,Plata,False,False,True,8,5,2711.0,38,3,10,True
12223,Colombia,Ibagué,Bronce,True,False,False,3,2,786.0,47,7,10,False
12224,Colombia,Sincelejo,Bronce,True,False,True,4,3,2027.0,12,5,5,True
12225,México,—,Bronce,False,False,True,3,2,1118.0,34,12,6,False
12226,Colombia,Bogotá D.C.,Bronce,False,False,True,2,1,385.0,17,0,6,True
12227,Ecuador,—,Bronce,False,True,False,0,0,0.0,8,0,7,True
12228,Colombia,Medellín,Bronce,True,False,False,1,0,0.0,29,5,8,True
12229,Colombia,Bogotá D.C.,Bronce,False,True,True,5,3,775.0,50,2,6,True
12230,Colombia,Bogotá D.C.,Bronce,False,True,True,4,3,1104.0,11,17,8,False
12231,Colombia,Medellín,Bronce,True,False,True,0,0,0.0,7,3,9,True
12232,Colombia,Medellín,Bronce,False,True,False,7,4,2285.0,69,9,5,False
12233,Colombia,Sincelejo,Oro,False,False,True,54,48,25596.0,4,4,7,True
12234,Ecuador,—,Bronce,False,False,True,1,0,0.0,95,18,7,False
12235,Colombia,Medellín,Bronce,True,False,False,1,0,0.0,45,2,10,True
12236,México,—,Bronce,True,False,True,0,0,0.0,10,5,8,True
12237,Ecuador,—,Bronce,False,True,True,0,0,0.0,24,7,8,False
12238,Perú,—,Bronce,True,False,True,4,3,1987.0,18,4,9,True
12239,Colombia,Bucaramanga,Bronce,True,False,True,0,0,0.0,18,1,8,True
12240,Colombia,Cali,Bronce,True,False,True,2,1,643.0,7,1,6,True
12241,Colombia,Bogotá D.C.,Plata,True,False,True,9,7,3475.0,49,30,7,False
12242,Ecuador,—,Bronce,True,False,True,2,1,591.0,29,2,4,True
12243,Uruguay,—,Bronce,False,False,True,1,0,0.0,23,1,10,True
12244,México,—,Bronce,True,True,True,4,2,1248.0,53,2,6,True
12245,México,—,Bronce,False,False,True,0,0,0.0,48,6,5,True
12246,Colombia,Bogotá D.C.,Bronce,True,False,True,6,4,1173.0,28,11,5,False
12247,Uruguay,—,Bronce,False,True,True,4,3,1352.0,12,0,7,True
12248,Colombia,Bucaramanga,Plata,True,False,False,13,10,3150.0,7,9,5,False
12249,Colombia,Bogotá D.C.,Bronce,False,False,True,4,2,628.0,22,6,6,True
12250,Perú,—,Bronce,False,True,True,5,3,1603.0,22,4,5,True
12251,Colombia,Bogotá D.C.,Bronce,True,True,True,3,1,515.0,18,10,9,False
12252,México,—,Bronce,False,False,True,0,0,0.0,36,4,6,True
12253,Colombia,Bogotá D.C.,Plata,True,False,True,15,8,4125.0,16,2,10,True
12254,Colombia,Bogotá D.C.,Bronce,False,False,True,0,0,0.0,89,3,8,True
12255,Colombia,Otras ciudades,Plata,True,False,False,14,11,5167.0,8,10,7,False
12256,México,—,Bronce,False,True,True,1,0,0.0,17,1,5,True
12257,Ecuador,—,Bronce,True,False,True,1,0,0.0,32,1,9,True
12258,Perú,—,Platino,False,False,True,119,91,45944.0,29,6,8,True
12259,Perú,—,Bronce,True,False,True,1,0,0.0,59,4,8,True
12260,Colombia,Bogotá D.C.,Bronce,False,True,True,1,0,0.0,6,2,4,True
12261,Colombia,Neiva,Bronce,False,False,True,4,3,951.0,87,2,9,True
12262,México,—,Bronce,True,False,True,0,0,0.0,26,0,6,True
12263,Perú,—,Bronce,True,False,False,5,4,2245.0,40,5,3,True
12264,Colombia,Otras ciudades,Bronce,False,True,True,2,1,530.0,33,1,9,True
12265,Colombia,Pereira,Bronce,True,True,True,0,0,0.0,8,7,6,False
12266,Colombia,Otras ciudades,Bronce,False,False,True,0,0,0.0,36,2,9,True
12267,Colombia,Barranquilla,Plata,True,False,False,13,9,3256.0,2,2,7,True
12268,México,—,Bronce,True,False,False,0,0,0.0,16,3,8,True
12269,Colombia,Cali,Plata,False,False,True,8,6,2774.0,20,1,5,True
12270,Perú,—,Bronce,True,False,True,0,0,0.0,16,0,9,True
12271,Colombia,Bogotá D.C.,Bronce,False,True,True,6,5,2041.0,63,16,9,False
12272,Ecuador,—,Bronce,False,False,False,2,1,405.0,31,14,4,False
12273,Colombia,Santa Marta,Bronce,False,False,True,1,0,0.0,26,1,7,True
12274,Chile,—,Platino,False,False,False,63,41,27174.0,6,2,5,True
12275,México,—,Oro,False,False,True,33,23,13750.0,27,2,10,True
12276,Colombia,Otras ciudades,Bronce,True,False,False,6,5,1926.0,33,1,5,True
12277,México,—,Bronce,False,False,True,0,0,0.0,16,5,8,True
12278,Colombia,Medellín,Oro,True,False,False,39,35,15992.0,21,18,8,False
12279,Uruguay,—,Bronce,True,True,True,0,0,0.0,15,20,8,False
12280,México,—,Bronce,True,True,True,1,0,0.0,5,7,5,False
12281,Colombia,Cúcuta,Bronce,True,True,True,0,0,0.0,14,9,7,False
12282,México,—,Plata,True,False,True,10,7,3395.0,3,1,2,True
12283,México,—,Bronce,True,True,False,3,1,413.0,80,12,10,False
12284,Ecuador,—,Bronce,True,False,True,0,0,0.0,9,10,6,False
12285,Colombia,Cali,Bronce,True,False,True,1,0,0.0,18,6,6,True
12286,Colombia,Barranquilla,Bronce,True,False,True,2,1,525.0,13,14,7,False
12287,Colombia,Cartagena,Plata,False,False,True,13,10,5726.0,70,5,6,True
12288,Colombia,Barranquilla,Bronce,True,False,True,1,0,0.0,29,0,8,True
12289,Colombia,Otras ciudades,Bronce,False,True,True,2,1,390.0,70,8,5,False
12290,Colombia,Cali,Bronce,False,False,True,4,3,1309.0,25,0,7,True
12291,Colombia,Cali,Bronce,True,False,True,0,0,0.0,60,1,7,True
12292,Colombia,Otras ciudades,Bronce,False,False,True,0,0,0.0,27,5,5,True
12293,Ecuador,—,Bronce,True,False,True,2,1,379.0,8,14,3,False
12294,Uruguay,—,Bronce,True,True,False,2,1,381.0,67,12,3,False
12295,Colombia,Otras ciudades,Bronce,True,True,False,5,4,2451.0,23,2,5,True
12296,México,—,Bronce,False,False,True,0,0,0.0,28,5,10,True
12297,México,—,Bronce,False,False,True,1,0,0.0,16,11,7,False
12298,Colombia,Cali,Bronce,False,True,True,0,0,0.0,32,3,10,True
12299,México,—,Bronce,False,False,True,1,0,0.0,12,2,8,True
12300,Colombia,Otras ciudades,Bronce,False,True,True,0,0,0.0,17,5,7,True
12301,Colombia,Barranquilla,Bronce,False,False,True,1,0,0.0,43,8,7,False
12302,Colombia,Bogotá D.C.,Bronce,False,False,True,1,0,0.0,8,16,6,False
12303,Colombia,Otras ciudades,Bronce,True,False,True,0,0,0.0,50,7,8,False
12304,Colombia,Bogotá D.C.,Bronce,False,True,True,0,0,0.0,12,3,3,True
12305,Colombia,Bucaramanga,Bronce,True,False,True,3,1,394.0,58,3,6,True
12306,Colombia,Ibagué,Bronce,True,False,True,1,0,0.0,14,7,7,False
12307,Ecuador,—,Plata,True,False,True,10,8,5150.0,44,0,9,True
12308,Colombia,Barranquilla,Plata,False,False,True,15,10,4223.0,15,17,8,False
12309,Colombia,Medellín,Bronce,False,True,True,0,0,0.0,44,4,7,True
12310,Perú,—,Bronce,True,False,True,3,2,1114.0,10,0,9,True
12311,Perú,—,Bronce,False,False,True,0,0,0.0,24,4,10,True
12312,Colombia,Bogotá D.C.,Bronce,False,False,False,0,0,0.0,42,6,7,True
12313,Colombia,Barranquilla,Bronce,False,False,True,1,0,0.0,47,6,8,True
12314,Uruguay,—,Oro,True,False,True,30,22,13187.0,21,21,3,False
12315,Colombia,Ibagué,Bronce,False,False,True,0,0,0.0,16,0,2,True
12316,Colombia,Otras ciudades,Bronce,False,True,False,2,1,447.0,13,10,4,False
12317,Colombia,Cartagena,Bronce,False,True,True,2,1,437.0,2,4,7,True
12318,Colombia,Medellín,Bronce,True,False,True,1,0,0.0,19,10,10,False
12319,Colombia,Otras ciudades,Bronce,False,False,True,2,1,537.0,6,1,7,True
12320,Colombia,Cali,Bronce,False,False,True,1,0,0.0,22,12,6,False
12321,Colombia,Bogotá D.C.,Bronce,False,False,True,0,0,0.0,4,1,7,True
12322,Colombia,Barranquilla,Bronce,False,False,True,0,0,0.0,9,1,5,True
12323,Ecuador,—,Bronce,False,True,True,1,0,0.0,7,1,10,True
12324,Ecuador,—,Bronce,True,True,True,0,0,0.0,18,13,3,False
12325,Perú,—,Bronce,False,False,True,2,1,409.0,10,10,5,False
12326,Colombia,Neiva,Bronce,False,False,True,4,3,1043.0,18,1,6,True
12327,Perú,—,Bronce,False,False,True,0,0,0.0,37,0,7,True
12328,Colombia,Bogotá D.C.,Bronce,False,True,True,5,3,1616.0,8,6,6,True
12329,Colombia,Bogotá D.C.,Bronce,True,False,True,3,2,1023.0,9,8,4,False
12330,Colombia,Neiva,Bronce,False,False,True,0,0,0.0,30,0,7,True
12331,Colombia,Bogotá D.C.,Plata,True,False,True,9,5,3156.0,43,11,5,False
12332,Colombia,Cúcuta,Oro,False,False,False,27,16,8182.0,16,1,9,True
12333,Colombia,Cali,Bronce,True,False,True,1,0,0.0,21,2,10,True
12334,Colombia,Bogotá D.C.,Bronce,True,False,True,2,1,235.0,25,9,10,False
12335,Colombia,Bogotá D.C.,Bronce,False,False,True,7,5,2134.0,28,3,4,True
12336,México,—,Bronce,False,False,True,2,1,420.0,36,2,3,True
12337,México,—,Bronce,True,False,False,3,1,674.0,13,7,9,False
12338,Colombia,Bogotá D.C.,Bronce,False,True,True,0,0,0.0,65,6,6,True
12339,Colombia,Bogotá D.C.,Bronce,False,False,True,0,0,0.0,6,4,8,True
12340,Perú,—,Bronce,True,False,True,3,2,984.0,12,7,9,False
12341,Colombia,Bucaramanga,Bronce,True,False,True,1,0,0.0,20,10,6,False
12342,México,—,Bronce,False,False,True,5,4,2850.0,14,5,4,True
12343,Colombia,Pereira,Bronce,True,False,True,0,0,0.0,84,3,10,True
12344,Perú,—,Bronce,False,True,True,0,0,0.0,7,5,9,True
12345,México,—,Bronce,False,False,True,2,1,379.0,28,2,9,True
12346,Colombia,Otras ciudades,Plata,False,False,True,8,5,3296.0,9,15,4,False
12347,Colombia,Bogotá D.C.,Bronce,False,False,False,5,4,3302.0,1,8,2,False
12348,Colombia,Bogotá D.C.,Bronce,True,False,True,0,0,0.0,11,16,5,False
12349,Colombia,Cali,Bronce,True,False,True,0,0,0.0,16,4,6,True
12350,Colombia,Manizales,Plata,False,True,True,21,17,9417.0,17,5,10,True
12351,Colombia,Bogotá D.C.,Bronce,False,False,True,0,0,0.0,30,1,1,True
12352,Colombia,Cartagena,Bronce,False,False,True,1,0,0.0,24,5,10,True
12353,Colombia,Armenia,Platino,True,False,False,65,40,17816.0,15,3,7,True
12354,Colombia,Otras ciudades,Oro,False,True,True,26,23,12654.0,68,11,10,False
12355,Colombia,Medellín,Oro,False,True,True,27,16,9027.0,38,4,10,True
12356,México,—,Bronce,False,False,True,2,1,369.0,9,11,10,False
12357,Colombia,Popayán,Bronce,True,True,True,1,0,0.0,24,2,3,True
12358,Colombia,Otras ciudades,Plata,False,True,True,14,10,4629.0,18,11,3,False
12359,Colombia,Pereira,Bronce,False,False,False,1,0,0.0,73,4,8,True
12360,Colombia,Montería,Bronce,False,False,True,5,2,1043.0,16,5,10,True
12361,México,—,Bronce,False,True,True,1,0,0.0,32,3,9,True
12362,Colombia,Cartagena,Bronce,False,False,True,0,0,0.0,24,1,7,True
12363,Colombia,Bogotá D.C.,Bronce,True,True,False,0,0,0.0,21,7,10,False
12364,Colombia,Bucaramanga,Plata,True,False,True,10,9,3668.0,12,1,9,True
12365,Colombia,Barranquilla,Bronce,False,False,True,4,2,985.0,63,4,6,True
12366,Colombia,Bogotá D.C.,Bronce,False,False,True,1,0,0.0,24,10,10,False
12367,Colombia,Bogotá D.C.,Bronce,False,False,True,0,0,0.0,28,3,8,True
12368,México,—,Bronce,False,True,True,1,0,0.0,17,14,10,False
12369,México,—,Plata,False,False,True,8,6,3326.0,46,2,7,True
12370,Colombia,Bogotá D.C.,Bronce,False,True,True,2,1,553.0,18,10,8,False
12371,Colombia,Bogotá D.C.,Bronce,True,False,True,0,0,0.0,45,3,9,True
12372,Perú,—,Bronce,False,False,True,1,0,0.0,12,2,9,True
12373,Colombia,Cali,Bronce,True,True,False,0,0,0.0,49,1,9,True
12374,México,—,Bronce,False,True,True,1,0,0.0,58,2,7,True
12375,Colombia,Cali,Bronce,False,False,False,1,0,0.0,25,0,8,True
12376,Perú,—,Bronce,False,True,True,1,0,0.0,65,5,8,True
12377,México,—,Bronce,True,False,True,0,0,0.0,62,2,10,True
12378,Ecuador,—,Bronce,False,False,True,1,0,0.0,9,16,9,False
12379,Colombia,Medellín,Bronce,True,True,True,4,3,1659.0,9,3,5,True
12380,Colombia,Otras ciudades,Bronce,False,False,True,4,2,1529.0,44,2,8,True
12381,Colombia,Barranquilla,Bronce,False,False,False,2,1,359.0,10,3,6,True
12382,Colombia,Medellín,Bronce,True,True,True,2,1,357.0,39,3,5,True
12383,México,—,Bronce,False,True,True,1,0,0.0,71,19,8,False
12384,Colombia,Pasto,Plata,False,False,True,8,5,2296.0,43,9,8,False
12385,México,—,Plata,True,False,True,13,10,5004.0,20,10,5,False
12386,Colombia,Cali,Bronce,True,False,True,4,3,1643.0,18,4,8,True
12387,Colombia,Otras ciudades,Bronce,False,False,True,5,3,1442.0,32,1,8,True
12388,Chile,—,Bronce,False,False,True,0,0,0.0,22,2,9,True
12389,Perú,—,Bronce,True,True,False,0,0,0.0,11,2,9,True
12390,Colombia,Cali,Bronce,False,True,True,0,0,0.0,18,8,6,False
12391,México,—,Bronce,False,False,False,0,0,0.0,11,2,3,True
12392,Colombia,Medellín,Plata,False,False,True,11,8,4042.0,2,4,8,True
12393,Colombia,Bogotá D.C.,Bronce,True,False,True,6,5,1868.0,13,7,7,False
12394,Colombia,Ibagué,Oro,True,False,True,36,25,11337.0,5,8,9,False
12395,Colombia,Otras ciudades,Bronce,False,False,True,1,0,0.0,9,3,9,True
12396,Colombia,Barranquilla,Bronce,False,True,True,3,2,1102.0,46,10,6,False
12397,Colombia,Bucaramanga,Bronce,False,False,True,1,0,0.0,41,2,6,True
12398,México,—,Bronce,True,False,True,4,3,1678.0,20,2,10,True
12399,Colombia,Medellín,Bronce,False,False,True,0,0,0.0,37,6,7,True
12400,Perú,—,Bronce,False,False,True,3,1,626.0,24,1,9,True
12401,México,—,Bronce,True,False,True,0,0,0.0,4,16,10,False
12402,Ecuador,—,Bronce,False,True,True,0,0,0.0,62,4,10,True
12403,Colombia,Popayán,Bronce,False,False,False,1,0,0.0,48,8,10,False
12404,Uruguay,—,Bronce,False,True,True,0,0,0.0,27,6,9,True
12405,Uruguay,—,Bronce,True,False,True,0,0,0.0,51,11,7,False
12406,Colombia,Popayán,Plata,False,False,True,16,13,7191.0,26,10,10,False
12407,Perú,—,Plata,True,True,True,10,9,4878.0,7,17,6,False
12408,Colombia,Pasto,Bronce,True,True,True,2,1,309.0,23,10,5,False
12409,Uruguay,—,Plata,True,False,True,13,10,4096.0,130,13,8,False
12410,Colombia,Medellín,Bronce,True,False,True,6,5,3192.0,13,3,9,True
12411,México,—,Bronce,False,True,True,0,0,0.0,26,3,9,True
12412,Colombia,Barranquilla,Bronce,True,False,True,4,2,861.0,28,7,7,False
12413,Ecuador,—,Bronce,True,False,True,0,0,0.0,50,15,10,False
12414,Perú,—,Bronce,False,False,False,3,1,362.0,22,9,8,False
12415,Colombia,Bogotá D.C.,Plata,True,True,True,11,7,3096.0,27,11,9,False
12416,Ecuador,—,Bronce,False,False,True,0,0,0.0,13,2,5,True
12417,Colombia,Montería,Plata,True,False,True,12,7,3816.0,15,5,3,True
12418,Colombia,Cali,Bronce,False,True,True,1,0,0.0,74,4,7,True
12419,Colombia,Bogotá D.C.,Bronce,False,False,True,4,3,1093.0,128,0,7,True
12420,Colombia,Bogotá D.C.,Bronce,True,False,True,5,4,1968.0,31,0,6,True
12421,Colombia,Bogotá D.C.,Oro,True,False,True,32,28,15569.0,44,2,7,True
12422,Colombia,Cartagena,Bronce,True,True,True,1,0,0.0,38,3,7,True
12423,Colombia,Medellín,Bronce,False,True,True,2,1,413.0,35,4,7,True
12424,Colombia,Otras ciudades,Bronce,True,False,False,2,1,432.0,12,1,10,True
12425,Colombia,Medellín,Bronce,True,True,True,0,0,0.0,2,6,7,True
12426,México,—,Bronce,True,True,True,0,0,0.0,45,4,7,True
12427,Colombia,Medellín,Bronce,False,False,False,3,2,991.0,26,1,10,True
12428,Colombia,Cali,Bronce,False,False,False,0,0,0.0,19,3,5,True
12429,México,—,Oro,False,False,True,35,26,12200.0,65,0,9,True
12430,Ecuador,—,Bronce,True,False,True,0,0,0.0,50,2,2,True
12431,Colombia,Ibagué,Bronce,False,False,True,2,1,409.0,26,1,10,True
12432,Colombia,Bogotá D.C.,Bronce,False,True,True,0,0,0.0,16,3,8,True
12433,Colombia,Barranquilla,Bronce,False,False,True,6,5,1749.0,53,8,9,False
12434,Colombia,Bogotá D.C.,Plata,True,False,False,10,8,3879.0,1,10,7,False
12435,Perú,—,Bronce,True,False,True,5,4,1321.0,4,4,8,True
12436,Chile,—,Bronce,True,False,True,0,0,0.0,9,2,4,True
12437,Colombia,Ibagué,Bronce,True,False,True,5,3,1025.0,26,0,4,True
12438,Colombia,Cali,Bronce,True,False,False,0,0,0.0,12,5,9,True
12439,Colombia,Otras ciudades,Bronce,False,False,True,0,0,0.0,19,9,7,False
12440,Colombia,Bogotá D.C.,Bronce,False,False,False,2,1,212.0,4,20,6,False
12441,Colombia,Pereira,Bronce,True,False,True,0,0,0.0,25,0,7,True
12442,Ecuador,—,Bronce,False,False,True,0,0,0.0,2,9,6,False
12443,Perú,—,Bronce,False,False,True,0,0,0.0,21,1,7,True
12444,Ecuador,—,Bronce,False,False,True,0,0,0.0,2,7,10,False
12445,Colombia,Cali,Bronce,True,False,True,0,0,0.0,79,6,10,True
12446,Colombia,Bogotá D.C.,Bronce,False,True,False,1,0,0.0,1,7,8,False
12447,Colombia,Otras ciudades,Bronce,False,False,True,4,2,1103.0,35,2,7,True
12448,Colombia,Bogotá D.C.,Bronce,True,True,True,3,2,936.0,23,9,6,False
12449,Colombia,Bucaramanga,Bronce,True,False,True,0,0,0.0,16,2,10,True
12450,Colombia,Medellín,Bronce,False,True,True,2,1,554.0,12,10,6,False
12451,Uruguay,—,Plata,False,False,False,9,7,3731.0,6,4,10,True
12452,Colombia,Medellín,Bronce,False,True,True,3,1,555.0,21,3,10,True
12453,Colombia,Medellín,Bronce,False,True,False,0,0,0.0,37,3,8,True
12454,Colombia,Bogotá D.C.,Bronce,False,False,False,2,1,417.0,11,1,7,True
12455,Colombia,Cartagena,Bronce,False,True,True,5,3,1364.0,27,7,10,False
12456,México,—,Bronce,False,False,True,0,0,0.0,27,6,8,True
12457,México,—,Bronce,False,False,True,0,0,0.0,35,11,9,False
12458,México,—,Bronce,True,False,True,3,2,1087.0,4,13,4,False
12459,México,—,Bronce,False,False,True,5,3,1610.0,37,6,10,True
12460,México,—,Bronce,False,False,True,4,2,356.0,15,2,6,True
12461,Perú,—,Bronce,True,False,True,4,3,1901.0,101,15,5,False
12462,México,—,Bronce,False,False,True,0,0,0.0,61,9,10,False
12463,Colombia,Bucaramanga,Bronce,True,True,True,5,3,1319.0,38,2,10,True
12464,México,—,Bronce,True,True,True,4,2,1276.0,30,6,2,True
12465,Colombia,Medellín,Bronce,False,False,True,0,0,0.0,39,5,8,True
12466,Colombia,Popayán,Bronce,False,False,True,4,2,596.0,47,3,5,True
12467,México,—,Bronce,True,True,False,0,0,0.0,19,3,7,True
12468,Colombia,Otras ciudades,Bronce,False,False,True,2,1,568.0,54,8,10,False
12469,Colombia,Barranquilla,Plata,False,True,False,13,9,5358.0,49,0,10,True
12470,Colombia,Cali,Bronce,True,True,True,6,5,2612.0,13,2,10,True
12471,Colombia,Cali,Bronce,False,False,False,0,0,0.0,12,7,4,False
12472,México,—,Platino,False,False,True,427,319,117227.0,23,6,8,True
12473,Colombia,Bogotá D.C.,Bronce,True,False,True,4,2,859.0,54,9,9,False
12474,Colombia,Villavicencio,Bronce,False,True,False,3,1,467.0,19,2,7,True
12475,Colombia,Barranquilla,Bronce,False,True,True,0,0,0.0,18,10,7,False
12476,Perú,—,Plata,False,False,True,11,9,4842.0,1,2,7,True
12477,México,—,Bronce,False,True,True,0,0,0.0,28,0,7,True
12478,Colombia,Armenia,Bronce,False,True,False,0,0,0.0,16,6,10,True
12479,Colombia,Cali,Bronce,False,False,True,2,1,518.0,8,6,9,True
12480,Uruguay,—,Bronce,True,False,True,1,0,0.0,8,10,10,False
12481,Perú,—,Bronce,True,False,True,6,4,2114.0,18,1,6,True
12482,Colombia,Medellín,Bronce,True,True,True,0,0,0.0,13,8,3,False
12483,Colombia,Bogotá D.C.,Plata,False,False,True,24,20,9128.0,44,6,7,True
12484,Colombia,Ibagué,Bronce,False,False,False,1,0,0.0,9,3,7,True
12485,Chile,—,Bronce,True,False,True,5,4,2114.0,40,1,9,True
12486,Colombia,Cúcuta,Bronce,False,False,False,1,0,0.0,71,4,4,True
12487,Ecuador,—,Bronce,True,False,True,1,0,0.0,5,2,7,True
12488,Uruguay,—,Bronce,True,False,True,1,0,0.0,52,1,9,True
12489,Chile,—,Plata,False,True,True,16,14,6725.0,20,0,8,True
12490,Colombia,Neiva,Bronce,False,False,True,4,2,1388.0,7,4,5,True
12491,México,—,Bronce,True,False,True,0,0,0.0,5,4,5,True
12492,Colombia,Cali,Bronce,True,True,True,4,3,1485.0,15,15,8,False
12493,Colombia,Bogotá D.C.,Bronce,False,True,True,0,0,0.0,11,17,7,False
12494,México,—,Bronce,False,False,True,4,2,967.0,38,2,9,True
12495,México,—,Plata,False,False,True,16,14,5200.0,14,3,3,True
12496,México,—,Bronce,True,False,True,1,0,0.0,23,2,1,True
12497,Perú,—,Oro,True,True,True,26,21,9052.0,7,21,8,False
12498,Colombia,Medellín,Bronce,True,False,True,1,0,0.0,57,7,6,False
12499,Uruguay,—,Bronce,True,False,True,2,1,405.0,19,7,6,False
12500,Ecuador,—,Bronce,False,False,True,1,0,0.0,14,3,10,True
12501,México,—,Plata,True,False,True,10,6,2893.0,7,10,5,False
12502,Ecuador,—,Bronce,True,True,True,1,0,0.0,41,4,6,True
12503,Colombia,Bogotá D.C.,Bronce,False,False,False,0,0,0.0,15,8,5,False
12504,Colombia,Otras ciudades,Bronce,True,False,True,2,1,731.0,84,10,6,False
12505,Colombia,Medellín,Bronce,False,True,True,3,2,802.0,3,3,9,True
12506,Colombia,Bogotá D.C.,Bronce,False,False,True,0,0,0.0,27,3,10,True
12507,Chile,—,Bronce,True,True,True,0,0,0.0,52,4,8,True
12508,Colombia,Cúcuta,Bronce,True,False,False,5,2,675.0,29,1,2,True
12509,México,—,Bronce,True,False,True,0,0,0.0,16,2,9,True
12510,Colombia,Manizales,Plata,True,False,True,8,6,2137.0,17,14,6,False
12511,Ecuador,—,Bronce,False,False,True,3,1,467.0,33,7,8,False
12512,Colombia,Bogotá D.C.,Bronce,False,False,False,0,0,0.0,4,3,8,True
12513,Colombia,Santa Marta,Plata,False,True,False,10,7,3969.0,57,5,7,True
12514,Colombia,Barranquilla,Bronce,True,True,True,4,3,1750.0,29,1,5,True
12515,Perú,—,Bronce,False,False,True,0,0,0.0,36,10,10,False
12516,Colombia,Medellín,Bronce,False,True,True,2,1,534.0,19,13,7,False
12517,Colombia,Cali,Bronce,True,False,True,1,0,0.0,17,1,6,True
12518,Colombia,Bogotá D.C.,Bronce,True,False,True,0,0,0.0,55,2,5,True
12519,Colombia,Bogotá D.C.,Bronce,False,False,True,0,0,0.0,15,6,6,True
12520,México,—,Bronce,False,False,True,1,0,0.0,107,0,4,True
12521,Colombia,Bogotá D.C.,Bronce,True,False,True,0,0,0.0,84,26,6,False
12522,México,—,Bronce,False,True,False,0,0,0.0,58,15,7,False
12523,Colombia,Cúcuta,Bronce,True,True,True,3,2,902.0,6,4,10,True
12524,Colombia,Cali,Bronce,True,True,True,6,5,2236.0,25,5,8,True
12525,Ecuador,—,Bronce,True,False,True,1,0,0.0,31,8,7,False
12526,México,—,Bronce,False,False,True,1,0,0.0,8,1,4,True
12527,Colombia,Cartagena,Bronce,False,False,True,0,0,0.0,25,3,7,True
12528,México,—,Bronce,False,False,True,3,1,530.0,40,1,7,True
12529,México,—,Bronce,False,True,True,1,0,0.0,2,3,9,True
12530,Colombia,Cartagena,Bronce,False,False,True,0,0,0.0,52,11,7,False
12531,Uruguay,—,Bronce,False,False,True,3,1,446.0,35,2,7,True
12532,Colombia,Medellín,Bronce,True,False,True,5,4,2089.0,11,1,7,True
12533,Colombia,Bogotá D.C.,Bronce,False,True,True,2,1,603.0,18,7,10,False
12534,México,—,Bronce,True,True,True,0,0,0.0,16,8,9,False
12535,Colombia,Cali,Plata,True,False,True,12,10,3679.0,13,4,4,True
12536,Uruguay,—,Bronce,False,False,True,1,0,0.0,13,0,6,True
12537,Colombia,Bogotá D.C.,Bronce,True,False,True,0,0,0.0,35,8,7,False
12538,Colombia,Otras ciudades,Bronce,True,False,True,1,0,0.0,23,7,5,False
12539,Colombia,Pereira,Bronce,True,False,True,4,2,801.0,72,4,10,True
12540,Colombia,Otras ciudades,Bronce,False,False,True,0,0,0.0,3,1,7,True
12541,Ecuador,—,Bronce,False,False,True,0,0,0.0,35,7,10,False
12542,Colombia,Bogotá D.C.,Plata,True,False,True,9,6,3057.0,37,6,4,True
12543,Colombia,Popayán,Bronce,True,True,True,1,0,0.0,18,10,6,False
12544,México,—,Bronce,False,True,True,1,0,0.0,23,1,10,True
12545,Colombia,Otras ciudades,Plata,False,False,True,10,5,2485.0,32,6,4,True
12546,México,—,Bronce,False,False,True,0,0,0.0,36,7,6,False
12547,México,—,Bronce,True,False,True,2,1,610.0,26,8,8,False
12548,Colombia,Cali,Bronce,False,True,False,0,0,0.0,28,7,8,False
12549,Colombia,Cali,Bronce,False,False,True,1,0,0.0,43,4,7,True
12550,Colombia,Neiva,Bronce,True,False,False,0,0,0.0,10,6,10,True
12551,Uruguay,—,Bronce,False,False,False,0,0,0.0,2,17,9,False
12552,Colombia,Otras ciudades,Bronce,False,True,True,3,2,1486.0,3,3,4,True
12553,Colombia,Medellín,Bronce,True,False,True,0,0,0.0,58,6,9,True
12554,Colombia,Barranquilla,Plata,True,False,False,9,7,3731.0,12,9,8,False
12555,Colombia,Santa Marta,Bronce,True,False,False,1,0,0.0,18,2,9,True
12556,Colombia,Popayán,Bronce,True,True,True,3,2,883.0,8,7,7,False
12557,Colombia,Cúcuta,Bronce,False,False,True,0,0,0.0,16,2,6,True
12558,México,—,Bronce,False,False,True,0,0,0.0,54,7,9,False
12559,Colombia,Barranquilla,Bronce,False,False,True,2,1,464.0,21,6,7,True
12560,Ecuador,—,Bronce,True,False,False,2,1,625.0,28,7,5,False
12561,Colombia,Cali,Bronce,True,False,True,2,1,305.0,4,3,10,True
12562,México,—,Bronce,True,False,True,1,0,0.0,14,3,7,True
12563,México,—,Bronce,False,False,True,4,2,596.0,10,3,8,True
12564,Colombia,Otras ciudades,Bronce,True,False,True,1,0,0.0,31,1,10,True
12565,Colombia,Bucaramanga,Bronce,True,False,True,2,1,477.0,71,4,7,True
12566,Ecuador,—,Bronce,True,False,True,0,0,0.0,31,16,8,False
12567,Colombia,Bogotá D.C.,Bronce,True,True,True,3,2,877.0,78,4,9,True
12568,Colombia,Medellín,Bronce,False,False,True,0,0,0.0,35,3,10,True
12569,Colombia,Medellín,Bronce,True,True,True,0,0,0.0,12,3,8,True
12570,Colombia,Bogotá D.C.,Bronce,False,True,True,1,0,0.0,20,2,6,True
12571,Perú,—,Bronce,True,False,True,0,0,0.0,38,5,4,True
12572,Perú,—,Bronce,False,False,True,0,0,0.0,18,10,9,False
12573,Colombia,Cúcuta,Bronce,True,False,True,3,1,387.0,5,11,8,False
12574,Colombia,Barranquilla,Bronce,True,True,True,0,0,0.0,13,4,7,True
12575,México,—,Bronce,False,True,True,1,0,0.0,19,9,8,False
12576,Colombia,Medellín,Bronce,True,False,True,1,0,0.0,30,10,7,False
12577,Colombia,Montería,Bronce,False,False,True,0,0,0.0,71,1,8,True
12578,Colombia,Bogotá D.C.,Bronce,False,False,True,0,0,0.0,8,12,10,False
12579,Colombia,Medellín,Bronce,True,False,True,0,0,0.0,53,1,6,True
12580,Colombia,Bogotá D.C.,Bronce,False,False,True,7,5,2255.0,61,3,7,True
12581,México,—,Bronce,False,False,False,0,0,0.0,25,3,10,True
12582,Colombia,Villavicencio,Bronce,False,False,True,3,2,927.0,17,7,7,False
12583,Colombia,Cali,Bronce,False,False,True,0,0,0.0,15,2,7,True
12584,Colombia,Medellín,Bronce,True,False,True,5,4,1476.0,34,2,7,True
12585,Colombia,Medellín,Bronce,False,False,True,3,2,748.0,12,5,10,True
12586,Colombia,Bucaramanga,Bronce,True,False,True,6,5,2327.0,9,3,9,True
12587,Colombia,Cartagena,Bronce,False,False,True,2,1,328.0,77,1,6,True
12588,Colombia,Medellín,Bronce,True,True,True,3,2,1052.0,27,7,7,False
12589,México,—,Bronce,True,False,True,4,2,846.0,15,2,6,True
12590,Colombia,Medellín,Bronce,True,False,True,3,1,539.0,37,10,10,False
12591,Colombia,Cartagena,Bronce,False,False,True,3,2,1256.0,18,3,10,True
12592,Colombia,Bogotá D.C.,Bronce,False,True,True,3,2,1385.0,36,3,5,True
12593,México,—,Bronce,True,False,True,0,0,0.0,33,7,9,False
12594,Ecuador,—,Plata,True,False,True,17,14,6148.0,10,13,8,False
12595,México,—,Bronce,True,False,True,0,0,0.0,35,12,9,False
12596,México,—,Bronce,False,False,True,0,0,0.0,47,6,6,True
12597,Colombia,Neiva,Plata,True,True,True,10,7,3038.0,8,14,7,False
12598,México,—,Oro,False,False,True,29,23,14356.0,29,10,4,False
12599,Colombia,Otras ciudades,Bronce,False,False,True,1,0,0.0,25,6,10,True
12600,Colombia,Bogotá D.C.,Bronce,True,False,True,0,0,0.0,48,5,4,True
12601,Colombia,Medellín,Bronce,False,False,True,0,0,0.0,7,2,6,True
12602,México,—,Bronce,False,False,True,6,5,1561.0,13,2,9,True
12603,Colombia,Pereira,Bronce,True,True,True,3,2,998.0,5,2,7,True
12604,Colombia,Bogotá D.C.,Bronce,True,True,True,3,2,641.0,15,7,9,False
12605,Colombia,Bogotá D.C.,Bronce,False,True,False,0,0,0.0,35,0,10,True
12606,México,—,Bronce,False,True,False,0,0,0.0,57,1,5,True
12607,México,—,Bronce,True,False,True,0,0,0.0,28,8,3,False
12608,Colombia,Bogotá D.C.,Bronce,False,True,False,3,2,1201.0,20,6,10,True
12609,Colombia,Pasto,Bronce,False,True,True,2,1,416.0,76,10,7,False
12610,México,—,Bronce,True,False,True,0,0,0.0,9,3,6,True
12611,Colombia,Bogotá D.C.,Bronce,True,False,True,0,0,0.0,25,5,6,True
12612,Colombia,Bogotá D.C.,Bronce,True,False,True,1,0,0.0,95,4,7,True
12613,Colombia,Bucaramanga,Bronce,True,False,True,2,1,288.0,1,3,10,True
12614,Colombia,Bogotá D.C.,Bronce,True,True,True,3,1,522.0,52,11,9,False
12615,Ecuador,—,Bronce,True,False,True,1,0,0.0,48,3,10,True
12616,Colombia,Barranquilla,Bronce,True,True,False,6,5,2548.0,10,14,5,False
12617,Ecuador,—,Bronce,False,False,True,3,1,631.0,24,10,9,False
12618,Perú,—,Bronce,True,True,False,0,0,0.0,54,1,1,True
12619,México,—,Bronce,True,False,False,3,2,931.0,19,7,10,False
12620,México,—,Bronce,True,False,True,2,1,395.0,24,2,10,True
12621,Perú,—,Plata,True,True,True,11,6,2509.0,3,14,8,False
12622,Colombia,Medellín,Plata,True,False,False,10,9,5050.0,31,8,6,False
12623,Ecuador,—,Bronce,False,True,True,0,0,0.0,22,5,5,True
12624,México,—,Bronce,False,False,False,5,2,1411.0,14,4,7,True
12625,Ecuador,—,Bronce,True,False,True,1,0,0.0,13,5,6,True
12626,Chile,—,Bronce,False,False,True,4,3,1490.0,41,3,9,True
12627,Ecuador,—,Plata,False,True,True,12,9,4965.0,50,16,5,False
12628,Colombia,Pasto,Plata,True,False,True,8,5,2093.0,2,3,8,True
12629,Ecuador,—,Bronce,False,False,True,1,0,0.0,16,1,6,True
12630,Colombia,Bogotá D.C.,Bronce,True,True,True,0,0,0.0,20,1,9,True
12631,Colombia,Bogotá D.C.,Bronce,True,False,True,5,4,1853.0,47,1,9,True
12632,Colombia,Cali,Plata,False,False,True,10,6,2241.0,5,16,8,False
12633,México,—,Bronce,True,False,False,7,4,1672.0,37,8,10,False
12634,Colombia,Bogotá D.C.,Bronce,True,False,False,0,0,0.0,60,2,7,True
12635,Ecuador,—,Bronce,False,False,True,0,0,0.0,24,1,10,True
12636,Colombia,Manizales,Bronce,False,False,False,0,0,0.0,35,2,5,True
12637,Colombia,Manizales,Bronce,False,True,True,1,0,0.0,38,2,10,True
12638,Colombia,Neiva,Bronce,True,False,True,0,0,0.0,41,10,10,False
12639,México,—,Bronce,True,True,False,4,3,1313.0,34,4,9,True
12640,Colombia,Medellín,Bronce,False,True,True,1,0,0.0,29,5,7,True
12641,Colombia,Cartagena,Bronce,False,False,True,0,0,0.0,28,15,8,False
12642,Colombia,Barranquilla,Bronce,True,True,False,2,1,486.0,39,9,9,False
12643,Ecuador,—,Bronce,True,False,True,0,0,0.0,50,0,7,True
12644,Colombia,Bogotá D.C.,Bronce,False,False,True,3,1,241.0,14,1,4,True
12645,Ecuador,—,Plata,True,True,True,12,8,5087.0,108,4,9,True
12646,México,—,Bronce,True,True,True,5,4,1866.0,59,6,8,True
12647,México,—,Bronce,False,True,True,0,0,0.0,6,6,9,True
12648,México,—,Bronce,True,False,True,0,0,0.0,26,0,7,True
12649,Colombia,Otras ciudades,Bronce,True,False,False,1,0,0.0,38,2,5,True
12650,Uruguay,—,Bronce,False,True,True,3,2,777.0,23,0,6,True
12651,México,—,Bronce,True,False,True,0,0,0.0,3,0,10,True
12652,México,—,Bronce,False,False,True,0,0,0.0,67,17,6,False
12653,Colombia,Cali,Bronce,True,True,True,0,0,0.0,6,7,6,False
12654,Colombia,Bogotá D.C.,Bronce,False,False,True,0,0,0.0,15,10,10,False
12655,Ecuador,—,Plata,False,False,False,9,6,3533.0,16,1,10,True
12656,Colombia,Cartagena,Plata,False,False,True,9,7,4377.0,13,10,10,False
12657,Colombia,Otras ciudades,Bronce,True,False,True,6,4,2442.0,15,8,7,False
12658,Colombia,Bogotá D.C.,Bronce,False,True,True,5,4,1566.0,21,3,6,True
12659,Colombia,Sincelejo,Bronce,True,False,True,0,0,0.0,23,3,7,True
12660,Colombia,Bogotá D.C.,Bronce,True,True,True,0,0,0.0,25,13,9,False
12661,Colombia,Cali,Bronce,True,False,True,0,0,0.0,34,19,2,False
12662,Colombia,Barranquilla,Bronce,False,False,True,0,0,0.0,26,7,7,False
12663,Colombia,Medellín,Bronce,False,False,True,3,2,643.0,6,3,8,True
12664,Colombia,Armenia,Bronce,False,True,False,2,1,419.0,39,15,8,False
12665,Uruguay,—,Plata,False,True,True,17,12,3826.0,3,3,9,True
12666,Colombia,Cali,Bronce,True,False,True,2,1,476.0,39,1,7,True
12667,Colombia,Otras ciudades,Bronce,False,False,True,0,0,0.0,16,5,9,True
12668,Colombia,Bogotá D.C.,Bronce,True,True,True,0,0,0.0,61,2,5,True
12669,Colombia,Medellín,Bronce,True,False,True,1,0,0.0,27,8,8,False
12670,Colombia,Medellín,Bronce,True,False,False,5,4,1986.0,46,4,7,True
12671,México,—,Oro,False,True,True,37,22,9536.0,19,1,8,True
12672,Colombia,Barranquilla,Oro,True,False,True,43,31,11462.0,13,0,8,True
12673,Ecuador,—,Bronce,True,False,True,1,0,0.0,16,9,4,False
12674,Colombia,Bogotá D.C.,Bronce,True,False,False,1,0,0.0,41,1,8,True
12675,México,—,Bronce,False,False,True,1,0,0.0,93,1,10,True
12676,Colombia,Villavicencio,Bronce,False,False,True,1,0,0.0,23,1,7,True
12677,Perú,—,Plata,False,True,True,10,7,3652.0,66,2,7,True
12678,Colombia,Bogotá D.C.,Bronce,False,False,False,6,4,2872.0,28,1,10,True
12679,Colombia,Bucaramanga,Bronce,True,False,True,1,0,0.0,58,1,2,True
12680,Colombia,Bogotá D.C.,Bronce,True,False,True,1,0,0.0,27,10,9,False
12681,Colombia,Otras ciudades,Bronce,True,True,True,5,4,1385.0,18,1,7,True
12682,Perú,—,Bronce,True,False,True,0,0,0.0,139,5,4,True
12683,Chile,—,Bronce,True,False,True,2,1,405.0,61,4,6,True
12684,México,—,Bronce,False,False,True,4,2,609.0,17,1,8,True
12685,Colombia,Pasto,Plata,True,False,True,10,7,3206.0,14,4,5,True
12686,Colombia,Medellín,Bronce,True,False,False,0,0,0.0,36,1,9,True
12687,Colombia,Armenia,Bronce,False,False,True,3,1,612.0,19,13,10,False
12688,Colombia,Cali,Bronce,False,False,False,1,0,0.0,18,5,7,True
12689,Colombia,Bogotá D.C.,Bronce,False,False,True,3,1,542.0,85,6,9,True
12690,Ecuador,—,Plata,False,False,False,12,9,5090.0,15,4,6,True
12691,Colombia,Cali,Bronce,True,True,True,6,5,3034.0,13,10,10,False
12692,México,—,Plata,True,False,False,16,14,8209.0,5,3,4,True
12693,Colombia,Bogotá D.C.,Bronce,True,False,True,6,4,2463.0,22,4,9,True
12694,Colombia,Bogotá D.C.,Bronce,False,True,True,4,3,1585.0,2,9,7,False
12695,Colombia,Bucaramanga,Oro,False,True,True,56,35,11693.0,18,6,7,True
12696,Colombia,Bogotá D.C.,Bronce,True,False,True,0,0,0.0,54,8,8,False
12697,Chile,—,Bronce,False,False,False,0,0,0.0,7,6,8,True
12698,Colombia,Bogotá D.C.,Oro,True,False,False,25,19,8702.0,6,4,6,True
12699,Colombia,Bogotá D.C.,Bronce,False,False,True,2,1,554.0,11,2,9,True
12700,Colombia,Cali,Bronce,True,False,True,0,0,0.0,1,0,2,True
12701,Colombia,Bogotá D.C.,Bronce,True,False,False,3,2,1164.0,44,2,7,True
12702,Colombia,Cúcuta,Bronce,True,False,True,7,5,3002.0,9,17,4,False
12703,Colombia,Otras ciudades,Bronce,False,False,True,0,0,0.0,25,2,8,True
12704,Colombia,Medellín,Bronce,False,False,False,0,0,0.0,25,7,7,False
12705,México,—,Plata,False,False,False,8,6,3418.0,36,3,6,True
12706,Colombia,Bogotá D.C.,Plata,True,False,True,15,11,6650.0,56,4,8,True
12707,Colombia,Bogotá D.C.,Bronce,False,True,True,0,0,0.0,69,0,5,True
12708,México,—,Plata,False,False,True,20,15,7243.0,22,0,9,True
12709,Colombia,Pasto,Bronce,True,True,True,2,1,566.0,12,9,5,False
12710,Uruguay,—,Plata,False,True,True,13,10,3874.0,42,2,7,True
12711,Colombia,Pasto,Bronce,False,False,False,2,1,380.0,25,17,8,False
12712,Perú,—,Bronce,False,False,True,0,0,0.0,26,1,9,True
12713,Colombia,Bogotá D.C.,Bronce,False,True,True,1,0,0.0,24,2,9,True
12714,Colombia,Medellín,Bronce,False,False,False,1,0,0.0,28,7,5,False
12715,Colombia,Villavicencio,Bronce,False,False,True,1,0,0.0,48,6,7,True
12716,Colombia,Pasto,Platino,True,True,True,69,62,28412.0,26,15,4,False
12717,Ecuador,—,Plata,True,True,True,15,13,5057.0,48,8,8,False
12718,Colombia,Cali,Bronce,True,False,False,4,2,487.0,26,0,6,True
12719,Ecuador,—,Bronce,False,True,True,1,0,0.0,104,15,7,False
12720,Colombia,Neiva,Bronce,False,False,True,0,0,0.0,6,24,5,False
12721,Colombia,Neiva,Bronce,True,False,False,0,0,0.0,93,8,8,False
12722,Colombia,Bogotá D.C.,Bronce,False,False,True,2,1,502.0,86,2,8,True
12723,Uruguay,—,Bronce,True,True,True,1,0,0.0,22,4,10,True
12724,Colombia,Bogotá D.C.,Bronce,False,False,True,0,0,0.0,20,3,7,True
12725,Perú,—,Bronce,False,False,True,4,3,922.0,42,18,7,False
12726,Colombia,Bogotá D.C.,Bronce,True,False,False,7,4,1962.0,19,2,5,True
12727,Colombia,Neiva,Bronce,False,True,True,0,0,0.0,32,11,8,False
12728,México,—,Bronce,False,False,True,3,2,873.0,5,4,10,True
12729,Colombia,Bogotá D.C.,Bronce,False,False,True,5,4,2504.0,7,3,10,True
12730,Colombia,Bogotá D.C.,Bronce,True,False,True,1,0,0.0,44,4,10,True
12731,Colombia,Cali,Bronce,True,False,True,6,5,1349.0,10,6,7,True
12732,Uruguay,—,Plata,True,False,True,9,6,1679.0,22,3,10,True
12733,Colombia,Cali,Bronce,True,False,True,0,0,0.0,34,3,6,True
12734,Colombia,Cartagena,Bronce,False,False,True,2,1,229.0,31,2,10,True
12735,Colombia,Cartagena,Bronce,False,False,True,6,4,1601.0,16,1,9,True
12736,Colombia,Cúcuta,Bronce,False,False,False,2,1,499.0,11,6,8,True
12737,Ecuador,—,Bronce,False,False,True,3,2,1093.0,5,16,9,False
12738,México,—,Bronce,False,False,False,1,0,0.0,16,15,5,False
12739,México,—,Bronce,False,False,True,7,4,1526.0,22,3,6,True
12740,Colombia,Cali,Bronce,False,False,True,0,0,0.0,56,3,5,True
12741,Colombia,Bucaramanga,Bronce,True,True,True,1,0,0.0,36,9,8,False
12742,Perú,—,Plata,False,True,True,13,8,5050.0,39,2,10,True
12743,Colombia,Cali,Bronce,True,True,True,1,0,0.0,13,5,6,True
12744,Colombia,Bogotá D.C.,Plata,False,False,True,22,17,7191.0,59,8,8,False
12745,Colombia,Bucaramanga,Bronce,True,False,True,6,5,3909.0,17,2,6,True
12746,Ecuador,—,Bronce,False,False,False,1,0,0.0,102,4,4,True
12747,Colombia,Cartagena,Plata,True,False,False,16,11,5201.0,20,1,7,True
12748,Colombia,Bogotá D.C.,Bronce,True,False,True,0,0,0.0,6,1,8,True
12749,Colombia,Medellín,Bronce,True,False,False,3,2,1030.0,7,0,7,True
12750,Colombia,Bogotá D.C.,Bronce,False,True,True,3,2,943.0,29,3,8,True
12751,Colombia,Cali,Bronce,True,False,True,0,0,0.0,20,9,2,False
12752,Colombia,Barranquilla,Bronce,True,False,False,0,0,0.0,71,2,5,True
12753,Uruguay,—,Bronce,False,True,True,0,0,0.0,19,13,7,False
12754,Colombia,Otras ciudades,Bronce,True,False,False,1,0,0.0,77,10,9,False
12755,Perú,—,Bronce,False,False,False,2,1,639.0,11,2,8,True
12756,Colombia,Bogotá D.C.,Platino,False,False,False,74,49,27037.0,15,10,4,False
12757,México,—,Bronce,False,False,True,1,0,0.0,71,2,6,True
12758,Ecuador,—,Bronce,False,False,True,0,0,0.0,14,2,5,True
12759,Colombia,Bogotá D.C.,Bronce,False,False,True,2,1,440.0,18,4,10,True
12760,México,—,Bronce,True,False,True,0,0,0.0,103,8,7,False
12761,Colombia,Pasto,Bronce,False,False,True,1,0,0.0,25,16,6,False
12762,Colombia,Medellín,Bronce,True,False,True,6,4,2080.0,21,1,7,True
12763,Colombia,Bogotá D.C.,Bronce,False,True,True,0,0,0.0,1,2,9,True
12764,Colombia,Bogotá D.C.,Oro,False,False,True,28,25,14800.0,15,14,6,False
12765,Colombia,Bogotá D.C.,Bronce,True,False,True,0,0,0.0,9,6,10,True
12766,Colombia,Barranquilla,Bronce,False,False,False,4,3,839.0,45,10,4,False
12767,Colombia,Medellín,Bronce,True,True,True,0,0,0.0,134,2,3,True
12768,Colombia,Cali,Bronce,False,False,True,2,1,482.0,28,1,5,True
12769,México,—,Bronce,True,False,True,0,0,0.0,14,5,4,True
12770,México,—,Bronce,False,False,True,0,0,0.0,81,8,9,False
12771,Colombia,Medellín,Bronce,True,False,True,7,5,1953.0,14,9,7,False
12772,México,—,Bronce,True,True,False,5,4,2066.0,14,18,7,False
12773,Colombia,Medellín,Bronce,False,False,True,3,2,980.0,21,14,9,False
12774,Colombia,Medellín,Bronce,False,False,True,0,0,0.0,7,3,2,True
12775,Colombia,Medellín,Bronce,False,False,True,1,0,0.0,33,7,9,False
12776,Colombia,Medellín,Plata,False,False,True,13,8,4457.0,12,0,5,True
12777,México,—,Bronce,True,False,True,4,3,1689.0,18,6,5,True
12778,México,—,Platino,False,False,True,105,69,26192.0,84,4,8,True
12779,Colombia,Bogotá D.C.,Bronce,True,False,True,0,0,0.0,21,1,4,True
12780,Colombia,Medellín,Bronce,True,False,True,4,3,1835.0,40,3,7,True
12781,Perú,—,Plata,True,False,True,19,15,10674.0,9,15,5,False
12782,Colombia,Armenia,Bronce,True,False,True,0,0,0.0,41,5,6,True
12783,Colombia,Bogotá D.C.,Bronce,False,True,True,0,0,0.0,8,13,10,False
12784,México,—,Bronce,False,True,True,7,4,1747.0,9,7,10,False
12785,Colombia,Cali,Oro,False,False,True,28,18,6403.0,39,3,8,True
12786,Colombia,Bogotá D.C.,Bronce,False,False,True,1,0,0.0,52,5,9,True
12787,Perú,—,Bronce,True,False,False,0,0,0.0,10,8,9,False
12788,Uruguay,—,Bronce,True,False,True,3,1,417.0,56,0,10,True
12789,Colombia,Pereira,Oro,False,False,True,34,29,22659.0,21,0,10,True
12790,Colombia,Cali,Bronce,True,True,True,1,0,0.0,21,5,8,True
12791,Colombia,Cali,Bronce,True,False,True,4,2,1005.0,20,1,6,True
12792,Colombia,Ibagué,Bronce,True,False,True,0,0,0.0,44,0,8,True
12793,Uruguay,—,Bronce,False,False,True,3,2,695.0,5,2,8,True
12794,Colombia,Bogotá D.C.,Bronce,False,False,True,3,1,481.0,18,8,3,False
12795,Colombia,Valledupar,Plata,False,False,True,9,6,2996.0,6,1,5,True
12796,Colombia,Bogotá D.C.,Bronce,True,False,False,1,0,0.0,1,0,5,True
12797,Colombia,Popayán,Bronce,False,True,True,1,0,0.0,41,4,2,True
12798,Uruguay,—,Bronce,True,False,True,2,1,613.0,59,0,9,True
12799,Ecuador,—,Bronce,False,False,False,3,1,506.0,31,3,6,True
12800,Colombia,Bogotá D.C.,Bronce,False,False,False,1,0,0.0,82,1,9,True
12801,México,—,Bronce,False,False,True,0,0,0.0,71,6,7,True
12802,Colombia,Sincelejo,Bronce,True,True,True,1,0,0.0,35,4,4,True
12803,Colombia,Otras ciudades,Plata,False,False,True,20,16,8140.0,11,7,10,False
12804,Colombia,Bogotá D.C.,Bronce,False,True,True,5,4,2583.0,13,0,9,True
12805,Colombia,Pereira,Bronce,True,False,True,5,4,2452.0,18,10,8,False
12806,Colombia,Bogotá D.C.,Bronce,True,False,True,6,4,1651.0,8,1,8,True
12807,Colombia,Bogotá D.C.,Bronce,False,True,True,4,3,1055.0,53,11,5,False
12808,Colombia,Bucaramanga,Bronce,False,True,True,0,0,0.0,41,2,9,True
12809,Colombia,Bogotá D.C.,Bronce,False,False,True,4,2,1129.0,25,1,6,True
12810,Colombia,Otras ciudades,Bronce,False,True,True,1,0,0.0,4,4,7,True
12811,México,—,Bronce,True,False,True,2,1,574.0,27,13,10,False
12812,Colombia,Medellín,Plata,False,False,True,17,11,5846.0,11,4,6,True
12813,México,—,Bronce,False,False,True,3,1,483.0,12,6,10,True
12814,Colombia,Cali,Bronce,False,False,False,0,0,0.0,37,5,5,True
12815,México,—,Bronce,False,False,True,3,2,974.0,73,7,9,False
12816,Perú,—,Bronce,True,True,True,0,0,0.0,53,4,10,True
12817,Colombia,Manizales,Plata,False,True,True,8,6,3601.0,14,9,10,False
12818,Colombia,Otras ciudades,Bronce,False,False,True,1,0,0.0,11,4,8,True
12819,Colombia,Otras ciudades,Bronce,False,False,False,0,0,0.0,13,13,6,False
12820,Colombia,Bogotá D.C.,Bronce,True,True,False,0,0,0.0,26,6,7,True
12821,Perú,—,Bronce,True,False,True,2,1,230.0,46,8,8,False
12822,Colombia,Otras ciudades,Bronce,False,True,False,0,0,0.0,33,14,10,False
12823,Colombia,Valledupar,Bronce,False,False,True,1,0,0.0,24,18,7,False
12824,Ecuador,—,Bronce,True,True,True,2,1,513.0,27,2,7,True
12825,Ecuador,—,Bronce,False,False,True,0,0,0.0,20,8,9,False
12826,México,—,Bronce,False,False,True,1,0,0.0,24,14,7,False
12827,Perú,—,Bronce,True,False,True,0,0,0.0,20,3,3,True
12828,Colombia,Bogotá D.C.,Oro,False,True,True,59,39,17068.0,23,2,8,True
12829,Colombia,Cartagena,Platino,False,False,True,140,98,55058.0,20,1,6,True
12830,México,—,Plata,False,False,True,20,16,8369.0,9,13,6,False
12831,Perú,—,Bronce,False,True,True,1,0,0.0,5,2,8,True
12832,Colombia,Bogotá D.C.,Oro,True,False,False,45,36,18874.0,38,5,6,True
12833,Perú,—,Bronce,False,True,True,1,0,0.0,119,7,7,False
12834,México,—,Bronce,False,True,True,0,0,0.0,7,1,10,True
12835,México,—,Bronce,False,True,True,0,0,0.0,19,15,9,False
12836,Colombia,Otras ciudades,Bronce,False,False,True,1,0,0.0,2,9,8,False
12837,Colombia,Otras ciudades,Bronce,True,False,True,1,0,0.0,26,7,6,False
12838,Ecuador,—,Plata,False,False,True,11,7,3944.0,15,2,8,True
12839,Colombia,Cali,Bronce,False,False,False,2,1,507.0,7,7,10,False
12840,México,—,Bronce,False,False,True,0,0,0.0,17,3,7,True
12841,México,—,Bronce,True,False,True,2,1,530.0,15,21,5,False
12842,Chile,—,Bronce,False,False,True,2,1,471.0,33,4,6,True
12843,Ecuador,—,Bronce,False,False,True,0,0,0.0,5,8,6,False
12844,Colombia,Medellín,Bronce,True,False,True,3,2,1209.0,12,10,6,False
12845,México,—,Bronce,False,False,True,2,1,321.0,96,9,1,False
12846,México,—,Bronce,False,True,True,2,1,522.0,2,2,4,True
12847,Ecuador,—,Bronce,True,False,True,1,0,0.0,76,1,7,True
12848,Colombia,Bucaramanga,Bronce,False,False,True,1,0,0.0,2,12,8,False
12849,Colombia,Villavicencio,Plata,False,True,True,9,7,2800.0,32,5,6,True
12850,Colombia,Bogotá D.C.,Bronce,True,True,True,0,0,0.0,15,7,4,False
12851,Colombia,Bogotá D.C.,Bronce,False,False,True,1,0,0.0,125,13,7,False
12852,Colombia,Bogotá D.C.,Bronce,False,False,True,0,0,0.0,23,5,8,True
12853,Colombia,Barranquilla,Bronce,True,False,True,1,0,0.0,7,5,9,True
12854,Colombia,Bogotá D.C.,Bronce,False,False,True,4,3,1122.0,16,10,6,False
12855,Perú,—,Bronce,True,False,True,0,0,0.0,11,3,8,True
12856,Ecuador,—,Plata,False,False,True,24,16,9890.0,12,10,6,False
12857,Perú,—,Bronce,True,False,True,0,0,0.0,18,3,8,True
12858,Chile,—,Bronce,True,False,False,0,0,0.0,8,7,10,False
12859,México,—,Bronce,True,True,True,1,0,0.0,16,3,8,True
12860,Colombia,Medellín,Bronce,False,False,True,5,3,1518.0,32,6,7,True
12861,Colombia,Cartagena,Bronce,False,True,True,1,0,0.0,40,3,7,True
12862,Colombia,Barranquilla,Plata,False,False,True,8,4,2079.0,35,6,5,True
12863,Colombia,Bogotá D.C.,Bronce,False,True,True,5,3,1594.0,48,5,10,True
12864,México,—,Bronce,True,False,True,1,0,0.0,7,7,4,False
12865,Colombia,Cali,Bronce,False,False,True,1,0,0.0,13,4,5,True
12866,Ecuador,—,Bronce,False,False,True,1,0,0.0,26,1,10,True
12867,Colombia,Barranquilla,Bronce,False,False,True,0,0,0.0,52,1,8,True
12868,Colombia,Bogotá D.C.,Bronce,False,False,True,2,1,545.0,34,17,9,False
12869,Colombia,Bucaramanga,Bronce,False,True,True,0,0,0.0,79,10,4,False
12870,Colombia,Cali,Plata,False,False,False,9,7,2718.0,17,2,9,True
12871,México,—,Bronce,True,False,True,1,0,0.0,2,1,8,True
12872,Colombia,Bogotá D.C.,Bronce,False,False,True,1,0,0.0,30,1,8,True
12873,Ecuador,—,Bronce,False,False,True,1,0,0.0,32,12,6,False
12874,Colombia,Otras ciudades,Bronce,False,False,True,3,2,511.0,49,7,8,False
12875,México,—,Bronce,True,False,True,1,0,0.0,43,13,8,False
12876,Colombia,Barranquilla,Bronce,False,False,True,4,3,996.0,37,4,9,True
12877,Chile,—,Bronce,True,False,True,3,2,1218.0,37,2,9,True
12878,Colombia,Bogotá D.C.,Bronce,True,False,True,3,2,943.0,5,15,6,False
12879,Colombia,Cali,Bronce,False,False,True,1,0,0.0,106,5,9,True
12880,Colombia,Medellín,Bronce,False,True,True,0,0,0.0,41,1,9,True
12881,Colombia,Otras ciudades,Bronce,True,True,True,0,0,0.0,39,3,2,True
12882,Colombia,Otras ciudades,Bronce,False,False,True,4,2,735.0,39,6,6,True
12883,Ecuador,—,Bronce,True,False,True,0,0,0.0,19,4,7,True
12884,Colombia,Barranquilla,Bronce,True,False,True,3,2,1023.0,16,9,4,False
12885,Colombia,Bogotá D.C.,Bronce,False,False,True,0,0,0.0,40,4,10,True
12886,México,—,Bronce,False,False,True,1,0,0.0,5,4,6,True
12887,Colombia,Popayán,Bronce,False,False,True,3,2,948.0,40,0,7,True
12888,México,—,Bronce,True,False,True,0,0,0.0,1,7,6,False
12889,Colombia,Bogotá D.C.,Bronce,False,True,True,1,0,0.0,44,7,8,False
12890,Perú,—,Bronce,True,True,False,1,0,0.0,2,1,8,True
12891,Colombia,Bogotá D.C.,Bronce,False,False,True,4,3,1160.0,16,11,7,False
12892,Ecuador,—,Bronce,True,False,True,0,0,0.0,55,9,8,False
12893,México,—,Bronce,False,True,True,3,2,1112.0,63,5,10,True
12894,Colombia,Manizales,Bronce,False,True,True,4,2,1199.0,3,0,6,True
12895,Colombia,Medellín,Bronce,True,False,False,3,1,491.0,16,3,10,True
12896,Ecuador,—,Bronce,False,True,False,0,0,0.0,27,1,4,True
12897,Colombia,Medellín,Plata,False,True,True,11,9,4505.0,8,1,5,True
12898,México,—,Bronce,False,False,True,0,0,0.0,8,6,6,True
12899,Colombia,Otras ciudades,Bronce,True,True,False,1,0,0.0,5,8,7,False
12900,Colombia,Medellín,Bronce,True,True,True,1,0,0.0,50,2,7,True
12901,Colombia,Otras ciudades,Bronce,False,False,True,3,1,559.0,79,4,2,True
12902,Colombia,Bogotá D.C.,Bronce,False,False,True,3,2,1253.0,12,14,5,False
12903,Perú,—,Bronce,False,False,True,0,0,0.0,32,6,7,True
12904,Colombia,Otras ciudades,Bronce,True,False,True,0,0,0.0,4,5,7,True
12905,México,—,Bronce,True,False,True,5,4,2572.0,30,5,7,True
12906,Colombia,Bogotá D.C.,Bronce,True,False,True,5,3,1889.0,31,10,5,False
12907,México,—,Bronce,True,True,True,0,0,0.0,57,12,9,False
12908,Colombia,Bogotá D.C.,Plata,True,True,True,10,7,3432.0,53,11,7,False
12909,México,—,Bronce,False,True,True,2,1,482.0,7,18,10,False
12910,México,—,Bronce,False,True,False,1,0,0.0,3,1,9,True
12911,México,—,Bronce,False,False,True,0,0,0.0,49,10,5,False
12912,Colombia,Bogotá D.C.,Bronce,False,False,True,1,0,0.0,26,0,6,True
12913,Colombia,Medellín,Bronce,False,False,True,0,0,0.0,29,10,6,False
12914,Ecuador,—,Bronce,True,False,True,0,0,0.0,104,6,10,True
12915,Colombia,Otras ciudades,Bronce,True,False,False,0,0,0.0,46,1,10,True
12916,Perú,—,Plata,False,False,True,22,18,12066.0,25,1,10,True
12917,Colombia,Pereira,Bronce,False,False,True,5,3,1793.0,16,9,10,False
12918,Colombia,Cúcuta,Plata,False,False,True,19,14,2352.0,3,9,7,False
12919,México,—,Bronce,False,False,True,1,0,0.0,13,5,10,True
12920,Colombia,Bogotá D.C.,Bronce,True,True,True,2,1,430.0,8,0,10,True
12921,Colombia,Cali,Bronce,False,False,True,3,1,591.0,25,7,5,False
12922,Ecuador,—,Bronce,True,False,True,4,2,483.0,11,7,8,False
12923,Colombia,Bogotá D.C.,Bronce,True,False,True,2,1,283.0,15,1,8,True
12924,México,—,Bronce,True,True,True,0,0,0.0,84,7,2,False
12925,Uruguay,—,Bronce,False,True,True,6,5,3685.0,26,13,8,False
12926,Colombia,Bogotá D.C.,Bronce,True,False,True,2,1,559.0,23,2,8,True
12927,Colombia,Pereira,Bronce,True,False,True,2,1,641.0,21,1,5,True
12928,Ecuador,—,Bronce,False,False,True,5,3,1441.0,5,2,6,True
12929,Colombia,Bogotá D.C.,Bronce,True,True,False,0,0,0.0,47,0,7,True
12930,México,—,Bronce,False,False,False,1,0,0.0,22,3,10,True
12931,Colombia,Villavicencio,Bronce,True,True,True,7,5,2155.0,30,5,6,True
12932,México,—,Bronce,True,True,True,0,0,0.0,76,5,7,True
12933,Colombia,Medellín,Bronce,False,False,True,4,2,612.0,44,2,4,True
12934,México,—,Bronce,True,True,False,0,0,0.0,25,9,7,False
12935,Colombia,Bogotá D.C.,Bronce,False,True,True,0,0,0.0,15,1,9,True
12936,Colombia,Bogotá D.C.,Plata,False,True,True,21,16,6732.0,65,3,4,True
12937,Perú,—,Bronce,False,False,True,4,3,1035.0,48,6,7,True
12938,Colombia,Otras ciudades,Bronce,False,False,True,6,4,1769.0,5,4,8,True
12939,Colombia,Medellín,Platino,True,False,False,73,52,18438.0,16,0,8,True
12940,Ecuador,—,Bronce,True,False,True,2,1,327.0,6,5,5,True
12941,Colombia,Barranquilla,Bronce,True,False,True,3,2,800.0,17,13,3,False
12942,Colombia,Bogotá D.C.,Bronce,True,False,True,5,3,1445.0,22,7,7,False
12943,Perú,—,Bronce,False,False,True,2,1,393.0,18,1,8,True
12944,Colombia,Bogotá D.C.,Bronce,True,False,True,3,2,1042.0,42,4,3,True
12945,Colombia,Pereira,Bronce,False,False,True,1,0,0.0,10,2,6,True
12946,Colombia,Medellín,Bronce,False,True,True,1,0,0.0,17,12,6,False
12947,Uruguay,—,Bronce,True,False,True,5,3,1187.0,11,0,7,True
12948,México,—,Bronce,True,False,True,0,0,0.0,5,2,4,True
12949,Colombia,Cali,Plata,True,False,True,13,9,2778.0,25,4,6,True
12950,Colombia,Bogotá D.C.,Bronce,True,False,True,1,0,0.0,116,15,7,False
12951,Colombia,Bogotá D.C.,Bronce,False,False,True,0,0,0.0,28,1,7,True
12952,México,—,Bronce,False,False,False,3,2,782.0,66,4,9,True
12953,Colombia,Bogotá D.C.,Bronce,True,True,False,0,0,0.0,72,9,8,False
12954,Chile,—,Bronce,True,False,True,6,5,2048.0,3,4,10,True
12955,Colombia,Otras ciudades,Bronce,False,False,True,0,0,0.0,22,5,5,True
12956,México,—,Bronce,False,False,True,1,0,0.0,52,1,5,True
12957,México,—,Bronce,True,False,True,5,3,898.0,27,0,5,True
12958,Colombia,Medellín,Bronce,False,False,True,4,3,1645.0,118,15,7,False
12959,Colombia,Neiva,Bronce,True,False,True,3,2,1074.0,13,1,7,True
12960,Ecuador,—,Bronce,True,False,True,1,0,0.0,38,3,6,True
12961,Colombia,Medellín,Bronce,True,False,True,1,0,0.0,6,6,2,True
12962,Colombia,Bogotá D.C.,Bronce,False,False,True,0,0,0.0,32,5,10,True
12963,México,—,Bronce,False,False,True,1,0,0.0,13,4,6,True
12964,Colombia,Bogotá D.C.,Bronce,True,False,True,0,0,0.0,43,7,4,False
12965,México,—,Plata,False,False,True,14,12,6023.0,76,14,7,False
12966,Colombia,Villavicencio,Bronce,True,False,True,0,0,0.0,27,6,8,True
12967,Colombia,Medellín,Bronce,True,False,True,4,2,1181.0,16,7,7,False
12968,Colombia,Bucaramanga,Bronce,False,False,True,0,0,0.0,28,5,9,True
12969,Colombia,Otras ciudades,Platino,False,True,False,86,59,20322.0,28,1,8,True
12970,Colombia,Bogotá D.C.,Bronce,False,False,True,0,0,0.0,21,4,5,True
12971,Colombia,Medellín,Bronce,False,False,False,0,0,0.0,81,3,5,True
12972,Colombia,Medellín,Bronce,True,False,True,6,5,2224.0,13,6,7,True
12973,Colombia,Cali,Bronce,True,True,True,1,0,0.0,13,11,10,False
12974,Colombia,Medellín,Bronce,True,False,True,6,4,1872.0,51,15,7,False
12975,Colombia,Pasto,Bronce,True,False,True,0,0,0.0,48,12,8,False
12976,Colombia,Bogotá D.C.,Bronce,True,False,False,1,0,0.0,7,4,4,True
12977,Colombia,Cartagena,Plata,True,False,True,10,8,2525.0,52,5,10,True
12978,Perú,—,Bronce,False,False,True,5,4,2533.0,51,0,7,True
12979,Perú,—,Bronce,False,True,True,1,0,0.0,8,14,7,False
12980,Colombia,Bogotá D.C.,Bronce,False,True,False,0,0,0.0,40,4,7,True
12981,México,—,Plata,False,False,True,12,10,4884.0,22,5,10,True
12982,Colombia,Medellín,Bronce,True,False,True,0,0,0.0,20,4,6,True
12983,Colombia,Otras ciudades,Bronce,False,True,True,5,4,2017.0,39,7,7,False
12984,Colombia,Otras ciudades,Bronce,False,False,True,1,0,0.0,6,18,7,False
12985,Colombia,Bucaramanga,Bronce,False,False,True,0,0,0.0,25,11,5,False
12986,Uruguay,—,Bronce,False,False,True,0,0,0.0,61,0,10,True
12987,Colombia,Santa Marta,Bronce,True,False,True,3,1,580.0,20,10,10,False
12988,México,—,Bronce,True,True,True,0,0,0.0,24,2,6,True
12989,Colombia,Bogotá D.C.,Bronce,False,False,True,2,1,243.0,6,3,10,True
12990,México,—,Bronce,False,False,False,0,0,0.0,12,3,5,True
12991,Colombia,Barranquilla,Bronce,False,False,False,0,0,0.0,59,5,9,True
12992,Perú,—,Bronce,False,True,False,6,4,3413.0,18,4,10,True
12993,Colombia,Bogotá D.C.,Bronce,False,True,True,3,2,879.0,5,4,8,True
12994,Colombia,Popayán,Bronce,False,True,False,0,0,0.0,3,1,9,True
12995,Colombia,Otras ciudades,Bronce,False,True,True,2,1,581.0,6,15,9,False
12996,México,—,Bronce,False,True,True,2,1,389.0,17,13,8,False
12997,México,—,Bronce,False,False,True,0,0,0.0,29,16,9,False
12998,Colombia,Bogotá D.C.,Bronce,True,False,True,3,2,1134.0,34,0,9,True
12999,Colombia,Bogotá D.C.,Bronce,True,False,False,0,0,0.0,15,7,5,False
13000,México,—,Bronce,False,False,True,0,0,0.0,33,9,6,False
13001,Ecuador,—,Bronce,False,False,True,0,0,0.0,75,5,10,True
13002,Colombia,Medellín,Bronce,False,False,True,1,0,0.0,42,11,6,False
13003,México,—,Bronce,False,False,True,0,0,0.0,65,7,5,False
13004,Ecuador,—,Bronce,False,False,True,1,0,0.0,5,13,6,False
13005,Perú,—,Bronce,False,False,False,0,0,0.0,6,5,6,True
13006,Colombia,Armenia,Bronce,False,False,False,2,1,563.0,2,1,9,True
13007,México,—,Bronce,False,True,True,1,0,0.0,31,6,6,True
13008,Colombia,Medellín,Bronce,False,False,True,0,0,0.0,7,23,10,False
13009,México,—,Bronce,False,True,True,0,0,0.0,22,8,5,False
13010,Colombia,Barranquilla,Bronce,True,False,True,6,4,1882.0,14,11,5,False
13011,México,—,Bronce,False,False,True,4,3,1869.0,16,2,2,True
13012,México,—,Plata,True,False,True,24,15,8545.0,60,2,7,True
13013,México,—,Bronce,False,True,False,1,0,0.0,31,5,5,True
13014,Colombia,Bogotá D.C.,Bronce,False,False,True,4,2,811.0,18,2,10,True
13015,Colombia,Medellín,Bronce,False,False,True,3,2,542.0,75,8,6,False
13016,Colombia,Villavicencio,Bronce,False,True,True,1,0,0.0,25,6,2,True
13017,Colombia,Santa Marta,Bronce,True,False,True,3,2,1279.0,43,2,9,True
13018,Colombia,Bucaramanga,Bronce,True,True,True,1,0,0.0,14,11,9,False
13019,Perú,—,Plata,True,True,False,10,9,2670.0,66,10,10,False
13020,Colombia,Barranquilla,Plata,True,False,True,8,7,2792.0,17,7,7,False
13021,Colombia,Bogotá D.C.,Plata,True,False,False,10,9,5478.0,30,1,6,True
13022,México,—,Bronce,False,False,False,5,3,2083.0,38,0,9,True
13023,Uruguay,—,Bronce,True,True,True,1,0,0.0,33,6,8,True
13024,Colombia,Bucaramanga,Bronce,False,False,False,7,5,2378.0,5,2,9,True
13025,Colombia,Cartagena,Bronce,False,True,True,3,1,541.0,29,0,9,True
13026,Colombia,Bogotá D.C.,Bronce,False,False,True,0,0,0.0,9,0,5,True
13027,Colombia,Otras ciudades,Bronce,True,False,True,0,0,0.0,41,5,7,True
13028,Colombia,Santa Marta,Bronce,False,False,False,3,1,536.0,23,0,4,True
13029,Colombia,Barranquilla,Bronce,False,True,True,0,0,0.0,18,0,6,True
13030,Colombia,Medellín,Bronce,False,False,False,1,0,0.0,65,3,7,True
13031,México,—,Plata,True,True,False,14,8,3706.0,18,3,6,True
13032,Colombia,Bogotá D.C.,Bronce,True,False,True,1,0,0.0,19,4,8,True
13033,Ecuador,—,Bronce,False,True,True,0,0,0.0,36,14,9,False
13034,Colombia,Bogotá D.C.,Bronce,False,False,True,1,0,0.0,12,1,5,True
13035,México,—,Bronce,False,False,False,0,0,0.0,41,3,4,True
13036,Colombia,Bucaramanga,Bronce,False,False,True,0,0,0.0,53,1,6,True
13037,Colombia,Neiva,Bronce,False,False,True,0,0,0.0,24,3,8,True
13038,Colombia,Bogotá D.C.,Bronce,False,True,True,0,0,0.0,16,5,8,True
13039,Chile,—,Plata,True,True,True,9,7,3405.0,59,5,9,True
13040,Ecuador,—,Bronce,False,False,True,2,1,295.0,47,1,8,True
13041,México,—,Plata,True,False,True,17,11,5969.0,21,5,5,True
13042,México,—,Bronce,True,False,False,4,3,1280.0,43,11,10,False
13043,Colombia,Bogotá D.C.,Bronce,False,False,True,3,2,535.0,17,6,8,True
13044,Colombia,Pasto,Bronce,True,True,True,0,0,0.0,19,9,6,False
13045,Perú,—,Bronce,False,False,True,0,0,0.0,23,4,8,True
13046,Ecuador,—,Bronce,False,True,False,3,2,1315.0,22,4,10,True
13047,México,—,Bronce,False,False,True,0,0,0.0,28,1,8,True
13048,México,—,Bronce,True,True,False,2,1,666.0,13,12,6,False
13049,Uruguay,—,Plata,True,False,True,13,10,4756.0,29,2,10,True
13050,Colombia,Pasto,Bronce,True,False,False,7,4,1564.0,22,15,9,False
13051,Colombia,Bogotá D.C.,Bronce,True,True,True,0,0,0.0,18,6,8,True
13052,Colombia,Ibagué,Bronce,True,True,True,1,0,0.0,3,6,6,True
13053,Colombia,Bogotá D.C.,Bronce,False,False,True,7,6,3443.0,90,7,5,False
13054,Colombia,Medellín,Bronce,False,False,True,0,0,0.0,57,0,10,True
13055,Colombia,Otras ciudades,Bronce,True,False,True,0,0,0.0,46,7,6,False
13056,Colombia,Bucaramanga,Bronce,False,False,True,3,2,677.0,26,19,9,False
13057,Perú,—,Bronce,False,True,True,1,0,0.0,9,3,7,True
13058,Colombia,Otras ciudades,Bronce,False,False,True,0,0,0.0,23,0,10,True
13059,México,—,Bronce,True,False,True,0,0,0.0,40,1,5,True
13060,México,—,Bronce,False,True,False,0,0,0.0,17,1,6,True
13061,México,—,Bronce,True,True,True,0,0,0.0,14,3,8,True
13062,Colombia,Bucaramanga,Bronce,False,False,False,1,0,0.0,12,8,10,False
13063,Colombia,Ibagué,Bronce,True,True,True,3,2,1212.0,38,2,10,True
13064,Uruguay,—,Bronce,True,False,True,0,0,0.0,25,13,6,False
13065,Colombia,Cali,Plata,False,False,True,11,9,4078.0,10,0,4,True
13066,México,—,Bronce,False,False,True,4,3,1739.0,31,7,6,False
13067,México,—,Bronce,True,True,False,6,4,1985.0,12,10,10,False
13068,Colombia,Bogotá D.C.,Bronce,True,False,True,4,3,1434.0,12,14,7,False
13069,Colombia,Medellín,Bronce,False,False,True,0,0,0.0,25,1,6,True
13070,Colombia,Bucaramanga,Bronce,True,False,True,1,0,0.0,46,1,5,True
13071,Colombia,Cúcuta,Bronce,False,False,True,0,0,0.0,14,7,5,False
13072,Colombia,Cali,Bronce,False,True,True,0,0,0.0,26,7,9,False
13073,Colombia,Otras ciudades,Bronce,True,False,True,3,2,1271.0,35,4,4,True
13074,Perú,—,Bronce,True,False,True,2,1,519.0,22,13,9,False
13075,Colombia,Medellín,Bronce,False,True,True,0,0,0.0,55,2,6,True
13076,Uruguay,—,Bronce,True,False,True,2,1,413.0,59,7,7,False
13077,Colombia,Otras ciudades,Plata,False,True,True,8,7,4400.0,16,3,3,True
13078,Colombia,Cali,Bronce,True,True,True,6,4,1822.0,39,14,10,False
13079,Colombia,Otras ciudades,Bronce,True,True,True,1,0,0.0,29,3,5,True
13080,México,—,Bronce,False,False,True,0,0,0.0,6,4,8,True
13081,Colombia,Cali,Bronce,True,False,True,1,0,0.0,5,4,3,True
13082,Colombia,Cúcuta,Oro,True,False,True,55,47,24862.0,5,3,7,True
13083,Ecuador,—,Oro,True,False,True,39,34,23835.0,37,21,5,False
13084,Colombia,Bogotá D.C.,Bronce,False,False,True,1,0,0.0,5,8,3,False
13085,Perú,—,Bronce,False,False,False,1,0,0.0,50,11,8,False
13086,Perú,—,Bronce,True,True,True,4,2,940.0,10,2,6,True
13087,Uruguay,—,Bronce,False,False,True,5,2,905.0,18,9,9,False
13088,Ecuador,—,Bronce,False,False,True,0,0,0.0,9,11,4,False
13089,Colombia,Montería,Plata,False,False,True,10,6,2325.0,54,11,6,False
13090,Colombia,Medellín,Bronce,True,False,True,4,3,1394.0,14,0,7,True
13091,Colombia,Bogotá D.C.,Bronce,True,False,False,0,0,0.0,16,9,2,False
13092,Colombia,Bogotá D.C.,Bronce,False,True,True,1,0,0.0,44,4,6,True
13093,Colombia,Otras ciudades,Oro,False,False,True,31,23,10588.0,57,9,8,False
13094,Ecuador,—,Platino,False,False,True,82,51,29768.0,30,0,7,True
13095,Uruguay,—,Bronce,True,True,False,0,0,0.0,74,5,8,True
13096,México,—,Bronce,True,False,True,0,0,0.0,31,0,8,True
13097,Colombia,Bogotá D.C.,Bronce,True,False,True,2,1,587.0,13,4,8,True
13098,México,—,Bronce,False,False,False,4,3,2008.0,16,0,9,True
13099,Colombia,Santa Marta,Plata,True,False,True,14,9,3922.0,9,3,5,True
13100,Chile,—,Bronce,True,True,True,0,0,0.0,34,4,8,True
13101,Perú,—,Bronce,True,False,False,0,0,0.0,5,1,6,True
13102,Colombia,Cartagena,Bronce,False,True,True,0,0,0.0,11,3,8,True
13103,Colombia,Medellín,Bronce,True,False,True,1,0,0.0,80,5,9,True
13104,Colombia,Cali,Bronce,False,False,True,4,3,1637.0,15,2,4,True
13105,Colombia,Bogotá D.C.,Bronce,False,True,True,1,0,0.0,15,4,10,True
13106,Colombia,Medellín,Plata,True,False,False,11,8,3130.0,28,15,9,False
13107,México,—,Bronce,True,True,False,0,0,0.0,22,1,5,True
13108,Colombia,Bogotá D.C.,Bronce,True,False,True,0,0,0.0,55,5,7,True
13109,Colombia,Bucaramanga,Bronce,True,False,True,0,0,0.0,15,2,10,True
13110,Colombia,Bucaramanga,Bronce,False,False,True,2,1,625.0,13,2,9,True
13111,Colombia,Bogotá D.C.,Bronce,False,False,False,1,0,0.0,4,2,9,True
13112,Uruguay,—,Bronce,True,False,False,3,2,846.0,30,5,4,True
13113,Colombia,Bucaramanga,Bronce,True,False,True,5,4,2154.0,16,18,9,False
13114,Colombia,Cartagena,Bronce,False,False,True,2,1,603.0,19,14,10,False
13115,Colombia,Manizales,Bronce,False,False,False,0,0,0.0,48,3,8,True
13116,Uruguay,—,Bronce,False,False,False,3,2,1003.0,7,4,7,True
13117,Perú,—,Bronce,True,True,True,0,0,0.0,159,14,3,False
13118,Colombia,Bogotá D.C.,Bronce,False,False,False,2,1,487.0,22,4,8,True
13119,Colombia,Bogotá D.C.,Bronce,True,False,True,0,0,0.0,13,6,5,True
13120,Perú,—,Oro,True,False,True,34,27,13210.0,5,0,8,True
13121,Colombia,Medellín,Bronce,False,False,True,0,0,0.0,8,6,8,True
13122,Colombia,Cartagena,Bronce,False,True,False,0,0,0.0,32,6,2,True
13123,Colombia,Ibagué,Bronce,True,False,False,3,1,567.0,63,4,3,True
13124,Colombia,Bucaramanga,Bronce,False,False,True,0,0,0.0,29,1,3,True
13125,Colombia,Pereira,Bronce,False,False,False,0,0,0.0,37,2,4,True
13126,Ecuador,—,Plata,True,False,True,16,14,8128.0,20,3,8,True
13127,Colombia,Bogotá D.C.,Bronce,False,False,True,2,1,479.0,70,3,6,True
13128,Ecuador,—,Plata,False,True,False,8,7,3139.0,28,6,9,True
13129,Colombia,Barranquilla,Bronce,False,False,True,0,0,0.0,15,1,5,True
13130,Perú,—,Bronce,False,False,False,0,0,0.0,5,5,7,True
13131,México,—,Bronce,False,False,True,0,0,0.0,1,2,9,True
13132,Perú,—,Bronce,True,True,True,0,0,0.0,4,7,7,False
13133,Colombia,Bucaramanga,Bronce,True,False,True,7,6,2409.0,22,2,6,True
13134,Perú,—,Bronce,True,True,True,2,1,349.0,32,4,7,True
13135,Ecuador,—,Bronce,False,True,True,1,0,0.0,29,9,8,False
13136,Colombia,Neiva,Bronce,True,False,True,0,0,0.0,13,18,10,False
13137,Colombia,Cartagena,Bronce,False,False,True,4,3,1382.0,23,10,9,False
13138,Colombia,Bogotá D.C.,Bronce,True,True,True,5,3,1570.0,5,3,9,True
13139,Uruguay,—,Bronce,False,False,True,0,0,0.0,40,4,10,True
13140,Ecuador,—,Bronce,True,False,False,4,2,518.0,43,0,7,True
13141,México,—,Bronce,False,False,True,4,3,855.0,20,0,8,True
13142,México,—,Bronce,True,False,False,2,1,508.0,49,2,5,True
13143,Chile,—,Bronce,True,True,False,1,0,0.0,56,6,10,True
13144,Colombia,Bogotá D.C.,Bronce,True,False,True,1,0,0.0,12,1,5,True
13145,Colombia,Cali,Bronce,True,False,True,0,0,0.0,27,8,7,False
13146,Ecuador,—,Bronce,False,True,True,2,1,488.0,1,0,5,True
13147,Perú,—,Bronce,True,False,True,3,2,1152.0,11,5,7,True
13148,Colombia,Cali,Bronce,True,False,True,3,2,1159.0,20,1,6,True
13149,Colombia,Bogotá D.C.,Bronce,True,False,False,3,2,1020.0,38,5,5,True
13150,México,—,Bronce,False,False,True,0,0,0.0,9,10,8,False
13151,Ecuador,—,Bronce,False,True,False,0,0,0.0,9,3,6,True
13152,México,—,Plata,False,True,False,14,8,3929.0,11,10,3,False
13153,Colombia,Pereira,Bronce,True,False,True,1,0,0.0,31,10,7,False
13154,Colombia,Cali,Bronce,False,False,True,3,2,775.0,32,1,7,True
13155,Chile,—,Bronce,True,False,True,1,0,0.0,20,6,4,True
13156,Colombia,Medellín,Bronce,True,False,True,0,0,0.0,3,0,10,True
13157,Ecuador,—,Bronce,False,False,True,0,0,0.0,1,4,7,True
13158,Colombia,Pereira,Bronce,False,False,True,1,0,0.0,47,6,7,True
13159,Colombia,Cali,Bronce,True,True,True,2,1,492.0,41,0,10,True
13160,Colombia,Medellín,Plata,False,False,True,16,9,4715.0,57,17,10,False
13161,Colombia,Medellín,Bronce,False,False,True,1,0,0.0,22,8,10,False
13162,México,—,Bronce,True,False,True,0,0,0.0,19,5,9,True
13163,México,—,Bronce,True,False,True,0,0,0.0,41,4,8,True
13164,Colombia,Bogotá D.C.,Bronce,False,False,True,2,1,527.0,15,8,8,False
13165,Perú,—,Bronce,False,False,True,1,0,0.0,14,4,6,True
13166,Colombia,Bogotá D.C.,Bronce,False,False,True,4,2,1371.0,34,7,4,False
13167,Colombia,Pereira,Bronce,True,False,True,3,2,1093.0,42,8,7,False
13168,Colombia,Medellín,Bronce,False,False,True,4,2,852.0,51,18,5,False
13169,México,—,Bronce,False,False,True,0,0,0.0,10,4,6,True
13170,Colombia,Cali,Bronce,False,False,False,4,3,1621.0,18,6,5,True
13171,Colombia,Bogotá D.C.,Bronce,True,False,True,0,0,0.0,9,1,5,True
13172,Colombia,Bogotá D.C.,Plata,True,True,True,8,4,2532.0,55,6,7,True
13173,Colombia,Bogotá D.C.,Bronce,True,False,False,1,0,0.0,52,5,6,True
13174,Perú,—,Plata,True,False,True,10,8,2847.0,15,1,10,True
13175,Colombia,Otras ciudades,Plata,False,False,True,8,7,4087.0,14,9,3,False
13176,Perú,—,Bronce,False,False,False,0,0,0.0,29,5,5,True
13177,Colombia,Bogotá D.C.,Plata,False,False,False,10,8,2721.0,51,1,8,True
13178,Colombia,Cali,Bronce,True,True,True,4,2,1043.0,2,7,8,False
13179,Colombia,Barranquilla,Bronce,False,False,False,4,2,948.0,58,1,10,True
13180,Colombia,Neiva,Bronce,True,False,True,1,0,0.0,7,1,5,True
13181,Colombia,Cali,Bronce,False,False,True,0,0,0.0,19,2,10,True
13182,México,—,Bronce,False,False,True,3,2,593.0,26,7,4,False
13183,Colombia,Armenia,Bronce,False,False,True,3,2,965.0,10,2,10,True
13184,México,—,Bronce,True,False,True,1,0,0.0,20,14,9,False
13185,Colombia,Manizales,Bronce,False,False,True,0,0,0.0,5,11,5,False
13186,Colombia,Cali,Bronce,False,False,True,0,0,0.0,25,20,8,False
13187,Colombia,Medellín,Bronce,False,False,True,5,4,1474.0,15,13,7,False
13188,Ecuador,—,Bronce,True,True,True,1,0,0.0,81,5,6,True
13189,Chile,—,Bronce,True,False,True,1,0,0.0,79,2,6,True
13190,Colombia,Bucaramanga,Bronce,True,False,False,0,0,0.0,22,8,4,False
13191,Colombia,Bucaramanga,Bronce,True,False,True,0,0,0.0,20,7,6,False
13192,Colombia,Otras ciudades,Bronce,False,True,True,2,1,573.0,20,0,5,True
13193,Ecuador,—,Bronce,False,True,True,0,0,0.0,41,11,7,False
13194,Colombia,Pasto,Bronce,False,False,True,1,0,0.0,23,4,10,True
13195,Colombia,Otras ciudades,Oro,False,False,True,25,20,11424.0,27,0,10,True
13196,Colombia,Otras ciudades,Bronce,False,True,True,6,5,2630.0,4,5,10,True
13197,Colombia,Bogotá D.C.,Bronce,False,False,True,0,0,0.0,22,4,9,True
13198,México,—,Plata,True,True,True,19,12,8798.0,133,2,9,True
13199,Colombia,Bogotá D.C.,Bronce,False,False,True,0,0,0.0,8,11,6,False
13200,Ecuador,—,Bronce,True,False,True,3,2,1046.0,11,18,10,False
13201,México,—,Bronce,True,False,False,0,0,0.0,118,3,8,True
13202,Colombia,Medellín,Plata,True,False,True,17,10,5711.0,34,2,5,True
13203,Colombia,Bogotá D.C.,Bronce,False,False,True,2,1,459.0,19,3,6,True
13204,Colombia,Bogotá D.C.,Bronce,True,False,True,1,0,0.0,21,7,10,False
13205,Colombia,Cali,Bronce,True,False,True,0,0,0.0,29,3,8,True
13206,Colombia,Armenia,Bronce,True,False,True,3,2,809.0,16,15,10,False
13207,Colombia,Bogotá D.C.,Bronce,False,False,True,3,1,515.0,38,8,9,False
13208,Ecuador,—,Bronce,False,False,True,0,0,0.0,13,1,6,True
13209,Colombia,Valledupar,Bronce,False,False,False,5,4,1728.0,18,1,10,True
13210,Colombia,Cali,Bronce,True,False,True,0,0,0.0,17,11,9,False
13211,Colombia,Barranquilla,Bronce,True,False,True,4,2,460.0,36,12,10,False
13212,Colombia,Bogotá D.C.,Bronce,True,True,True,2,1,664.0,32,7,7,False
13213,Ecuador,—,Bronce,True,False,True,1,0,0.0,28,16,10,False
13214,Colombia,Medellín,Bronce,True,False,True,0,0,0.0,14,22,2,False
13215,Colombia,Popayán,Bronce,False,False,True,0,0,0.0,25,5,8,True
13216,Perú,—,Bronce,False,False,True,0,0,0.0,55,8,10,False
13217,Colombia,Armenia,Bronce,False,False,True,0,0,0.0,45,3,9,True
13218,Colombia,Medellín,Bronce,False,False,False,0,0,0.0,3,2,7,True
13219,Colombia,Cúcuta,Bronce,False,False,True,1,0,0.0,20,4,9,True
13220,Chile,—,Bronce,True,False,True,5,3,1187.0,3,23,3,False
13221,Colombia,Bogotá D.C.,Plata,False,False,True,20,16,6926.0,10,4,5,True
13222,Colombia,Medellín,Bronce,False,False,True,0,0,0.0,56,11,7,False
13223,México,—,Bronce,True,False,True,0,0,0.0,69,6,10,True
13224,Ecuador,—,Plata,False,False,True,8,5,2747.0,53,1,4,True
13225,Perú,—,Bronce,True,False,True,0,0,0.0,40,14,9,False
13226,Colombia,Bogotá D.C.,Plata,False,True,True,8,4,1492.0,8,13,9,False
13227,Colombia,Bogotá D.C.,Plata,True,True,True,8,6,2120.0,2,0,7,True
13228,Chile,—,Bronce,True,False,False,1,0,0.0,23,5,8,True
13229,Colombia,Cali,Bronce,False,False,True,4,2,905.0,30,4,9,True
13230,Colombia,Otras ciudades,Bronce,False,False,True,0,0,0.0,45,0,9,True
13231,Ecuador,—,Bronce,False,False,False,1,0,0.0,46,1,7,True
13232,Colombia,Bogotá D.C.,Oro,True,True,True,47,31,18296.0,20,10,5,False
13233,Perú,—,Bronce,True,False,True,0,0,0.0,25,13,5,False
13234,Colombia,Neiva,Bronce,False,True,True,1,0,0.0,37,17,9,False
13235,Colombia,Cali,Bronce,True,True,True,1,0,0.0,41,1,10,True
13236,Perú,—,Bronce,True,False,True,0,0,0.0,5,1,7,True
13237,Colombia,Bogotá D.C.,Bronce,False,False,True,3,2,1117.0,1,0,7,True
13238,Colombia,Popayán,Bronce,False,False,False,2,1,758.0,37,0,5,True
13239,Colombia,Barranquilla,Bronce,False,False,True,2,1,510.0,7,4,6,True
13240,México,—,Bronce,False,False,True,2,1,520.0,4,5,9,True
13241,Colombia,Medellín,Bronce,False,False,True,0,0,0.0,18,3,5,True
13242,Colombia,Cartagena,Bronce,False,False,True,4,2,914.0,32,6,9,True
13243,Perú,—,Bronce,False,False,True,5,4,1557.0,18,2,8,True
13244,Colombia,Neiva,Bronce,False,True,True,1,0,0.0,44,2,10,True
13245,México,—,Plata,False,False,True,11,9,4774.0,17,1,4,True
13246,Colombia,Bogotá D.C.,Bronce,True,False,True,1,0,0.0,20,7,5,False
13247,Colombia,Bogotá D.C.,Plata,False,True,False,18,14,3321.0,35,0,10,True
13248,Colombia,Cali,Bronce,False,False,False,4,3,1698.0,14,5,10,True
13249,Colombia,Barranquilla,Platino,False,False,True,223,151,92217.0,53,4,6,True
13250,Colombia,Bogotá D.C.,Bronce,False,False,True,0,0,0.0,21,3,6,True
13251,Perú,—,Bronce,True,False,True,0,0,0.0,34,1,8,True
13252,Perú,—,Bronce,False,False,False,0,0,0.0,16,2,8,True
13253,Colombia,Bogotá D.C.,Bronce,True,True,True,0,0,0.0,5,3,10,True
13254,Ecuador,—,Bronce,False,False,True,0,0,0.0,3,8,2,False
13255,Colombia,Armenia,Bronce,True,False,True,1,0,0.0,36,7,7,False
13256,México,—,Bronce,True,False,True,1,0,0.0,45,1,7,True
13257,Colombia,Bogotá D.C.,Bronce,True,False,True,0,0,0.0,28,4,8,True
13258,Colombia,Bogotá D.C.,Platino,False,True,True,169,98,40970.0,18,2,5,True
13259,Colombia,Bogotá D.C.,Bronce,True,False,True,2,1,410.0,76,4,5,True
13260,Colombia,Armenia,Bronce,False,False,True,2,1,390.0,11,3,9,True
13261,Chile,—,Bronce,False,False,True,1,0,0.0,28,3,3,True
13262,Colombia,Otras ciudades,Bronce,True,False,True,7,5,2546.0,11,7,7,False
13263,Colombia,Bogotá D.C.,Bronce,True,False,False,1,0,0.0,2,5,5,True
13264,Colombia,Otras ciudades,Bronce,False,False,True,1,0,0.0,9,1,10,True
13265,Uruguay,—,Plata,False,False,True,9,6,3716.0,37,6,6,True
13266,México,—,Plata,False,False,False,12,7,3709.0,25,1,8,True
13267,México,—,Bronce,False,False,False,4,2,678.0,9,8,5,False
13268,Colombia,Santa Marta,Bronce,False,False,False,0,0,0.0,36,17,9,False
13269,Colombia,Cúcuta,Bronce,False,False,True,2,1,519.0,1,1,9,True
13270,Colombia,Otras ciudades,Bronce,False,False,True,1,0,0.0,13,3,4,True
13271,Colombia,Medellín,Bronce,False,False,True,2,1,327.0,15,1,8,True
13272,Colombia,Bogotá D.C.,Bronce,True,False,True,4,3,1687.0,7,7,5,False
13273,Ecuador,—,Bronce,True,False,False,2,1,368.0,26,4,6,True
13274,Perú,—,Bronce,True,False,True,3,1,532.0,35,14,10,False
13275,Colombia,Bogotá D.C.,Bronce,False,False,True,0,0,0.0,7,1,8,True
13276,Chile,—,Bronce,False,True,True,1,0,0.0,21,4,6,True
13277,Colombia,Bogotá D.C.,Plata,True,False,True,13,10,6881.0,15,7,8,False
13278,Colombia,Pereira,Bronce,True,True,True,4,2,1204.0,21,4,6,True
13279,Uruguay,—,Bronce,False,False,False,0,0,0.0,4,6,10,True
13280,Colombia,Santa Marta,Bronce,False,True,False,7,4,1617.0,40,1,10,True
13281,México,—,Bronce,False,False,True,0,0,0.0,24,3,10,True
13282,Colombia,Santa Marta,Bronce,False,True,True,7,4,2307.0,8,9,8,False
13283,Colombia,Bogotá D.C.,Bronce,False,False,True,5,3,1430.0,6,11,10,False
13284,Colombia,Otras ciudades,Bronce,False,True,True,0,0,0.0,8,8,9,False
13285,Colombia,Bogotá D.C.,Bronce,True,False,True,0,0,0.0,73,2,6,True
13286,Uruguay,—,Bronce,False,True,False,4,3,1868.0,32,10,8,False
13287,Colombia,Bogotá D.C.,Bronce,False,True,True,0,0,0.0,7,1,7,True
13288,Colombia,Cúcuta,Bronce,False,False,False,1,0,0.0,18,18,8,False
13289,Colombia,Otras ciudades,Bronce,False,False,True,6,4,2293.0,74,0,7,True
13290,Colombia,Barranquilla,Bronce,True,True,True,7,5,3178.0,9,7,10,False
13291,Colombia,Bogotá D.C.,Bronce,False,False,False,0,0,0.0,2,2,8,True
13292,Colombia,Barranquilla,Plata,False,False,True,14,12,7048.0,23,0,5,True
13293,Perú,—,Bronce,False,False,True,0,0,0.0,15,6,10,True
13294,Colombia,Sincelejo,Bronce,False,False,True,4,3,1336.0,49,11,6,False
13295,Colombia,Valledupar,Bronce,True,True,True,1,0,0.0,3,1,6,True
13296,Colombia,Medellín,Plata,False,False,False,10,8,3106.0,24,13,7,False
13297,Colombia,Medellín,Bronce,False,True,True,0,0,0.0,125,4,9,True
13298,México,—,Bronce,True,False,True,0,0,0.0,9,2,6,True
13299,Colombia,Cartagena,Bronce,False,False,True,1,0,0.0,19,4,10,True
13300,México,—,Plata,True,False,True,21,17,11121.0,11,0,9,True
13301,Colombia,Cúcuta,Bronce,True,True,False,0,0,0.0,10,2,6,True
13302,Colombia,Cartagena,Bronce,False,True,True,1,0,0.0,26,3,7,True
13303,México,—,Bronce,True,False,True,1,0,0.0,63,0,7,True
13304,Chile,—,Bronce,False,False,True,5,4,2328.0,28,1,4,True
13305,Colombia,Medellín,Bronce,False,True,True,0,0,0.0,33,7,4,False
13306,Colombia,Bogotá D.C.,Bronce,True,False,True,3,2,1036.0,21,5,7,True
13307,México,—,Bronce,False,False,False,0,0,0.0,22,4,6,True
13308,Colombia,Bucaramanga,Plata,False,True,True,14,11,7074.0,17,21,2,False
13309,México,—,Bronce,False,False,True,0,0,0.0,30,8,4,False
13310,Colombia,Bogotá D.C.,Bronce,False,True,True,0,0,0.0,14,10,3,False
13311,México,—,Bronce,False,False,True,0,0,0.0,20,1,7,True
13312,Colombia,Bogotá D.C.,Bronce,False,True,True,0,0,0.0,8,8,7,False
13313,Colombia,Medellín,Bronce,False,False,True,0,0,0.0,7,0,10,True
13314,Ecuador,—,Bronce,True,True,True,0,0,0.0,131,3,9,True
13315,Colombia,Bogotá D.C.,Bronce,True,False,True,1,0,0.0,25,1,8,True
13316,Perú,—,Bronce,False,True,True,6,4,2126.0,1,1,7,True
13317,Colombia,Bogotá D.C.,Bronce,False,False,True,0,0,0.0,5,13,10,False
13318,Ecuador,—,Bronce,False,False,True,1,0,0.0,17,12,6,False
13319,Colombia,Cartagena,Bronce,False,True,True,0,0,0.0,27,3,1,True
13320,Colombia,Bogotá D.C.,Bronce,True,True,True,7,5,2137.0,34,13,8,False
13321,Colombia,Bogotá D.C.,Bronce,False,False,True,0,0,0.0,11,3,4,True
13322,Colombia,Ibagué,Plata,True,False,True,11,6,3229.0,19,8,10,False
13323,México,—,Bronce,False,False,True,2,1,378.0,9,21,8,False
13324,Colombia,Medellín,Bronce,True,False,True,0,0,0.0,18,3,5,True
13325,Colombia,Pasto,Platino,False,True,True,218,185,72822.0,100,6,9,True
13326,Colombia,Bogotá D.C.,Bronce,True,True,False,2,1,479.0,20,4,9,True
13327,Colombia,Bogotá D.C.,Plata,False,False,False,10,9,6149.0,13,5,9,True
13328,Colombia,Cali,Bronce,False,False,True,5,4,1695.0,22,9,9,False
13329,Perú,—,Bronce,False,True,False,1,0,0.0,9,9,7,False
13330,Colombia,Bogotá D.C.,Bronce,True,False,False,0,0,0.0,29,4,10,True
13331,Colombia,Bogotá D.C.,Bronce,False,True,True,5,2,871.0,13,4,8,True
13332,Colombia,Medellín,Bronce,True,True,True,1,0,0.0,71,1,9,True
13333,Colombia,Barranquilla,Bronce,True,False,True,0,0,0.0,33,4,10,True
13334,México,—,Bronce,True,False,True,1,0,0.0,32,2,8,True
13335,Colombia,Cali,Bronce,False,True,True,6,4,1584.0,30,3,4,True
13336,Ecuador,—,Plata,False,True,True,8,7,3033.0,46,4,4,True
13337,México,—,Bronce,False,False,True,0,0,0.0,2,3,10,True
13338,Colombia,Bogotá D.C.,Bronce,True,True,True,2,1,538.0,38,9,7,False
13339,Colombia,Bogotá D.C.,Bronce,False,True,False,0,0,0.0,45,7,10,False
13340,México,—,Bronce,False,False,True,0,0,0.0,18,3,10,True
13341,Colombia,Otras ciudades,Bronce,False,True,True,1,0,0.0,26,8,8,False
13342,Colombia,Medellín,Bronce,False,True,False,0,0,0.0,27,4,3,True
13343,México,—,Bronce,True,False,True,5,4,2642.0,45,24,10,False
13344,Colombia,Barranquilla,Bronce,False,False,True,4,2,1128.0,28,3,3,True
13345,Colombia,Bogotá D.C.,Bronce,False,False,True,0,0,0.0,50,4,7,True
13346,Colombia,Montería,Bronce,False,True,True,1,0,0.0,43,8,8,False
13347,México,—,Bronce,False,True,True,0,0,0.0,23,6,6,True
13348,Colombia,Medellín,Bronce,True,False,True,0,0,0.0,53,6,9,True
13349,Colombia,Bogotá D.C.,Plata,True,False,True,8,7,4319.0,82,3,6,True
13350,Colombia,Barranquilla,Plata,False,False,False,19,12,6111.0,12,6,9,True
13351,Colombia,Otras ciudades,Bronce,True,True,True,0,0,0.0,17,1,8,True
13352,Colombia,Medellín,Bronce,False,True,True,1,0,0.0,63,3,8,True
13353,Colombia,Ibagué,Bronce,False,False,True,0,0,0.0,34,16,10,False
13354,Colombia,Pereira,Bronce,False,False,True,0,0,0.0,10,11,10,False
13355,Colombia,Medellín,Bronce,True,True,True,0,0,0.0,9,2,4,True
13356,México,—,Bronce,False,False,True,1,0,0.0,30,9,8,False
13357,Colombia,Barranquilla,Bronce,True,False,True,2,1,569.0,33,1,10,True
13358,Colombia,Manizales,Bronce,True,False,True,0,0,0.0,16,1,9,True
13359,Colombia,Medellín,Bronce,True,True,True,0,0,0.0,8,2,6,True
13360,Perú,—,Bronce,True,False,False,6,5,2989.0,19,1,6,True
13361,México,—,Bronce,False,False,True,0,0,0.0,26,5,8,True
13362,Colombia,Medellín,Bronce,False,True,False,0,0,0.0,41,7,6,False
13363,Colombia,Otras ciudades,Bronce,True,False,True,0,0,0.0,10,13,6,False
13364,Colombia,Cali,Bronce,True,False,True,0,0,0.0,2,6,9,True
13365,Colombia,Otras ciudades,Bronce,True,False,True,0,0,0.0,33,0,10,True
13366,México,—,Bronce,True,True,False,1,0,0.0,17,1,7,True
13367,Colombia,Bogotá D.C.,Bronce,True,True,True,0,0,0.0,13,2,7,True
13368,México,—,Plata,False,False,True,11,7,3338.0,26,3,10,True
13369,Colombia,Otras ciudades,Bronce,False,False,True,0,0,0.0,60,7,7,False
13370,Colombia,Barranquilla,Bronce,False,False,True,3,2,849.0,34,8,5,False
13371,México,—,Bronce,False,True,True,4,2,1135.0,42,3,7,True
13372,Colombia,Bogotá D.C.,Bronce,True,False,True,1,0,0.0,41,4,6,True
13373,México,—,Plata,False,False,True,9,6,3060.0,3,8,8,False
13374,Colombia,Medellín,Bronce,False,True,True,3,1,427.0,7,4,7,True
13375,Colombia,Bogotá D.C.,Plata,False,False,False,9,5,3350.0,10,9,8,False
13376,Colombia,Cali,Bronce,False,True,True,3,2,954.0,33,1,8,True
13377,Perú,—,Bronce,False,True,False,2,1,602.0,30,3,6,True
13378,Colombia,Medellín,Bronce,True,False,True,5,3,1664.0,4,7,8,False
13379,México,—,Bronce,False,False,True,1,0,0.0,29,2,4,True
13380,Colombia,Medellín,Bronce,False,False,True,0,0,0.0,7,4,7,True
13381,Uruguay,—,Bronce,False,False,True,3,1,449.0,18,5,10,True
13382,Colombia,Pereira,Bronce,True,False,True,0,0,0.0,2,8,7,False
13383,Colombia,Medellín,Bronce,False,True,True,0,0,0.0,15,2,6,True
13384,Colombia,Medellín,Bronce,False,False,True,1,0,0.0,2,8,6,False
13385,Colombia,Cali,Bronce,False,False,True,1,0,0.0,21,8,9,False
13386,Colombia,Bogotá D.C.,Bronce,True,True,True,0,0,0.0,64,4,8,True
13387,Perú,—,Bronce,False,False,True,0,0,0.0,22,0,10,True
13388,Colombia,Bogotá D.C.,Bronce,True,False,True,0,0,0.0,9,7,8,False
13389,México,—,Bronce,True,False,True,0,0,0.0,40,3,6,True
13390,Colombia,Bogotá D.C.,Plata,False,False,True,10,8,3101.0,51,5,10,True
13391,México,—,Bronce,False,True,True,2,1,594.0,90,0,7,True
13392,Colombia,Ibagué,Bronce,False,True,True,4,2,1076.0,52,5,10,True
13393,Perú,—,Bronce,False,False,True,0,0,0.0,24,4,6,True
13394,Perú,—,Bronce,True,False,True,0,0,0.0,31,1,9,True
13395,Colombia,Barranquilla,Bronce,False,False,True,0,0,0.0,37,5,9,True
13396,Colombia,Medellín,Bronce,False,True,False,0,0,0.0,22,6,6,True
13397,México,—,Bronce,False,False,True,1,0,0.0,6,4,10,True
13398,Colombia,Valledupar,Bronce,False,False,True,1,0,0.0,1,0,6,True
13399,Perú,—,Bronce,True,False,True,1,0,0.0,12,1,8,True
13400,Chile,—,Bronce,False,False,True,0,0,0.0,115,6,6,True
13401,Colombia,Cali,Bronce,False,True,True,2,1,340.0,33,12,7,False
13402,Colombia,Bogotá D.C.,Bronce,False,False,False,2,1,379.0,48,5,10,True
13403,Colombia,Otras ciudades,Bronce,True,True,True,0,0,0.0,2,0,6,True
13404,Colombia,Armenia,Bronce,True,True,False,0,0,0.0,35,6,8,True
13405,México,—,Bronce,True,False,True,0,0,0.0,38,1,8,True
13406,Colombia,Otras ciudades,Bronce,False,False,True,0,0,0.0,25,1,8,True
13407,Colombia,Bogotá D.C.,Bronce,True,False,True,3,2,1145.0,4,6,10,True
13408,Colombia,Bucaramanga,Bronce,False,False,False,3,1,558.0,19,6,5,True
13409,México,—,Bronce,False,True,True,1,0,0.0,49,9,5,False
13410,Colombia,Barranquilla,Bronce,False,False,False,2,1,543.0,51,0,7,True
13411,Colombia,Medellín,Bronce,False,False,True,2,1,427.0,18,9,6,False
13412,Perú,—,Bronce,True,False,True,3,2,1013.0,11,7,9,False
13413,Perú,—,Bronce,False,True,True,0,0,0.0,48,7,7,False
13414,Colombia,Bogotá D.C.,Bronce,False,False,True,1,0,0.0,25,6,10,True
13415,Colombia,Medellín,Plata,True,True,True,11,8,3673.0,18,1,9,True
13416,Colombia,Otras ciudades,Bronce,False,False,True,7,5,3043.0,61,1,8,True
13417,Ecuador,—,Bronce,True,True,True,0,0,0.0,28,3,10,True
13418,México,—,Bronce,True,False,True,1,0,0.0,6,1,5,True
13419,Colombia,Bogotá D.C.,Oro,True,False,True,28,25,14742.0,18,4,5,True
13420,Colombia,Medellín,Platino,True,False,True,93,60,25713.0,7,1,9,True
13421,Colombia,Barranquilla,Bronce,True,False,True,0,0,0.0,23,10,7,False
13422,Colombia,Medellín,Bronce,False,True,True,2,1,442.0,15,12,4,False
13423,Colombia,Bogotá D.C.,Plata,False,False,True,12,8,2371.0,6,3,10,True
13424,México,—,Bronce,False,True,True,0,0,0.0,40,4,10,True
13425,Colombia,Bogotá D.C.,Bronce,True,True,True,2,1,517.0,52,5,6,True
13426,Colombia,Bucaramanga,Bronce,False,False,True,3,2,658.0,31,9,10,False
13427,Colombia,Cartagena,Bronce,False,False,False,1,0,0.0,12,15,8,False
13428,Colombia,Cartagena,Bronce,False,True,True,0,0,0.0,20,1,10,True
13429,Ecuador,—,Bronce,True,True,True,0,0,0.0,27,4,10,True
13430,Ecuador,—,Bronce,False,False,True,4,2,1163.0,14,1,7,True
13431,Colombia,Bogotá D.C.,Bronce,True,False,True,0,0,0.0,19,4,8,True
13432,Colombia,Cartagena,Bronce,False,True,True,0,0,0.0,5,3,4,True
13433,Colombia,Otras ciudades,Bronce,False,False,True,1,0,0.0,100,7,9,False
13434,Colombia,Valledupar,Oro,True,False,False,37,22,12971.0,17,1,9,True
13435,Colombia,Bogotá D.C.,Plata,False,False,True,12,7,1984.0,15,4,5,True
13436,Colombia,Bogotá D.C.,Plata,True,True,False,21,19,11294.0,15,7,9,False
13437,Colombia,Cali,Bronce,False,False,True,6,4,1500.0,37,3,4,True
13438,Colombia,Bogotá D.C.,Bronce,True,False,True,0,0,0.0,69,12,4,False
13439,Colombia,Montería,Bronce,False,True,True,0,0,0.0,7,1,8,True
13440,Ecuador,—,Bronce,True,False,True,2,1,430.0,27,10,10,False
13441,Colombia,Otras ciudades,Bronce,True,False,False,0,0,0.0,52,21,7,False
13442,Colombia,Bogotá D.C.,Bronce,False,False,True,1,0,0.0,58,3,5,True
13443,Uruguay,—,Bronce,True,False,True,0,0,0.0,9,9,10,False
13444,Colombia,Pasto,Plata,True,True,True,12,10,4449.0,15,4,8,True
13445,Colombia,Cartagena,Bronce,True,False,True,0,0,0.0,22,4,7,True
13446,Colombia,Barranquilla,Bronce,True,True,False,1,0,0.0,19,4,9,True
13447,Ecuador,—,Plata,False,True,True,8,5,3048.0,1,14,9,False
13448,Colombia,Sincelejo,Bronce,False,False,True,1,0,0.0,73,3,6,True
13449,Chile,—,Bronce,True,True,True,1,0,0.0,93,4,8,True
13450,México,—,Bronce,False,False,True,0,0,0.0,35,2,8,True
13451,Colombia,Cali,Bronce,True,False,False,1,0,0.0,41,4,10,True
13452,Colombia,Villavicencio,Bronce,False,False,False,6,4,2403.0,73,12,5,False
13453,Colombia,Cali,Plata,False,True,True,8,5,2633.0,3,8,10,False
13454,México,—,Bronce,False,True,True,1,0,0.0,72,3,6,True
13455,México,—,Bronce,False,True,False,0,0,0.0,20,7,9,False
13456,Uruguay,—,Oro,False,True,True,32,26,11082.0,15,4,6,True
13457,Colombia,Bucaramanga,Oro,False,False,True,41,27,14512.0,7,2,9,True
13458,México,—,Bronce,False,False,True,0,0,0.0,4,2,8,True
13459,Colombia,Sincelejo,Bronce,False,False,True,3,1,546.0,32,5,7,True
13460,México,—,Bronce,False,False,True,7,5,2854.0,34,4,9,True
13461,Colombia,Medellín,Bronce,True,False,True,0,0,0.0,11,13,9,False
13462,Ecuador,—,Bronce,True,False,True,0,0,0.0,17,3,10,True
13463,Colombia,Barranquilla,Bronce,True,False,True,1,0,0.0,29,17,9,False
13464,Chile,—,Bronce,False,True,True,0,0,0.0,61,4,9,True
13465,Perú,—,Oro,True,True,True,25,17,13402.0,43,5,9,True
13466,Colombia,Barranquilla,Bronce,False,False,True,0,0,0.0,37,7,10,False
13467,Chile,—,Bronce,False,False,True,0,0,0.0,9,17,7,False
13468,México,—,Plata,False,False,True,10,6,3640.0,29,2,8,True
13469,Ecuador,—,Bronce,True,False,True,0,0,0.0,7,10,7,False
13470,Uruguay,—,Plata,False,True,True,17,13,6791.0,34,4,6,True
13471,México,—,Bronce,True,False,False,0,0,0.0,27,2,5,True
13472,Colombia,Barranquilla,Bronce,False,False,False,0,0,0.0,10,1,8,True
13473,Colombia,Bogotá D.C.,Bronce,True,False,True,0,0,0.0,2,17,7,False
13474,Uruguay,—,Bronce,True,True,True,5,4,1953.0,16,23,9,False
13475,Colombia,Bogotá D.C.,Plata,False,True,True,21,17,7360.0,50,4,5,True
13476,Colombia,Medellín,Platino,False,True,False,80,66,34530.0,1,8,2,False
13477,Colombia,Medellín,Bronce,True,True,True,2,1,290.0,12,1,5,True
13478,Colombia,Montería,Oro,False,False,False,34,23,12954.0,9,0,6,True
13479,Colombia,Medellín,Bronce,False,False,True,0,0,0.0,12,3,6,True
13480,Colombia,Bogotá D.C.,Bronce,True,False,True,0,0,0.0,79,0,10,True
13481,Ecuador,—,Bronce,False,True,False,1,0,0.0,6,3,10,True
13482,México,—,Bronce,False,False,False,0,0,0.0,9,25,6,False
13483,México,—,Plata,False,False,True,8,4,2329.0,17,4,1,True
13484,Colombia,Montería,Bronce,True,False,True,5,3,1257.0,21,13,10,False
13485,Colombia,Bogotá D.C.,Bronce,True,True,True,0,0,0.0,25,2,9,True
13486,Colombia,Otras ciudades,Plata,True,True,True,12,10,3682.0,7,8,10,False
13487,Perú,—,Bronce,False,False,True,0,0,0.0,14,23,5,False
13488,Colombia,Otras ciudades,Bronce,True,False,True,0,0,0.0,20,7,10,False
13489,Colombia,Neiva,Bronce,True,False,True,3,2,1263.0,19,6,8,True
13490,México,—,Bronce,True,True,True,0,0,0.0,25,5,10,True
13491,Ecuador,—,Bronce,False,True,True,4,2,1132.0,8,1,6,True
13492,Colombia,Bucaramanga,Bronce,True,False,True,2,1,594.0,52,4,10,True
13493,Colombia,Otras ciudades,Plata,True,False,True,8,5,1747.0,2,4,10,True
13494,México,—,Bronce,False,False,True,0,0,0.0,39,1,10,True
13495,Colombia,Otras ciudades,Bronce,False,False,True,1,0,0.0,8,2,8,True
13496,Colombia,Manizales,Plata,False,False,True,9,6,2915.0,33,8,10,False
13497,Colombia,Bogotá D.C.,Bronce,True,False,True,0,0,0.0,5,14,10,False
13498,Uruguay,—,Bronce,False,False,True,1,0,0.0,7,4,9,True
13499,México,—,Platino,False,True,True,70,59,29048.0,38,1,6,True
13500,Colombia,Bogotá D.C.,Bronce,True,True,True,1,0,0.0,40,10,8,False
13501,Colombia,Bogotá D.C.,Plata,True,False,True,17,14,5505.0,24,2,8,True
13502,México,—,Bronce,False,False,True,0,0,0.0,10,39,6,False
13503,Uruguay,—,Bronce,True,True,True,5,3,1443.0,35,0,5,True
13504,Colombia,Bucaramanga,Bronce,True,True,True,0,0,0.0,16,2,5,True
13505,Colombia,Bogotá D.C.,Bronce,True,False,False,0,0,0.0,37,7,6,False
13506,Colombia,Pasto,Bronce,False,True,True,0,0,0.0,12,2,10,True
13507,Colombia,Bogotá D.C.,Bronce,False,False,True,2,1,490.0,45,3,9,True
13508,Colombia,Bogotá D.C.,Bronce,True,False,True,0,0,0.0,108,2,10,True
13509,Colombia,Bucaramanga,Bronce,False,False,True,0,0,0.0,15,20,4,False
13510,México,—,Bronce,True,True,True,2,1,730.0,10,10,10,False
13511,México,—,Bronce,False,False,True,0,0,0.0,68,4,10,True
13512,Colombia,Bogotá D.C.,Bronce,False,False,True,2,1,253.0,31,3,8,True
13513,Uruguay,—,Bronce,False,False,True,0,0,0.0,13,4,8,True
13514,Colombia,Otras ciudades,Bronce,False,False,True,0,0,0.0,7,6,8,True
13515,Colombia,Bogotá D.C.,Bronce,True,True,True,1,0,0.0,18,3,4,True
13516,Colombia,Cartagena,Bronce,False,False,True,2,1,463.0,11,0,9,True
13517,Colombia,Sincelejo,Bronce,False,True,True,7,4,2024.0,46,3,5,True
13518,Colombia,Pasto,Bronce,False,False,False,0,0,0.0,26,3,4,True
13519,Ecuador,—,Bronce,False,False,True,0,0,0.0,30,4,7,True
13520,Colombia,Medellín,Bronce,False,False,True,4,3,1240.0,76,0,8,True
13521,Colombia,Otras ciudades,Bronce,False,False,True,1,0,0.0,110,2,8,True
13522,Colombia,Pasto,Bronce,False,False,False,6,5,2292.0,19,3,9,True
13523,Chile,—,Bronce,False,False,True,3,2,979.0,22,8,8,False
13524,Ecuador,—,Bronce,False,True,True,2,1,563.0,30,1,10,True
13525,Colombia,Bogotá D.C.,Plata,False,False,True,19,12,6309.0,31,5,4,True
13526,Colombia,Cali,Bronce,True,False,False,0,0,0.0,5,10,5,False
13527,México,—,Bronce,False,False,True,0,0,0.0,35,5,10,True
13528,México,—,Bronce,False,False,True,1,0,0.0,15,11,7,False
13529,Colombia,Bogotá D.C.,Platino,False,False,True,122,78,49785.0,13,8,7,False
13530,Colombia,Cali,Bronce,False,True,True,6,5,2042.0,27,2,4,True
13531,Colombia,Medellín,Bronce,False,False,True,1,0,0.0,24,5,9,True
13532,Colombia,Cali,Bronce,False,False,False,4,2,746.0,13,15,10,False
13533,Colombia,Cali,Platino,False,False,False,379,231,138790.0,32,11,8,False
13534,México,—,Bronce,True,False,True,0,0,0.0,14,4,9,True
13535,Colombia,Medellín,Bronce,True,False,True,1,0,0.0,17,12,5,False
13536,Uruguay,—,Bronce,True,False,True,1,0,0.0,41,2,8,True
13537,Ecuador,—,Bronce,True,False,True,0,0,0.0,16,3,10,True
13538,Colombia,Bogotá D.C.,Bronce,True,True,False,1,0,0.0,8,0,7,True
13539,Ecuador,—,Plata,True,True,True,11,7,2875.0,15,2,6,True
13540,Chile,—,Bronce,True,False,False,1,0,0.0,2,13,7,False
13541,México,—,Bronce,False,True,True,1,0,0.0,25,3,9,True
13542,Colombia,Cali,Oro,False,False,True,28,19,7771.0,106,8,10,False
13543,Colombia,Bogotá D.C.,Plata,True,False,False,13,9,3108.0,38,8,7,False
13544,Colombia,Pasto,Bronce,True,False,True,0,0,0.0,7,14,10,False
13545,Colombia,Manizales,Bronce,True,False,True,2,1,556.0,56,8,9,False
13546,Colombia,Medellín,Bronce,False,True,True,7,5,1802.0,40,4,8,True
13547,Colombia,Cali,Bronce,False,False,True,0,0,0.0,24,3,6,True
13548,Colombia,Cali,Bronce,False,True,True,0,0,0.0,43,11,4,False
13549,Colombia,Medellín,Plata,False,False,True,19,11,3882.0,36,10,9,False
13550,México,—,Bronce,False,False,True,4,2,764.0,42,4,7,True
13551,Colombia,Bogotá D.C.,Plata,False,False,True,15,13,4914.0,3,8,7,False
13552,Colombia,Medellín,Bronce,True,True,True,2,1,426.0,29,1,6,True
13553,Perú,—,Bronce,True,False,True,2,1,429.0,1,1,6,True
13554,Perú,—,Bronce,False,False,True,0,0,0.0,61,11,8,False
13555,Colombia,Valledupar,Bronce,False,False,False,7,4,2102.0,12,18,7,False
13556,Uruguay,—,Bronce,False,False,True,0,0,0.0,30,7,8,False
13557,Colombia,Bogotá D.C.,Bronce,True,False,True,0,0,0.0,27,10,7,False
13558,Colombia,Barranquilla,Bronce,False,False,False,3,2,1201.0,132,2,4,True
13559,Colombia,Medellín,Bronce,True,False,False,2,1,703.0,13,13,3,False
13560,Chile,—,Plata,True,False,True,10,7,3427.0,9,13,5,False
13561,México,—,Bronce,True,True,True,2,1,420.0,25,0,4,True
13562,Colombia,Cali,Plata,False,True,True,10,8,4335.0,5,6,10,True
13563,México,—,Bronce,False,True,True,1,0,0.0,12,3,10,True
13564,Colombia,Bogotá D.C.,Bronce,True,False,True,2,1,237.0,21,6,6,True
13565,Perú,—,Bronce,False,True,False,2,1,563.0,23,4,7,True
13566,Colombia,Pereira,Plata,True,False,True,13,10,5684.0,74,2,8,True
13567,Ecuador,—,Bronce,False,False,True,4,2,1091.0,29,2,6,True
13568,México,—,Bronce,True,True,True,1,0,0.0,18,0,5,True
13569,Colombia,Bogotá D.C.,Bronce,True,False,True,4,3,1679.0,37,10,5,False
13570,Uruguay,—,Bronce,False,True,True,3,2,811.0,36,5,8,True
13571,Colombia,Cúcuta,Plata,True,False,True,11,6,3546.0,5,4,8,True
13572,Colombia,Villavicencio,Bronce,True,False,True,0,0,0.0,20,4,8,True
13573,México,—,Bronce,False,False,False,1,0,0.0,22,6,4,True
13574,México,—,Bronce,True,False,True,0,0,0.0,34,3,6,True
13575,Colombia,Medellín,Bronce,True,False,True,4,2,998.0,22,2,6,True
13576,Colombia,Bogotá D.C.,Bronce,True,False,True,1,0,0.0,31,1,7,True
13577,Colombia,Manizales,Bronce,False,True,False,0,0,0.0,36,13,5,False
13578,Colombia,Bogotá D.C.,Bronce,True,True,True,0,0,0.0,79,1,4,True
13579,Perú,—,Plata,True,False,True,9,7,2431.0,58,4,4,True
13580,Colombia,Otras ciudades,Bronce,False,True,True,0,0,0.0,15,5,7,True
13581,Colombia,Bucaramanga,Oro,False,False,True,39,33,20037.0,24,15,7,False
13582,México,—,Bronce,False,True,True,3,2,822.0,13,0,6,True
13583,Colombia,Neiva,Plata,False,False,True,13,11,6057.0,33,3,7,True
13584,Colombia,Bogotá D.C.,Bronce,False,False,True,0,0,0.0,4,7,10,False
13585,Colombia,Cali,Bronce,False,False,True,4,3,1346.0,33,9,3,False
13586,Perú,—,Bronce,False,False,True,0,0,0.0,38,9,5,False
13587,Ecuador,—,Bronce,False,False,True,1,0,0.0,20,1,8,True
13588,Ecuador,—,Bronce,False,True,True,1,0,0.0,3,16,8,False
13589,Colombia,Pasto,Bronce,False,False,True,0,0,0.0,17,3,7,True
13590,Colombia,Otras ciudades,Bronce,True,True,True,2,1,505.0,9,26,5,False
13591,Colombia,Villavicencio,Bronce,False,False,False,0,0,0.0,12,0,9,True
13592,Colombia,Otras ciudades,Bronce,True,False,False,3,2,1417.0,11,7,4,False
13593,Colombia,Otras ciudades,Bronce,True,False,False,2,1,531.0,23,11,10,False
13594,Colombia,Medellín,Bronce,True,False,True,4,3,1657.0,49,0,5,True
13595,Colombia,Otras ciudades,Bronce,False,False,True,0,0,0.0,11,1,10,True
13596,Ecuador,—,Bronce,False,False,True,0,0,0.0,14,9,7,False
13597,Colombia,Otras ciudades,Bronce,False,False,True,0,0,0.0,78,7,10,False
13598,Colombia,Cali,Bronce,False,False,True,1,0,0.0,19,18,10,False
13599,Ecuador,—,Bronce,False,False,True,0,0,0.0,13,5,10,True
13600,Colombia,Cartagena,Plata,True,False,True,20,13,5354.0,8,0,8,True
13601,Ecuador,—,Bronce,False,False,True,3,2,1000.0,66,11,10,False
13602,Uruguay,—,Bronce,True,False,True,2,1,523.0,15,4,5,True
13603,Uruguay,—,Bronce,False,False,True,1,0,0.0,11,6,10,True
13604,Colombia,Neiva,Plata,True,True,True,17,12,6780.0,17,9,7,False
13605,Colombia,Otras ciudades,Bronce,False,False,False,0,0,0.0,5,4,8,True
13606,Ecuador,—,Bronce,True,False,True,6,4,2290.0,10,5,7,True
13607,Colombia,Bogotá D.C.,Bronce,False,True,True,2,1,490.0,1,19,4,False
13608,Colombia,Bogotá D.C.,Bronce,False,False,True,1,0,0.0,24,15,8,False
13609,Colombia,Bogotá D.C.,Bronce,False,False,True,2,1,683.0,38,3,6,True
13610,Colombia,Medellín,Bronce,True,False,True,0,0,0.0,28,8,7,False
13611,Colombia,Bogotá D.C.,Bronce,True,False,False,0,0,0.0,20,5,6,True
13612,México,—,Bronce,True,False,True,3,2,927.0,16,3,9,True
13613,Colombia,Bogotá D.C.,Bronce,False,False,True,0,0,0.0,57,9,7,False
13614,Colombia,Medellín,Bronce,True,True,True,0,0,0.0,50,5,9,True
13615,Colombia,Cali,Bronce,False,True,True,2,1,732.0,71,6,10,True
13616,México,—,Bronce,True,False,True,5,3,1559.0,11,5,10,True
13617,Colombia,Cali,Plata,False,True,False,8,6,4362.0,29,10,5,False
13618,Colombia,Bogotá D.C.,Bronce,True,False,True,5,3,1383.0,2,0,9,True
13619,Colombia,Bogotá D.C.,Bronce,False,False,True,4,2,1351.0,26,1,7,True
13620,Colombia,Medellín,Bronce,True,False,True,2,1,670.0,21,8,7,False
13621,Ecuador,—,Oro,False,False,True,35,25,9609.0,21,4,9,True
13622,Colombia,Medellín,Bronce,False,False,True,5,4,2365.0,7,4,9,True
13623,Perú,—,Bronce,True,False,True,6,3,1275.0,41,11,8,False
13624,México,—,Oro,False,False,True,48,44,15798.0,47,8,4,False
13625,Colombia,Medellín,Bronce,False,True,True,1,0,0.0,3,6,6,True
13626,Colombia,Cali,Bronce,False,False,False,0,0,0.0,36,4,9,True
13627,Colombia,Bogotá D.C.,Bronce,False,True,True,2,1,577.0,48,8,6,False
13628,México,—,Bronce,True,True,True,3,2,614.0,43,8,3,False
13629,Chile,—,Platino,False,False,True,188,164,92011.0,1,18,10,False
13630,Colombia,Popayán,Bronce,True,True,True,1,0,0.0,19,5,6,True
13631,Colombia,Otras ciudades,Bronce,False,False,False,3,1,354.0,31,6,8,True
13632,Colombia,Barranquilla,Bronce,True,False,True,0,0,0.0,56,1,8,True
13633,Perú,—,Bronce,False,True,True,7,6,3013.0,64,9,6,False
13634,Colombia,Cali,Bronce,True,True,True,4,3,1143.0,13,2,9,True
13635,Colombia,Medellín,Bronce,False,False,True,3,2,1239.0,43,1,9,True
13636,México,—,Bronce,False,False,True,1,0,0.0,16,3,4,True
13637,Colombia,Medellín,Bronce,True,True,False,0,0,0.0,37,12,9,False
13638,México,—,Bronce,False,True,False,3,2,967.0,1,4,9,True
13639,Colombia,Bogotá D.C.,Bronce,True,False,True,1,0,0.0,2,2,5,True
13640,Ecuador,—,Bronce,True,True,True,1,0,0.0,26,14,7,False
13641,Colombia,Cali,Bronce,False,True,False,2,1,645.0,33,2,7,True
13642,Colombia,Cúcuta,Bronce,False,True,False,2,1,505.0,19,5,5,True
13643,Colombia,Cartagena,Oro,False,False,True,40,23,15827.0,67,3,4,True
13644,Colombia,Bogotá D.C.,Bronce,False,False,True,5,4,1790.0,20,3,10,True
13645,Colombia,Cartagena,Bronce,False,True,True,0,0,0.0,17,8,5,False
13646,Colombia,Villavicencio,Bronce,False,True,True,3,1,442.0,31,2,4,True
13647,Colombia,Bogotá D.C.,Bronce,True,False,True,2,1,370.0,15,27,10,False
13648,Colombia,Armenia,Bronce,False,False,True,0,0,0.0,23,9,9,False
13649,Ecuador,—,Bronce,False,True,True,1,0,0.0,29,0,8,True
13650,Colombia,Montería,Bronce,True,False,True,0,0,0.0,29,1,7,True
13651,Colombia,Cali,Bronce,False,False,True,1,0,0.0,25,9,7,False
13652,Colombia,Medellín,Bronce,True,True,False,3,2,706.0,88,6,3,True
13653,México,—,Bronce,True,True,True,0,0,0.0,10,3,5,True
13654,Chile,—,Bronce,False,True,True,0,0,0.0,5,2,6,True
13655,México,—,Bronce,False,False,False,6,5,2170.0,24,6,10,True
13656,México,—,Bronce,False,True,True,4,2,756.0,22,8,8,False
13657,México,—,Bronce,False,False,True,0,0,0.0,19,4,5,True
13658,México,—,Bronce,True,False,True,0,0,0.0,55,10,10,False
13659,México,—,Bronce,True,True,False,2,1,776.0,34,19,7,False
13660,Colombia,Bogotá D.C.,Plata,False,False,True,9,8,3643.0,7,2,7,True
13661,Colombia,Bogotá D.C.,Bronce,False,False,True,1,0,0.0,30,5,4,True
13662,Ecuador,—,Bronce,False,False,False,0,0,0.0,16,13,9,False
13663,México,—,Bronce,False,False,True,0,0,0.0,4,2,10,True
13664,México,—,Bronce,False,False,True,2,1,429.0,22,17,8,False
13665,Colombia,Cartagena,Bronce,False,False,True,2,1,446.0,24,7,5,False
13666,Colombia,Bogotá D.C.,Bronce,True,False,True,3,2,1016.0,43,3,6,True
13667,Colombia,Bogotá D.C.,Bronce,True,True,True,5,3,1798.0,30,2,10,True
13668,Ecuador,—,Bronce,True,False,True,1,0,0.0,50,1,10,True
13669,Colombia,Bogotá D.C.,Bronce,False,False,True,0,0,0.0,21,1,5,True
13670,Uruguay,—,Bronce,True,True,True,0,0,0.0,15,12,6,False
13671,México,—,Bronce,False,False,True,0,0,0.0,1,8,7,False
13672,Colombia,Popayán,Bronce,True,False,False,4,2,1157.0,1,3,4,True
13673,Colombia,Medellín,Platino,False,True,False,148,99,52002.0,40,0,8,True
13674,México,—,Bronce,False,True,False,7,4,2056.0,54,12,5,False
13675,Colombia,Cali,Bronce,True,True,True,0,0,0.0,130,0,4,True
13676,Colombia,Bogotá D.C.,Plata,True,False,True,20,15,8140.0,67,2,6,True
13677,Colombia,Barranquilla,Oro,False,False,True,33,24,9852.0,22,4,5,True
13678,Colombia,Bucaramanga,Bronce,True,False,True,7,4,1717.0,23,9,10,False
13679,Colombia,Cúcuta,Bronce,False,True,True,0,0,0.0,26,6,6,True
13680,Colombia,Bogotá D.C.,Oro,False,False,True,28,19,7803.0,31,13,8,False
13681,Colombia,Otras ciudades,Bronce,False,False,True,1,0,0.0,23,8,8,False
13682,Colombia,Bucaramanga,Bronce,False,False,True,2,1,442.0,24,3,5,True
13683,Colombia,Cali,Bronce,False,False,True,0,0,0.0,13,3,5,True
13684,Colombia,Otras ciudades,Bronce,False,False,True,1,0,0.0,26,1,8,True
13685,Colombia,Villavicencio,Bronce,False,False,True,1,0,0.0,29,4,7,True
13686,Colombia,Bogotá D.C.,Bronce,False,False,True,3,2,1123.0,19,8,8,False
13687,México,—,Bronce,True,False,True,0,0,0.0,37,2,10,True
13688,Colombia,Bucaramanga,Bronce,False,False,True,0,0,0.0,15,1,8,True
13689,Colombia,Manizales,Bronce,False,False,True,1,0,0.0,40,3,3,True
13690,Colombia,Bogotá D.C.,Bronce,False,False,True,3,2,754.0,18,5,2,True
13691,Colombia,Cúcuta,Bronce,False,False,True,1,0,0.0,8,5,10,True
13692,Colombia,Bogotá D.C.,Plata,True,False,True,8,6,3829.0,4,3,4,True
13693,México,—,Bronce,True,True,False,7,5,3197.0,79,5,7,True
13694,Ecuador,—,Bronce,True,True,True,1,0,0.0,28,12,7,False
13695,México,—,Plata,False,False,True,13,8,4089.0,21,2,10,True
13696,Colombia,Medellín,Bronce,False,True,True,0,0,0.0,63,11,5,False
13697,Ecuador,—,Bronce,False,False,True,2,1,539.0,21,4,7,True
13698,Perú,—,Bronce,True,False,True,0,0,0.0,3,8,7,False
13699,Colombia,Otras ciudades,Bronce,False,False,True,1,0,0.0,17,2,8,True
13700,Perú,—,Bronce,True,False,True,1,0,0.0,8,0,7,True
13701,Uruguay,—,Bronce,True,False,True,2,1,487.0,23,4,9,True
13702,Colombia,Bogotá D.C.,Bronce,False,True,True,4,2,921.0,22,10,9,False
13703,Colombia,Barranquilla,Bronce,False,True,True,1,0,0.0,25,8,9,False
13704,Colombia,Bogotá D.C.,Bronce,True,False,True,0,0,0.0,18,2,6,True
13705,Colombia,Medellín,Bronce,False,False,True,1,0,0.0,12,4,7,True
13706,México,—,Bronce,False,False,False,0,0,0.0,18,23,5,False
13707,Uruguay,—,Plata,False,True,True,8,5,1644.0,4,12,10,False
13708,Uruguay,—,Bronce,False,False,True,0,0,0.0,38,6,10,True
13709,Colombia,Bogotá D.C.,Plata,True,True,True,13,9,4664.0,65,3,10,True
13710,Colombia,Bogotá D.C.,Bronce,True,False,True,1,0,0.0,30,5,10,True
13711,México,—,Bronce,True,False,True,1,0,0.0,45,6,10,True
13712,México,—,Bronce,False,False,True,7,5,1617.0,34,7,5,False
13713,Colombia,Cúcuta,Bronce,True,True,True,3,2,1147.0,26,3,8,True
13714,Chile,—,Bronce,False,False,True,0,0,0.0,23,7,6,False
13715,Perú,—,Bronce,True,False,True,2,1,494.0,10,4,8,True
13716,México,—,Plata,False,False,True,13,9,5846.0,16,1,6,True
13717,Ecuador,—,Bronce,False,False,False,0,0,0.0,12,1,10,True
13718,Colombia,Manizales,Bronce,False,False,True,0,0,0.0,38,5,8,True
13719,Colombia,Bogotá D.C.,Plata,True,False,True,14,11,7658.0,59,6,7,True
13720,Perú,—,Bronce,False,False,True,4,2,1165.0,36,1,9,True
13721,Colombia,Cartagena,Bronce,False,False,True,0,0,0.0,22,2,8,True
13722,Uruguay,—,Bronce,True,False,True,1,0,0.0,16,22,10,False
13723,Colombia,Medellín,Bronce,False,False,False,5,4,2188.0,4,3,8,True
13724,Ecuador,—,Bronce,True,False,True,0,0,0.0,12,9,10,False
13725,México,—,Bronce,True,True,True,6,5,1390.0,17,7,7,False
13726,Colombia,Bogotá D.C.,Bronce,False,True,False,0,0,0.0,55,11,7,False
13727,Colombia,Bogotá D.C.,Bronce,False,False,True,3,2,889.0,12,1,7,True
13728,Colombia,Medellín,Bronce,True,False,False,0,0,0.0,75,11,7,False
13729,Colombia,Pereira,Bronce,False,False,True,0,0,0.0,26,2,8,True
13730,Perú,—,Bronce,True,False,True,0,0,0.0,18,12,10,False
13731,Ecuador,—,Bronce,False,False,True,0,0,0.0,19,7,6,False
13732,Colombia,Cali,Bronce,True,False,False,4,3,1642.0,45,3,6,True
13733,Colombia,Bogotá D.C.,Bronce,False,False,True,3,2,822.0,3,1,6,True
13734,Colombia,Bogotá D.C.,Bronce,True,True,True,4,2,1261.0,20,2,7,True
13735,Ecuador,—,Bronce,False,True,True,2,1,460.0,9,1,4,True
13736,Colombia,Cali,Plata,False,False,True,17,12,5740.0,58,5,8,True
13737,México,—,Plata,True,False,True,14,10,4257.0,38,8,4,False
13738,Colombia,Santa Marta,Bronce,True,False,True,1,0,0.0,19,3,10,True
13739,México,—,Bronce,False,True,True,1,0,0.0,13,15,10,False
13740,Ecuador,—,Bronce,False,True,False,1,0,0.0,23,1,7,True
13741,Colombia,Otras ciudades,Bronce,False,True,True,0,0,0.0,18,15,6,False
13742,Colombia,Armenia,Bronce,False,False,True,1,0,0.0,2,11,9,False
13743,Colombia,Otras ciudades,Platino,True,False,True,92,81,37877.0,100,5,5,True
13744,Colombia,Otras ciudades,Bronce,True,False,True,4,2,916.0,40,2,9,True
13745,Colombia,Cartagena,Bronce,True,False,True,1,0,0.0,41,5,6,True
13746,Colombia,Bogotá D.C.,Bronce,False,True,True,0,0,0.0,27,6,10,True
13747,Colombia,Otras ciudades,Bronce,True,False,True,4,3,1241.0,35,3,10,True
13748,Colombia,Medellín,Bronce,False,True,True,0,0,0.0,12,3,6,True
13749,México,—,Bronce,True,False,True,0,0,0.0,11,2,7,True
13750,México,—,Bronce,False,True,True,0,0,0.0,24,0,10,True
13751,Colombia,Medellín,Bronce,False,True,False,7,5,2571.0,31,13,9,False
13752,Colombia,Bogotá D.C.,Bronce,True,True,False,4,2,1146.0,26,4,9,True
13753,Colombia,Medellín,Bronce,True,True,True,0,0,0.0,53,3,9,True
13754,Colombia,Bogotá D.C.,Bronce,True,True,True,0,0,0.0,2,2,10,True
13755,Colombia,Medellín,Bronce,False,False,True,2,1,447.0,31,2,9,True
13756,Colombia,Bogotá D.C.,Bronce,False,False,True,2,1,492.0,37,8,3,False
13757,México,—,Bronce,True,False,True,0,0,0.0,75,6,7,True
13758,Ecuador,—,Bronce,False,False,True,2,1,486.0,9,9,5,False
13759,México,—,Plata,False,False,True,10,8,3887.0,15,5,10,True
13760,Colombia,Medellín,Bronce,False,True,True,1,0,0.0,7,0,5,True
13761,Colombia,Bogotá D.C.,Plata,False,False,True,14,11,3772.0,27,2,10,True
13762,Colombia,Otras ciudades,Bronce,False,False,True,1,0,0.0,25,3,9,True
13763,Colombia,Bogotá D.C.,Bronce,False,False,False,5,3,1487.0,32,8,5,False
13764,Perú,—,Bronce,True,True,True,0,0,0.0,51,1,9,True
13765,Colombia,Villavicencio,Bronce,True,True,False,3,2,749.0,8,2,5,True
13766,Colombia,Medellín,Bronce,True,False,False,3,2,526.0,15,22,7,False
13767,Colombia,Bogotá D.C.,Bronce,True,False,True,3,2,947.0,7,3,6,True
13768,Colombia,Bogotá D.C.,Bronce,True,True,True,1,0,0.0,30,3,9,True
13769,Chile,—,Bronce,False,False,True,5,3,1715.0,29,8,6,False
13770,México,—,Bronce,True,True,True,0,0,0.0,27,3,4,True
13771,Colombia,Medellín,Bronce,False,False,True,2,1,434.0,20,5,6,True
13772,Colombia,Otras ciudades,Bronce,False,False,True,0,0,0.0,41,3,10,True
13773,Colombia,Pereira,Bronce,True,False,True,3,2,968.0,73,2,10,True
13774,Colombia,Villavicencio,Bronce,True,True,True,5,4,1730.0,2,8,9,False
13775,Perú,—,Bronce,True,False,True,1,0,0.0,65,13,7,False
13776,Colombia,Bogotá D.C.,Bronce,False,False,True,0,0,0.0,34,4,7,True
13777,Colombia,Bogotá D.C.,Platino,True,False,True,63,56,23158.0,52,2,9,True
13778,Colombia,Bogotá D.C.,Bronce,True,False,True,4,3,1117.0,18,1,5,True
13779,Colombia,Pereira,Plata,False,True,True,16,10,5421.0,52,4,6,True
13780,Ecuador,—,Bronce,True,False,True,1,0,0.0,10,8,7,False
13781,Colombia,Barranquilla,Bronce,False,False,True,1,0,0.0,25,0,7,True
13782,México,—,Plata,True,True,True,9,5,2962.0,30,27,8,False
13783,México,—,Bronce,False,False,True,0,0,0.0,29,1,5,True
13784,Colombia,Bogotá D.C.,Bronce,False,False,True,0,0,0.0,22,2,9,True
13785,Colombia,Bogotá D.C.,Bronce,True,False,True,3,1,352.0,23,6,4,True
13786,Ecuador,—,Bronce,False,False,True,1,0,0.0,23,15,10,False
13787,Colombia,Bucaramanga,Bronce,True,True,True,1,0,0.0,13,4,7,True
13788,Colombia,Bogotá D.C.,Plata,False,False,True,14,11,6681.0,30,15,4,False
13789,Colombia,Bogotá D.C.,Bronce,False,False,True,0,0,0.0,39,2,6,True
13790,Perú,—,Bronce,True,False,True,0,0,0.0,7,0,6,True
13791,Colombia,Medellín,Bronce,True,False,True,1,0,0.0,32,4,10,True
13792,Colombia,Otras ciudades,Bronce,True,True,True,3,2,1267.0,34,9,6,False
13793,México,—,Bronce,False,False,True,0,0,0.0,13,15,6,False
13794,Colombia,Bogotá D.C.,Plata,True,False,True,11,9,4267.0,39,5,7,True
13795,Colombia,Pereira,Bronce,False,False,False,0,0,0.0,41,9,10,False
13796,Colombia,Pasto,Bronce,False,False,True,1,0,0.0,2,5,8,True
13797,Colombia,Medellín,Platino,True,False,True,75,52,26699.0,23,9,10,False
13798,Ecuador,—,Bronce,True,True,False,3,2,569.0,18,0,8,True
13799,Perú,—,Bronce,False,False,True,3,1,639.0,11,1,6,True
13800,Colombia,Medellín,Bronce,False,False,False,0,0,0.0,26,2,7,True
13801,Colombia,Bogotá D.C.,Bronce,False,True,True,4,2,988.0,70,1,7,True
13802,Colombia,Bogotá D.C.,Bronce,True,False,True,2,1,454.0,44,18,8,False
13803,Colombia,Ibagué,Bronce,False,False,True,0,0,0.0,12,1,7,True
13804,Ecuador,—,Bronce,False,False,True,0,0,0.0,3,3,9,True
13805,México,—,Bronce,True,False,True,1,0,0.0,29,6,6,True
13806,Colombia,Cali,Bronce,False,False,True,0,0,0.0,38,3,10,True
13807,Colombia,Medellín,Plata,True,False,True,14,12,7489.0,39,3,6,True
13808,Ecuador,—,Bronce,False,False,True,1,0,0.0,6,2,7,True
13809,Perú,—,Plata,False,False,False,11,9,6063.0,11,2,8,True
13810,Colombia,Cartagena,Bronce,False,True,True,7,5,2460.0,25,1,10,True
13811,México,—,Bronce,False,False,False,1,0,0.0,22,8,10,False
13812,Colombia,Cúcuta,Bronce,True,False,True,2,1,416.0,50,8,7,False
13813,Ecuador,—,Bronce,True,False,True,3,2,889.0,46,3,4,True
13814,Perú,—,Bronce,False,True,True,7,5,2891.0,12,8,7,False
13815,Colombia,Cali,Bronce,False,True,True,1,0,0.0,18,10,8,False
13816,Uruguay,—,Plata,True,True,True,13,10,4560.0,25,2,7,True
13817,México,—,Bronce,True,True,True,2,1,440.0,24,6,10,True
13818,Colombia,Bogotá D.C.,Bronce,True,False,True,2,1,591.0,19,4,10,True
13819,Colombia,Bucaramanga,Bronce,False,False,True,0,0,0.0,15,1,8,True
13820,Colombia,Bogotá D.C.,Bronce,True,False,True,2,1,750.0,26,4,9,True
13821,Ecuador,—,Bronce,True,False,True,3,2,1099.0,74,3,10,True
13822,Colombia,Pereira,Bronce,False,False,True,2,1,471.0,25,1,5,True
13823,Colombia,Medellín,Bronce,True,False,True,0,0,0.0,6,0,4,True
13824,Colombia,Barranquilla,Bronce,False,True,True,4,3,1257.0,7,18,10,False
13825,Ecuador,—,Bronce,True,False,False,1,0,0.0,25,1,10,True
13826,Colombia,Neiva,Bronce,True,False,False,2,1,471.0,99,2,5,True
13827,Colombia,Cali,Bronce,True,True,True,1,0,0.0,14,1,8,True
13828,Colombia,Bucaramanga,Bronce,True,False,True,0,0,0.0,20,4,6,True
13829,Colombia,Barranquilla,Bronce,True,False,True,4,2,940.0,5,8,6,False
13830,Uruguay,—,Bronce,False,False,True,0,0,0.0,18,2,7,True
13831,Chile,—,Bronce,True,False,True,0,0,0.0,58,2,9,True
13832,Colombia,Medellín,Bronce,True,True,False,4,2,708.0,23,6,6,True
13833,Colombia,Villavicencio,Plata,True,False,True,19,14,5733.0,32,1,8,True
13834,Colombia,Otras ciudades,Bronce,False,False,True,2,1,421.0,14,6,10,True
13835,Colombia,Bogotá D.C.,Platino,False,False,True,64,45,33488.0,34,6,6,True
13836,Chile,—,Bronce,True,False,False,5,3,1522.0,19,3,9,True
13837,Colombia,Otras ciudades,Bronce,False,False,False,4,2,925.0,69,3,6,True
13838,Colombia,Medellín,Bronce,True,False,True,3,2,1126.0,31,3,8,True
13839,Perú,—,Bronce,False,False,True,0,0,0.0,44,4,7,True
13840,Colombia,Armenia,Bronce,False,False,True,1,0,0.0,15,9,9,False
13841,México,—,Bronce,True,False,True,0,0,0.0,37,2,5,True
13842,Colombia,Medellín,Bronce,True,False,True,0,0,0.0,59,9,8,False
13843,Colombia,Pereira,Bronce,False,False,True,0,0,0.0,45,5,8,True
13844,Colombia,Bogotá D.C.,Bronce,True,False,True,1,0,0.0,17,6,5,True
13845,México,—,Bronce,False,True,True,2,1,575.0,40,0,6,True
13846,Chile,—,Bronce,True,True,True,0,0,0.0,8,3,5,True
13847,Colombia,Cali,Bronce,False,False,True,1,0,0.0,24,2,8,True
13848,Colombia,Medellín,Platino,False,False,True,60,35,17734.0,84,3,7,True
13849,Colombia,Medellín,Bronce,True,False,False,3,2,1116.0,35,2,10,True
13850,Colombia,Pereira,Bronce,True,False,True,0,0,0.0,11,2,8,True
13851,Perú,—,Bronce,False,False,True,3,1,610.0,6,4,5,True
13852,Uruguay,—,Bronce,True,False,True,0,0,0.0,58,4,6,True
13853,Colombia,Cali,Bronce,False,True,True,2,1,414.0,9,3,4,True
13854,Colombia,Bogotá D.C.,Bronce,False,False,True,1,0,0.0,70,9,9,False
13855,Colombia,Santa Marta,Bronce,True,False,False,0,0,0.0,29,4,7,True
13856,Colombia,Medellín,Bronce,True,True,True,1,0,0.0,22,11,9,False
13857,México,—,Bronce,True,False,True,6,4,2229.0,7,6,3,True
13858,Colombia,Valledupar,Bronce,True,False,True,0,0,0.0,4,3,8,True
13859,Colombia,Cali,Bronce,False,False,True,3,2,908.0,2,8,8,False
13860,Ecuador,—,Bronce,True,False,False,1,0,0.0,12,2,6,True
13861,Colombia,Medellín,Bronce,False,False,True,1,0,0.0,66,9,6,False
13862,Colombia,Otras ciudades,Bronce,True,False,True,0,0,0.0,50,1,8,True
13863,Colombia,Bogotá D.C.,Bronce,True,False,True,7,5,2422.0,13,2,6,True
13864,Colombia,Bogotá D.C.,Bronce,True,False,False,1,0,0.0,12,0,5,True
13865,Colombia,Bogotá D.C.,Plata,False,False,True,16,14,8045.0,21,6,10,True
13866,Colombia,Cali,Bronce,True,False,False,3,2,938.0,39,3,6,True
13867,Colombia,Bogotá D.C.,Plata,False,False,True,12,10,5189.0,10,9,7,False
13868,Colombia,Bogotá D.C.,Bronce,False,False,True,2,1,432.0,20,3,7,True
13869,Uruguay,—,Bronce,False,False,True,0,0,0.0,7,6,5,True
13870,México,—,Bronce,True,False,True,1,0,0.0,28,4,9,True
13871,Colombia,Cúcuta,Bronce,False,False,True,0,0,0.0,46,3,7,True
13872,Colombia,Cali,Bronce,False,True,True,0,0,0.0,4,7,10,False
13873,Colombia,Bogotá D.C.,Bronce,True,False,True,0,0,0.0,25,1,6,True
13874,Uruguay,—,Bronce,False,False,False,2,1,284.0,30,24,6,False
13875,Colombia,Otras ciudades,Bronce,False,False,True,0,0,0.0,35,0,7,True
13876,Colombia,Bogotá D.C.,Bronce,True,False,True,0,0,0.0,5,2,9,True
13877,Colombia,Bogotá D.C.,Bronce,True,False,True,5,4,1589.0,46,4,4,True
13878,Uruguay,—,Bronce,True,False,True,0,0,0.0,17,4,9,True
13879,Perú,—,Bronce,True,True,True,1,0,0.0,66,11,6,False
13880,Colombia,Medellín,Bronce,True,False,True,0,0,0.0,24,5,7,True
13881,Colombia,Barranquilla,Bronce,False,True,False,1,0,0.0,55,1,9,True
13882,Colombia,Medellín,Bronce,True,False,True,4,3,1100.0,21,5,5,True
13883,Colombia,Valledupar,Bronce,False,True,True,0,0,0.0,76,9,10,False
13884,Colombia,Otras ciudades,Bronce,False,True,True,2,1,497.0,17,3,5,True
13885,Colombia,Cartagena,Bronce,True,True,True,0,0,0.0,16,2,8,True
13886,Uruguay,—,Plata,False,False,True,12,7,2505.0,12,6,4,True
13887,Uruguay,—,Bronce,True,False,True,3,2,1287.0,20,3,7,True
13888,México,—,Bronce,False,True,False,0,0,0.0,11,4,5,True
13889,Colombia,Barranquilla,Bronce,False,False,True,0,0,0.0,38,7,9,False
13890,Ecuador,—,Oro,False,False,True,45,30,16580.0,4,3,7,True
13891,Colombia,Cali,Bronce,False,False,True,0,0,0.0,54,6,10,True
13892,Colombia,Bogotá D.C.,Bronce,True,False,True,4,2,1191.0,53,3,10,True
13893,Colombia,Valledupar,Bronce,True,False,True,7,5,2454.0,7,11,4,False
13894,Colombia,Popayán,Bronce,True,False,False,0,0,0.0,24,3,7,True
13895,Colombia,Neiva,Bronce,True,True,True,1,0,0.0,12,20,9,False
13896,México,—,Bronce,True,True,True,0,0,0.0,33,0,2,True
13897,Colombia,Medellín,Bronce,True,True,True,0,0,0.0,86,2,9,True
13898,Colombia,Bogotá D.C.,Bronce,False,False,True,0,0,0.0,4,1,10,True
13899,Colombia,Otras ciudades,Bronce,False,False,False,0,0,0.0,37,8,9,False
13900,Colombia,Cartagena,Plata,True,False,False,24,17,10382.0,9,6,8,True
13901,Ecuador,—,Bronce,True,False,True,3,2,720.0,7,3,9,True
13902,Colombia,Bucaramanga,Bronce,False,False,True,3,2,804.0,36,1,8,True
13903,Perú,—,Bronce,False,False,True,2,1,313.0,41,3,7,True
13904,Colombia,Bogotá D.C.,Bronce,False,True,True,1,0,0.0,13,0,10,True
13905,Ecuador,—,Bronce,False,True,True,4,2,902.0,4,10,6,False
13906,Colombia,Bucaramanga,Bronce,True,False,True,7,5,2880.0,29,6,7,True
13907,Colombia,Medellín,Bronce,False,True,False,0,0,0.0,16,3,5,True
13908,Colombia,Bogotá D.C.,Bronce,False,False,True,2,1,523.0,19,8,6,False
13909,Colombia,Medellín,Bronce,True,True,True,1,0,0.0,51,2,9,True
13910,México,—,Bronce,True,False,True,4,3,1404.0,10,1,9,True
13911,Colombia,Santa Marta,Bronce,False,False,True,3,1,636.0,8,4,7,True
13912,Uruguay,—,Bronce,False,False,False,0,0,0.0,15,5,4,True
13913,Colombia,Bogotá D.C.,Bronce,False,True,True,0,0,0.0,77,2,8,True
13914,Uruguay,—,Bronce,True,False,True,1,0,0.0,28,16,10,False
13915,Colombia,Bogotá D.C.,Bronce,False,False,True,2,1,688.0,69,9,8,False
13916,México,—,Bronce,True,False,False,0,0,0.0,46,11,10,False
13917,Colombia,Otras ciudades,Plata,True,False,False,9,5,1698.0,15,7,9,False
13918,México,—,Bronce,False,False,True,0,0,0.0,3,3,6,True
13919,Colombia,Villavicencio,Bronce,True,False,False,3,1,609.0,23,1,6,True
13920,Colombia,Bogotá D.C.,Bronce,False,True,False,1,0,0.0,30,4,8,True
13921,Colombia,Otras ciudades,Bronce,True,True,True,3,2,1183.0,23,7,5,False
13922,Colombia,Cúcuta,Bronce,True,False,True,0,0,0.0,25,11,4,False
13923,México,—,Bronce,False,True,True,0,0,0.0,19,6,5,True
13924,Colombia,Bogotá D.C.,Bronce,False,False,False,1,0,0.0,9,2,10,True
13925,Colombia,Otras ciudades,Plata,False,False,True,10,7,3013.0,19,1,6,True
13926,Ecuador,—,Plata,True,True,True,11,6,2753.0,11,18,10,False
13927,Colombia,Cartagena,Bronce,False,False,True,0,0,0.0,56,4,9,True
13928,Colombia,Valledupar,Bronce,True,True,True,0,0,0.0,13,1,6,True
13929,Colombia,Montería,Bronce,True,True,True,0,0,0.0,22,13,6,False
13930,Uruguay,—,Bronce,False,True,True,6,3,1629.0,45,2,7,True
13931,Perú,—,Bronce,False,True,True,2,1,414.0,14,6,8,True
13932,Colombia,Cali,Bronce,True,False,True,0,0,0.0,18,2,7,True
13933,Colombia,Cali,Bronce,False,False,False,0,0,0.0,28,3,9,True
13934,Colombia,Neiva,Bronce,False,False,True,0,0,0.0,4,0,5,True
13935,Ecuador,—,Bronce,False,False,True,2,1,528.0,14,4,10,True
13936,Colombia,Bogotá D.C.,Plata,True,False,True,12,9,4092.0,15,0,9,True
13937,Ecuador,—,Platino,True,False,True,188,143,89809.0,3,8,10,False
13938,Colombia,Barranquilla,Bronce,True,True,False,1,0,0.0,8,7,8,False
13939,Colombia,Otras ciudades,Bronce,False,False,True,0,0,0.0,14,0,8,True
13940,Colombia,Manizales,Bronce,True,True,True,2,1,478.0,29,5,8,True
13941,Colombia,Medellín,Bronce,False,False,True,2,1,702.0,46,1,2,True
13942,Colombia,Cali,Bronce,True,True,False,0,0,0.0,6,3,10,True
13943,Colombia,Bogotá D.C.,Bronce,False,True,False,1,0,0.0,38,5,10,True
13944,México,—,Bronce,True,False,True,0,0,0.0,11,3,9,True
13945,Colombia,Bucaramanga,Plata,True,False,True,20,14,6272.0,9,4,10,True
13946,México,—,Bronce,False,False,True,0,0,0.0,36,0,6,True
13947,México,—,Platino,False,True,False,177,110,54400.0,9,0,7,True
13948,Colombia,Medellín,Plata,True,True,False,8,7,1959.0,37,2,3,True
13949,Colombia,Bogotá D.C.,Bronce,True,False,True,2,1,530.0,1,8,9,False
13950,Colombia,Montería,Bronce,True,False,True,0,0,0.0,48,6,10,True
13951,Colombia,Bucaramanga,Bronce,True,False,True,4,2,657.0,23,8,6,False
13952,Colombia,Bogotá D.C.,Bronce,True,False,True,0,0,0.0,23,11,5,False
13953,Colombia,Bogotá D.C.,Plata,True,True,True,10,6,2497.0,59,3,9,True
13954,México,—,Bronce,True,False,True,0,0,0.0,62,0,7,True
13955,Colombia,Bogotá D.C.,Bronce,False,False,True,0,0,0.0,7,0,10,True
13956,Colombia,Valledupar,Bronce,True,False,True,0,0,0.0,61,4,8,True
13957,Ecuador,—,Bronce,False,False,True,2,1,239.0,21,17,6,False
13958,México,—,Bronce,True,False,True,0,0,0.0,7,1,7,True
13959,México,—,Bronce,True,False,False,2,1,693.0,50,5,5,True
13960,Colombia,Bucaramanga,Bronce,False,False,True,2,1,446.0,47,0,7,True
13961,México,—,Bronce,False,True,True,3,2,1138.0,10,8,7,False
13962,Colombia,Manizales,Bronce,True,False,True,0,0,0.0,14,0,9,True
13963,Ecuador,—,Bronce,True,True,True,4,2,866.0,13,3,6,True
13964,Colombia,Bogotá D.C.,Bronce,False,False,True,1,0,0.0,16,5,7,True
13965,Colombia,Otras ciudades,Bronce,False,True,True,3,1,445.0,27,3,8,True
13966,Uruguay,—,Bronce,True,True,True,7,5,2522.0,15,9,8,False
13967,Colombia,Cali,Bronce,False,False,True,6,5,3105.0,3,3,9,True
13968,Colombia,Armenia,Bronce,False,True,True,1,0,0.0,20,0,8,True
13969,Colombia,Cúcuta,Bronce,True,False,True,5,4,3033.0,9,8,3,False
13970,Uruguay,—,Bronce,False,True,False,4,3,1324.0,15,4,9,True
13971,Colombia,Cali,Plata,True,False,False,9,6,3832.0,11,8,10,False
13972,México,—,Bronce,False,True,True,5,3,1601.0,10,2,8,True
13973,Colombia,Cartagena,Bronce,True,False,True,3,2,1498.0,44,7,6,False
13974,Colombia,Barranquilla,Bronce,True,False,True,0,0,0.0,66,1,6,True
13975,Perú,—,Bronce,False,True,False,0,0,0.0,8,2,6,True
13976,Colombia,Cali,Bronce,True,False,True,1,0,0.0,60,0,7,True
13977,Colombia,Bogotá D.C.,Bronce,False,True,True,3,1,544.0,1,7,10,False
13978,Ecuador,—,Bronce,True,False,True,0,0,0.0,12,1,5,True
13979,Colombia,Bucaramanga,Bronce,False,False,True,3,2,1296.0,10,0,6,True
13980,Colombia,Bogotá D.C.,Bronce,False,False,False,1,0,0.0,24,1,6,True
13981,Colombia,Santa Marta,Bronce,False,True,True,1,0,0.0,30,3,8,True
13982,Colombia,Bogotá D.C.,Bronce,False,False,False,3,2,1079.0,31,1,10,True
13983,Colombia,Bogotá D.C.,Bronce,True,True,True,0,0,0.0,1,3,4,True
13984,Colombia,Bogotá D.C.,Bronce,True,False,True,0,0,0.0,10,7,6,False
13985,Colombia,Bogotá D.C.,Bronce,True,False,True,3,2,1092.0,37,6,10,True
13986,Colombia,Bogotá D.C.,Bronce,False,True,False,0,0,0.0,11,7,7,False
13987,Colombia,Otras ciudades,Bronce,False,False,False,3,1,592.0,76,4,7,True
13988,Perú,—,Plata,False,True,False,13,10,4969.0,13,2,10,True
13989,Colombia,Bogotá D.C.,Bronce,False,True,True,1,0,0.0,24,8,8,False
13990,Colombia,Barranquilla,Bronce,False,False,True,0,0,0.0,3,12,10,False
13991,Ecuador,—,Plata,False,True,True,13,10,3620.0,4,5,8,True
13992,México,—,Bronce,True,False,False,1,0,0.0,9,0,5,True
13993,Ecuador,—,Bronce,True,False,False,1,0,0.0,65,3,7,True
13994,Colombia,Barranquilla,Bronce,False,False,True,1,0,0.0,29,6,10,True
13995,México,—,Bronce,False,True,True,1,0,0.0,37,3,9,True
13996,Colombia,Bogotá D.C.,Bronce,False,False,True,0,0,0.0,10,0,9,True
13997,Colombia,Bogotá D.C.,Plata,True,False,True,14,8,5043.0,19,18,5,False
13998,Colombia,Medellín,Bronce,False,True,True,3,2,1091.0,36,7,9,False
13999,Colombia,Medellín,Bronce,False,False,True,0,0,0.0,47,5,7,True
14000,Ecuador,—,Bronce,True,False,True,5,3,1223.0,30,0,6,True
14001,Colombia,Cali,Bronce,False,False,True,3,2,749.0,84,1,8,True
14002,Colombia,Bogotá D.C.,Bronce,False,False,True,0,0,0.0,17,6,9,True
14003,Colombia,Bogotá D.C.,Bronce,False,False,True,2,1,476.0,15,4,6,True
14004,Uruguay,—,Bronce,True,True,True,6,3,1828.0,8,4,6,True
14005,Colombia,Bogotá D.C.,Bronce,True,False,True,0,0,0.0,33,2,10,True
14006,Colombia,Barranquilla,Bronce,True,True,True,1,0,0.0,6,1,6,True
14007,México,—,Bronce,False,False,True,1,0,0.0,36,2,5,True
14008,Colombia,Otras ciudades,Bronce,True,False,True,0,0,0.0,19,7,9,False
14009,Perú,—,Bronce,True,False,True,1,0,0.0,25,1,2,True
14010,Ecuador,—,Bronce,False,True,True,1,0,0.0,12,9,9,False
14011,Colombia,Santa Marta,Bronce,False,False,True,3,2,1199.0,3,2,10,True
14012,Colombia,Bogotá D.C.,Bronce,False,False,True,0,0,0.0,8,7,9,False
14013,México,—,Bronce,False,False,True,5,4,2172.0,4,6,6,True
14014,Colombia,Bogotá D.C.,Bronce,True,False,True,0,0,0.0,53,7,7,False
14015,México,—,Bronce,False,False,False,3,2,697.0,44,2,10,True
14016,Colombia,Bogotá D.C.,Plata,False,True,True,17,14,8455.0,8,11,10,False
14017,Colombia,Barranquilla,Plata,True,False,True,15,12,3255.0,68,4,7,True
14018,México,—,Bronce,False,True,True,2,1,417.0,16,16,8,False
14019,Colombia,Medellín,Bronce,True,False,True,0,0,0.0,43,4,10,True
14020,Colombia,Bogotá D.C.,Bronce,False,False,True,0,0,0.0,19,8,10,False
14021,Colombia,Medellín,Bronce,True,False,False,0,0,0.0,68,3,7,True
14022,México,—,Bronce,True,False,True,0,0,0.0,52,9,8,False
14023,Colombia,Bogotá D.C.,Plata,False,False,False,10,5,1819.0,7,6,10,True
14024,México,—,Bronce,False,False,False,2,1,520.0,8,8,6,False
14025,Colombia,Pereira,Bronce,True,False,True,0,0,0.0,62,12,7,False
14026,Colombia,Cali,Bronce,True,False,True,0,0,0.0,24,4,5,True
14027,México,—,Plata,False,True,True,13,10,3874.0,27,6,8,True
14028,Colombia,Medellín,Bronce,True,True,True,1,0,0.0,80,3,7,True
14029,Colombia,Medellín,Bronce,False,False,True,7,4,2043.0,59,2,4,True
14030,Colombia,Barranquilla,Bronce,False,False,False,0,0,0.0,16,2,10,True
14031,Ecuador,—,Bronce,False,False,True,3,2,1237.0,10,2,1,True
14032,Colombia,Cúcuta,Bronce,True,True,True,1,0,0.0,15,9,8,False
14033,Chile,—,Bronce,True,False,True,6,3,1594.0,65,1,7,True
14034,México,—,Plata,False,False,True,13,9,4748.0,37,4,6,True
14035,Colombia,Cali,Bronce,False,False,True,1,0,0.0,12,8,5,False
14036,Colombia,Valledupar,Bronce,False,False,True,0,0,0.0,33,3,7,True
14037,Ecuador,—,Bronce,True,False,True,0,0,0.0,9,9,9,False
14038,Colombia,Bogotá D.C.,Bronce,True,True,True,7,5,2520.0,39,1,10,True
14039,Uruguay,—,Oro,True,True,True,27,23,11676.0,14,1,7,True
14040,México,—,Oro,True,False,True,27,15,5903.0,38,2,8,True
14041,Colombia,Santa Marta,Plata,False,False,False,11,9,4632.0,36,5,9,True
14042,México,—,Bronce,False,False,True,7,4,2362.0,20,0,6,True
14043,Ecuador,—,Bronce,True,False,True,5,4,2268.0,23,5,6,True
14044,Colombia,Bucaramanga,Bronce,True,False,True,1,0,0.0,20,27,8,False
14045,Ecuador,—,Bronce,False,False,False,3,1,368.0,44,19,7,False
14046,Ecuador,—,Bronce,False,False,True,1,0,0.0,47,3,7,True
14047,Colombia,Cali,Bronce,False,True,False,1,0,0.0,55,5,9,True
14048,Colombia,Otras ciudades,Bronce,True,True,True,0,0,0.0,16,5,8,True
14049,Colombia,Bogotá D.C.,Bronce,False,True,True,0,0,0.0,16,5,8,True
14050,Colombia,Otras ciudades,Bronce,False,False,True,3,2,1073.0,11,0,8,True
14051,Colombia,Manizales,Bronce,False,True,True,1,0,0.0,9,12,6,False
14052,Colombia,Bogotá D.C.,Bronce,False,True,True,0,0,0.0,26,0,7,True
14053,Colombia,Medellín,Bronce,False,False,False,1,0,0.0,15,11,8,False
14054,Perú,—,Plata,True,False,True,9,5,2211.0,13,2,7,True
14055,Colombia,Otras ciudades,Bronce,False,False,True,0,0,0.0,43,4,4,True
14056,Colombia,Santa Marta,Bronce,False,False,True,7,5,3274.0,9,1,6,True
14057,Colombia,Bogotá D.C.,Bronce,False,False,False,3,2,1224.0,84,9,5,False
14058,Ecuador,—,Plata,False,False,True,17,15,7078.0,25,20,6,False
14059,Colombia,Bogotá D.C.,Bronce,False,True,False,1,0,0.0,50,10,4,False
14060,Ecuador,—,Bronce,True,False,True,6,5,2913.0,61,0,6,True
14061,Ecuador,—,Oro,False,True,True,46,35,16888.0,12,2,6,True
14062,Colombia,Pasto,Bronce,True,False,True,2,1,615.0,80,1,9,True
14063,Colombia,Bogotá D.C.,Plata,True,False,True,13,7,4325.0,44,0,6,True
14064,Colombia,Medellín,Plata,False,False,True,12,10,4764.0,22,1,8,True
14065,Perú,—,Plata,False,False,True,9,8,3638.0,4,5,8,True
14066,México,—,Bronce,True,False,False,0,0,0.0,21,4,9,True
14067,Colombia,Sincelejo,Bronce,True,False,True,1,0,0.0,15,1,3,True
14068,México,—,Bronce,False,True,False,0,0,0.0,19,23,9,False
14069,Ecuador,—,Plata,True,True,False,13,7,3674.0,30,14,7,False
14070,México,—,Bronce,False,True,True,1,0,0.0,28,11,8,False
14071,Colombia,Cartagena,Bronce,False,False,True,2,1,520.0,51,11,10,False
14072,México,—,Bronce,True,False,True,1,0,0.0,17,6,9,True
14073,Colombia,Neiva,Bronce,False,False,False,1,0,0.0,14,1,6,True
14074,México,—,Bronce,False,False,False,2,1,561.0,80,3,10,True
14075,Colombia,Pereira,Bronce,False,True,True,1,0,0.0,1,6,5,True
14076,Colombia,Bogotá D.C.,Bronce,True,False,True,2,1,425.0,30,0,5,True
14077,Colombia,Cali,Bronce,False,False,False,4,3,1579.0,23,3,6,True
14078,Ecuador,—,Bronce,False,False,True,0,0,0.0,4,0,9,True
14079,Ecuador,—,Bronce,False,False,False,0,0,0.0,11,1,7,True
14080,Colombia,Bogotá D.C.,Bronce,True,False,True,0,0,0.0,82,7,5,False
14081,Colombia,Cali,Bronce,False,True,True,0,0,0.0,1,3,7,True
14082,Colombia,Bogotá D.C.,Bronce,False,False,False,7,4,1805.0,22,2,7,True
14083,Colombia,Barranquilla,Bronce,False,False,True,5,3,1678.0,51,5,10,True
14084,Colombia,Armenia,Bronce,False,False,True,7,5,2831.0,5,7,6,False
14085,Colombia,Medellín,Oro,False,False,True,29,21,9748.0,4,2,6,True
14086,Colombia,Medellín,Bronce,True,True,True,4,3,847.0,14,3,9,True
14087,Ecuador,—,Bronce,False,True,True,2,1,481.0,12,7,7,False
14088,Colombia,Otras ciudades,Plata,True,False,True,8,7,2248.0,44,10,7,False
14089,Colombia,Bogotá D.C.,Bronce,True,False,True,0,0,0.0,7,12,10,False
14090,Chile,—,Bronce,False,False,True,0,0,0.0,30,6,7,True
14091,Colombia,Cali,Bronce,False,False,True,1,0,0.0,19,3,8,True
14092,Colombia,Medellín,Bronce,True,False,True,2,1,484.0,89,11,8,False
14093,Colombia,Cali,Plata,False,False,True,10,8,1773.0,18,6,7,True
14094,Colombia,Medellín,Oro,True,False,True,49,32,13088.0,5,9,8,False
14095,Colombia,Medellín,Bronce,True,True,True,0,0,0.0,44,10,6,False
14096,Uruguay,—,Bronce,False,False,True,0,0,0.0,69,9,8,False
14097,Perú,—,Bronce,False,False,True,5,3,1667.0,7,8,1,False
14098,Colombia,Barranquilla,Bronce,True,False,True,1,0,0.0,2,1,10,True
14099,Chile,—,Bronce,True,False,True,3,2,409.0,30,3,5,True
14100,Colombia,Barranquilla,Bronce,True,True,False,3,2,587.0,22,2,10,True
14101,Colombia,Otras ciudades,Bronce,False,True,True,2,1,600.0,106,4,6,True
14102,Colombia,Cartagena,Bronce,False,True,True,1,0,0.0,10,4,7,True
14103,Colombia,Otras ciudades,Bronce,False,False,True,4,2,937.0,18,3,5,True
14104,Colombia,Cali,Bronce,True,True,True,0,0,0.0,15,3,7,True
14105,Colombia,Bogotá D.C.,Bronce,True,False,True,2,1,474.0,8,15,5,False
14106,Colombia,Pereira,Bronce,True,False,True,1,0,0.0,100,11,6,False
14107,Colombia,Medellín,Plata,True,False,True,11,7,2974.0,3,6,6,True
14108,Perú,—,Bronce,True,True,True,1,0,0.0,7,9,7,False
14109,Ecuador,—,Plata,False,True,True,9,8,4106.0,5,2,10,True
14110,Uruguay,—,Bronce,True,True,True,1,0,0.0,4,3,7,True
14111,Ecuador,—,Bronce,False,False,True,7,5,1712.0,33,5,6,True
14112,Colombia,Medellín,Bronce,True,False,True,3,2,1289.0,60,0,7,True
14113,Colombia,Bogotá D.C.,Bronce,False,False,True,1,0,0.0,15,6,5,True
14114,Uruguay,—,Bronce,True,False,False,0,0,0.0,28,3,8,True
14115,Perú,—,Bronce,True,True,False,1,0,0.0,38,5,6,True
14116,Colombia,Bogotá D.C.,Bronce,True,True,True,1,0,0.0,32,15,9,False
14117,Colombia,Bogotá D.C.,Bronce,False,False,True,0,0,0.0,45,11,6,False
14118,México,—,Bronce,False,False,True,2,1,736.0,31,2,10,True
14119,México,—,Bronce,False,False,False,2,1,376.0,29,11,5,False
14120,Ecuador,—,Bronce,True,True,True,5,3,1501.0,10,9,7,False
14121,Uruguay,—,Bronce,True,True,True,5,2,1178.0,39,11,8,False
14122,Colombia,Cali,Bronce,False,False,True,6,4,2245.0,6,1,8,True
14123,Colombia,Bogotá D.C.,Bronce,True,False,True,2,1,439.0,30,4,8,True
14124,México,—,Bronce,False,True,True,2,1,637.0,2,5,9,True
14125,Colombia,Barranquilla,Bronce,True,True,True,0,0,0.0,45,5,7,True
14126,Colombia,Montería,Bronce,False,False,True,2,1,576.0,5,7,6,False
14127,Colombia,Cali,Bronce,True,True,True,1,0,0.0,60,5,7,True
14128,Colombia,Cúcuta,Bronce,True,False,True,0,0,0.0,34,7,6,False
14129,Perú,—,Bronce,False,False,True,3,1,448.0,3,0,9,True
14130,Uruguay,—,Bronce,False,False,True,0,0,0.0,7,4,7,True
14131,Colombia,Cali,Platino,False,False,True,71,52,19472.0,80,4,5,True
14132,México,—,Bronce,True,True,True,1,0,0.0,25,0,7,True
14133,Colombia,Bogotá D.C.,Bronce,True,False,True,3,2,1454.0,15,1,7,True
14134,Colombia,Bogotá D.C.,Bronce,False,False,True,0,0,0.0,30,6,10,True
14135,Colombia,Bogotá D.C.,Bronce,False,False,False,0,0,0.0,1,7,6,False
14136,Colombia,Cartagena,Bronce,False,True,True,7,4,1678.0,14,10,8,False
14137,Chile,—,Bronce,False,False,True,1,0,0.0,19,0,8,True
14138,Chile,—,Plata,False,False,True,15,12,6355.0,34,6,8,True
14139,Colombia,Medellín,Bronce,True,False,True,0,0,0.0,17,0,6,True
14140,Ecuador,—,Bronce,True,False,True,0,0,0.0,10,1,8,True
14141,Uruguay,—,Plata,False,True,True,12,11,6263.0,21,7,7,False
14142,Colombia,Bogotá D.C.,Bronce,True,False,False,0,0,0.0,52,5,10,True
14143,Colombia,Cartagena,Bronce,False,True,True,0,0,0.0,30,8,10,False
14144,Colombia,Barranquilla,Bronce,False,True,False,0,0,0.0,68,2,10,True
14145,México,—,Bronce,False,False,True,7,4,1480.0,35,7,9,False
14146,Colombia,Bogotá D.C.,Plata,False,False,True,17,12,6141.0,4,9,5,False
14147,Colombia,Otras ciudades,Plata,False,False,True,10,6,2711.0,24,5,3,True
14148,México,—,Bronce,False,False,True,1,0,0.0,15,1,6,True
14149,Colombia,Cúcuta,Bronce,True,False,False,1,0,0.0,23,9,6,False
14150,Colombia,Bogotá D.C.,Bronce,False,False,True,4,3,1605.0,5,6,6,True
14151,México,—,Plata,True,False,True,15,11,4419.0,18,2,9,True
14152,Colombia,Bogotá D.C.,Bronce,True,False,True,0,0,0.0,28,4,9,True
14153,Colombia,Medellín,Bronce,True,False,True,2,1,447.0,35,1,4,True
14154,Ecuador,—,Bronce,True,False,True,0,0,0.0,8,6,7,True
14155,Colombia,Bogotá D.C.,Bronce,False,False,True,0,0,0.0,4,6,8,True
14156,Colombia,Cartagena,Bronce,False,False,True,1,0,0.0,4,0,5,True
14157,Colombia,Pereira,Plata,False,True,True,8,5,2792.0,18,1,6,True
14158,México,—,Bronce,False,False,True,0,0,0.0,8,10,7,False
14159,Colombia,Santa Marta,Bronce,True,False,True,0,0,0.0,26,13,7,False
14160,Colombia,Manizales,Bronce,False,True,True,0,0,0.0,48,16,7,False
14161,Colombia,Bogotá D.C.,Bronce,False,False,True,0,0,0.0,6,7,9,False
14162,Colombia,Bogotá D.C.,Bronce,False,True,False,0,0,0.0,25,40,9,False
14163,México,—,Bronce,True,False,True,2,1,379.0,10,0,5,True
14164,México,—,Bronce,True,True,True,5,2,1133.0,47,4,7,True
14165,Colombia,Montería,Bronce,True,True,True,0,0,0.0,78,2,9,True
14166,México,—,Bronce,False,False,True,2,1,451.0,42,3,6,True
14167,Colombia,Medellín,Bronce,False,True,True,2,1,519.0,28,1,6,True
14168,Colombia,Bogotá D.C.,Bronce,True,False,True,2,1,309.0,24,7,10,False
14169,México,—,Bronce,True,False,True,0,0,0.0,18,8,7,False
14170,México,—,Bronce,False,True,True,2,1,417.0,5,5,9,True
14171,Colombia,Pasto,Bronce,False,False,True,0,0,0.0,36,0,10,True
14172,Colombia,Neiva,Bronce,True,True,True,0,0,0.0,51,1,6,True
14173,Colombia,Barranquilla,Bronce,True,False,True,0,0,0.0,19,6,6,True
14174,Colombia,Ibagué,Oro,True,False,True,38,26,13323.0,16,4,5,True
14175,México,—,Bronce,False,True,True,7,4,2392.0,18,5,8,True
14176,Colombia,Bogotá D.C.,Bronce,True,False,True,1,0,0.0,43,2,7,True
14177,Colombia,Otras ciudades,Plata,True,True,True,16,14,5194.0,9,6,4,True
14178,Colombia,Bogotá D.C.,Plata,True,False,True,9,8,5351.0,100,1,6,True
14179,Colombia,Cali,Bronce,True,True,True,3,2,1100.0,55,4,4,True
14180,Colombia,Otras ciudades,Bronce,True,True,True,7,4,2348.0,136,1,7,True
14181,Ecuador,—,Bronce,False,False,True,0,0,0.0,69,11,10,False
14182,Uruguay,—,Bronce,False,True,True,0,0,0.0,38,11,10,False
14183,Colombia,Cali,Bronce,False,True,False,0,0,0.0,16,12,7,False
14184,Colombia,Cali,Oro,True,False,False,29,26,14016.0,32,2,9,True
14185,Ecuador,—,Bronce,True,True,True,0,0,0.0,39,13,10,False
14186,Perú,—,Bronce,True,False,True,0,0,0.0,44,6,9,True
14187,Colombia,Cali,Bronce,False,True,True,0,0,0.0,6,8,10,False
14188,Colombia,Santa Marta,Bronce,True,True,True,7,5,1523.0,36,3,5,True
14189,Chile,—,Bronce,True,False,True,2,1,477.0,45,20,7,False
14190,México,—,Bronce,True,False,True,2,1,427.0,3,8,3,False
14191,Colombia,Medellín,Bronce,True,False,True,0,0,0.0,16,12,10,False
14192,Colombia,Neiva,Bronce,False,False,True,1,0,0.0,8,4,8,True
14193,Colombia,Medellín,Bronce,True,False,True,0,0,0.0,4,3,6,True
14194,Colombia,Bucaramanga,Bronce,False,False,True,1,0,0.0,41,5,7,True
14195,Colombia,Pereira,Bronce,True,False,True,7,5,2557.0,31,1,8,True
14196,Ecuador,—,Bronce,False,False,True,1,0,0.0,7,8,9,False
14197,México,—,Plata,False,True,True,14,10,4366.0,32,11,10,False
14198,Colombia,Bogotá D.C.,Bronce,False,False,True,1,0,0.0,19,10,9,False
14199,Colombia,Bogotá D.C.,Oro,False,False,True,35,20,8281.0,45,15,9,False
14200,Colombia,Cúcuta,Bronce,False,False,True,4,2,1298.0,39,11,6,False
14201,México,—,Bronce,False,False,True,2,1,389.0,2,9,6,False
14202,Colombia,Bogotá D.C.,Bronce,True,True,True,1,0,0.0,2,7,9,False
14203,Colombia,Bogotá D.C.,Bronce,False,True,True,0,0,0.0,17,2,6,True
14204,Perú,—,Bronce,True,False,True,2,1,307.0,9,0,9,True
14205,Colombia,Pereira,Bronce,True,False,False,0,0,0.0,61,6,7,True
14206,Colombia,Otras ciudades,Bronce,True,False,True,2,1,570.0,50,10,10,False
14207,Colombia,Bogotá D.C.,Bronce,True,False,True,4,2,976.0,11,15,6,False
14208,México,—,Bronce,False,False,True,1,0,0.0,13,3,7,True
14209,Colombia,Bogotá D.C.,Bronce,True,False,True,0,0,0.0,21,17,10,False
14210,Colombia,Villavicencio,Bronce,True,False,False,1,0,0.0,3,3,9,True
14211,Ecuador,—,Bronce,False,False,True,2,1,374.0,108,2,4,True
14212,Colombia,Cali,Bronce,True,False,False,0,0,0.0,58,1,7,True
14213,Ecuador,—,Bronce,True,False,False,0,0,0.0,39,4,7,True
14214,Ecuador,—,Bronce,False,False,True,2,1,643.0,3,1,2,True
14215,Perú,—,Bronce,False,False,True,1,0,0.0,42,6,3,True
14216,Ecuador,—,Bronce,True,True,True,1,0,0.0,51,10,10,False
14217,Colombia,Ibagué,Bronce,True,False,False,0,0,0.0,24,3,6,True
14218,México,—,Bronce,False,True,True,2,1,535.0,89,8,8,False
14219,Colombia,Cartagena,Bronce,False,False,True,5,3,1445.0,97,2,5,True
14220,Colombia,Cali,Bronce,False,True,True,0,0,0.0,10,5,6,True
14221,Colombia,Bogotá D.C.,Bronce,True,False,False,2,1,320.0,43,11,5,False
14222,Colombia,Ibagué,Bronce,False,False,True,2,1,447.0,20,2,7,True
14223,Colombia,Otras ciudades,Bronce,True,False,True,0,0,0.0,39,4,10,True
14224,Colombia,Cali,Plata,True,True,True,10,8,3193.0,23,3,10,True
14225,México,—,Bronce,False,False,True,2,1,408.0,13,14,10,False
14226,Colombia,Bogotá D.C.,Bronce,False,True,True,2,1,691.0,53,9,8,False
14227,Colombia,Bucaramanga,Bronce,False,False,True,5,3,1752.0,22,2,6,True
14228,México,—,Plata,True,True,True,24,18,9361.0,18,4,4,True
14229,Uruguay,—,Bronce,True,False,False,1,0,0.0,33,1,5,True
14230,Colombia,Cali,Bronce,False,False,False,3,2,588.0,20,6,9,True
14231,Colombia,Bogotá D.C.,Bronce,False,True,True,6,4,1987.0,17,9,7,False
14232,Chile,—,Bronce,True,True,True,4,2,645.0,54,0,6,True
14233,México,—,Bronce,False,False,True,5,3,1436.0,2,1,6,True
14234,Colombia,Cartagena,Bronce,False,False,True,0,0,0.0,8,2,9,True
14235,México,—,Bronce,False,False,True,1,0,0.0,15,0,10,True
14236,México,—,Bronce,False,True,False,2,1,634.0,19,1,6,True
14237,Colombia,Pereira,Bronce,True,True,True,6,4,1664.0,22,11,7,False
14238,Perú,—,Bronce,False,True,True,0,0,0.0,26,0,9,True
14239,México,—,Bronce,False,True,True,3,2,909.0,27,3,10,True
14240,Colombia,Ibagué,Bronce,False,True,True,0,0,0.0,62,12,10,False
14241,Colombia,Bogotá D.C.,Bronce,False,False,False,4,3,1181.0,35,8,8,False
14242,Chile,—,Bronce,False,False,False,6,4,2776.0,12,0,10,True
14243,Colombia,Medellín,Bronce,False,True,True,1,0,0.0,10,4,4,True
14244,Uruguay,—,Bronce,True,False,True,0,0,0.0,20,5,6,True
14245,Colombia,Bogotá D.C.,Bronce,False,False,True,2,1,343.0,24,1,6,True
14246,Uruguay,—,Plata,False,False,True,8,6,2835.0,36,12,7,False
14247,Colombia,Cali,Bronce,True,True,True,4,3,1270.0,33,0,8,True
14248,Chile,—,Bronce,False,False,True,6,5,2255.0,9,8,7,False
14249,Colombia,Cali,Bronce,False,True,True,1,0,0.0,58,6,6,True
14250,Colombia,Otras ciudades,Bronce,False,False,True,2,1,492.0,43,4,9,True
14251,Colombia,Manizales,Bronce,True,False,True,2,1,609.0,42,0,4,True
14252,Colombia,Villavicencio,Plata,False,True,True,20,15,9915.0,53,4,5,True
14253,Perú,—,Bronce,False,False,True,6,4,2055.0,67,3,7,True
14254,México,—,Bronce,False,False,False,0,0,0.0,41,9,8,False
14255,Perú,—,Bronce,True,True,True,1,0,0.0,19,2,9,True
14256,Colombia,Bogotá D.C.,Plata,False,False,True,15,13,5755.0,49,3,8,True
14257,Colombia,Barranquilla,Bronce,False,True,False,1,0,0.0,28,8,7,False
14258,México,—,Bronce,False,True,False,0,0,0.0,29,3,8,True
14259,Ecuador,—,Bronce,False,True,True,1,0,0.0,28,8,9,False
14260,México,—,Bronce,False,False,True,0,0,0.0,5,7,8,False
14261,Uruguay,—,Bronce,False,False,True,1,0,0.0,53,4,9,True
14262,Colombia,Villavicencio,Bronce,False,False,True,5,3,1122.0,36,13,5,False
14263,Colombia,Neiva,Bronce,False,True,True,0,0,0.0,19,14,6,False
14264,México,—,Bronce,False,False,True,0,0,0.0,13,0,8,True
14265,Colombia,Pereira,Plata,True,False,False,19,13,4338.0,68,11,7,False
14266,Colombia,Bogotá D.C.,Bronce,False,False,True,0,0,0.0,27,4,9,True
14267,Colombia,Bogotá D.C.,Bronce,True,False,True,0,0,0.0,48,13,8,False
14268,Ecuador,—,Bronce,False,False,True,0,0,0.0,13,6,4,True
14269,Colombia,Villavicencio,Bronce,False,False,True,4,3,1235.0,1,2,10,True
14270,Colombia,Otras ciudades,Plata,False,False,True,24,14,6346.0,31,1,7,True
14271,Colombia,Bogotá D.C.,Bronce,False,True,True,0,0,0.0,12,2,8,True
14272,Colombia,Cali,Bronce,False,False,True,3,2,912.0,51,3,10,True
14273,Colombia,Cali,Bronce,True,False,False,0,0,0.0,23,0,5,True
14274,Perú,—,Bronce,True,False,True,3,2,840.0,8,2,10,True
14275,Perú,—,Bronce,True,True,False,3,1,431.0,4,2,8,True
14276,Colombia,Medellín,Plata,False,False,True,20,11,5313.0,33,7,10,False
14277,Perú,—,Bronce,True,True,True,0,0,0.0,22,5,5,True
14278,Ecuador,—,Bronce,True,False,True,4,2,962.0,10,10,5,False
14279,Colombia,Bogotá D.C.,Bronce,False,False,True,7,6,3715.0,3,12,9,False
14280,Colombia,Popayán,Bronce,False,False,True,1,0,0.0,10,6,5,True
14281,Colombia,Bogotá D.C.,Bronce,True,False,True,1,0,0.0,19,13,4,False
14282,Colombia,Bogotá D.C.,Bronce,True,False,True,1,0,0.0,16,6,10,True
14283,Colombia,Bogotá D.C.,Bronce,True,False,True,1,0,0.0,30,14,5,False
14284,México,—,Bronce,False,False,True,1,0,0.0,30,3,9,True
14285,Colombia,Cúcuta,Bronce,True,True,True,0,0,0.0,15,6,10,True
14286,Colombia,Barranquilla,Bronce,True,False,True,1,0,0.0,23,4,10,True
14287,Colombia,Ibagué,Bronce,False,False,True,1,0,0.0,16,8,8,False
14288,Colombia,Bucaramanga,Bronce,False,False,True,2,1,562.0,8,7,10,False
14289,Ecuador,—,Bronce,False,False,True,3,2,1112.0,22,9,10,False
14290,Ecuador,—,Bronce,False,False,True,1,0,0.0,59,4,8,True
14291,Colombia,Otras ciudades,Bronce,True,False,True,2,1,584.0,4,3,10,True
14292,Colombia,Cali,Bronce,True,False,True,1,0,0.0,33,2,7,True
14293,Colombia,Bogotá D.C.,Bronce,False,False,True,2,1,596.0,16,3,7,True
14294,Colombia,Montería,Bronce,True,False,True,3,2,895.0,40,4,7,True
14295,México,—,Bronce,True,True,True,1,0,0.0,21,0,8,True
14296,Perú,—,Bronce,False,False,False,6,5,3110.0,63,3,6,True
14297,Colombia,Bucaramanga,Plata,False,False,True,19,17,10667.0,24,1,9,True
14298,Colombia,Cartagena,Bronce,True,False,True,0,0,0.0,2,1,9,True
14299,Colombia,Bucaramanga,Bronce,False,False,True,3,1,473.0,26,0,9,True
14300,Colombia,Bogotá D.C.,Plata,False,False,True,11,8,4678.0,3,2,6,True
14301,Perú,—,Bronce,True,False,False,2,1,483.0,24,1,8,True
14302,Colombia,Montería,Bronce,True,False,True,6,4,2548.0,41,5,10,True
14303,Colombia,Armenia,Bronce,False,False,True,0,0,0.0,26,2,8,True
14304,Uruguay,—,Platino,False,False,True,98,84,32782.0,14,14,6,False
14305,Colombia,Cúcuta,Bronce,False,False,True,0,0,0.0,11,7,9,False
14306,Colombia,Barranquilla,Bronce,True,False,False,0,0,0.0,26,8,9,False
14307,Chile,—,Bronce,True,False,True,0,0,0.0,35,2,7,True
14308,Colombia,Barranquilla,Bronce,False,True,True,0,0,0.0,6,6,5,True
14309,Chile,—,Bronce,False,True,True,3,2,828.0,12,11,6,False
14310,Uruguay,—,Bronce,False,False,True,0,0,0.0,9,8,10,False
14311,Colombia,Bogotá D.C.,Bronce,False,False,True,0,0,0.0,10,17,7,False
14312,Colombia,Villavicencio,Bronce,False,False,True,0,0,0.0,15,14,9,False
14313,Colombia,Bogotá D.C.,Platino,True,True,True,70,64,51911.0,24,12,10,False
14314,Colombia,Ibagué,Platino,False,False,True,99,65,35665.0,61,1,10,True
14315,Colombia,Cali,Bronce,False,False,True,0,0,0.0,68,5,7,True
14316,Colombia,Cartagena,Bronce,False,True,False,0,0,0.0,77,4,9,True
14317,Colombia,Bogotá D.C.,Bronce,False,False,False,0,0,0.0,14,2,7,True
14318,México,—,Plata,False,True,True,9,6,3767.0,26,0,1,True
14319,Colombia,Otras ciudades,Bronce,False,False,False,3,2,1038.0,6,9,10,False
14320,México,—,Bronce,False,False,False,2,1,465.0,23,3,7,True
14321,Colombia,Neiva,Bronce,False,False,True,1,0,0.0,20,14,9,False
14322,Perú,—,Bronce,False,False,True,1,0,0.0,16,7,7,False
14323,Colombia,Cali,Bronce,False,True,True,0,0,0.0,22,7,8,False
14324,Perú,—,Plata,True,False,True,21,19,9570.0,26,0,7,True
14325,Colombia,Cali,Plata,False,False,True,11,8,4365.0,30,13,8,False
14326,México,—,Bronce,False,False,True,2,1,623.0,57,12,8,False
14327,Colombia,Cúcuta,Bronce,False,False,False,1,0,0.0,24,12,10,False
14328,Colombia,Barranquilla,Bronce,False,False,True,0,0,0.0,39,10,9,False
14329,Perú,—,Bronce,False,True,True,0,0,0.0,13,1,6,True
14330,Colombia,Armenia,Oro,True,True,True,32,27,10728.0,40,3,6,True
14331,Colombia,Pasto,Bronce,True,True,False,0,0,0.0,63,4,7,True
14332,Colombia,Cartagena,Bronce,True,False,True,0,0,0.0,18,10,10,False
14333,Ecuador,—,Bronce,True,True,True,5,3,1516.0,41,8,6,False
14334,Ecuador,—,Bronce,True,True,True,1,0,0.0,39,16,9,False
14335,Colombia,Pereira,Bronce,False,True,False,4,2,1263.0,11,1,10,True
14336,Colombia,Manizales,Bronce,True,False,True,0,0,0.0,21,3,9,True
14337,Colombia,Medellín,Bronce,False,True,True,0,0,0.0,49,3,7,True
14338,México,—,Bronce,False,False,False,0,0,0.0,9,13,7,False
14339,Colombia,Medellín,Bronce,False,False,True,5,4,2162.0,31,5,7,True
14340,Perú,—,Bronce,False,False,True,1,0,0.0,39,13,7,False
14341,Colombia,Medellín,Bronce,False,False,True,0,0,0.0,45,10,7,False
14342,Colombia,Pereira,Oro,True,True,True,37,23,12516.0,28,2,6,True
14343,Colombia,Bogotá D.C.,Bronce,True,False,True,1,0,0.0,18,1,5,True
14344,Colombia,Cali,Bronce,False,False,True,0,0,0.0,1,1,8,True
14345,Perú,—,Bronce,False,False,True,2,1,482.0,23,3,10,True
14346,Colombia,Bogotá D.C.,Bronce,False,True,True,0,0,0.0,25,6,10,True
14347,Colombia,Cartagena,Plata,True,True,False,9,5,2286.0,9,0,8,True
14348,México,—,Plata,False,False,True,8,6,2069.0,4,5,3,True
14349,Colombia,Barranquilla,Bronce,False,False,True,2,1,643.0,4,7,5,False
14350,Colombia,Otras ciudades,Bronce,True,False,True,1,0,0.0,25,9,9,False
14351,Colombia,Cartagena,Bronce,False,False,True,3,2,672.0,3,5,10,True
14352,Colombia,Villavicencio,Bronce,False,False,True,1,0,0.0,37,5,10,True
14353,Perú,—,Bronce,True,True,False,1,0,0.0,87,4,7,True
14354,Colombia,Bogotá D.C.,Bronce,False,False,False,0,0,0.0,17,7,4,False
14355,México,—,Bronce,False,False,True,0,0,0.0,5,1,8,True
14356,Colombia,Bogotá D.C.,Bronce,False,False,True,2,1,548.0,98,8,9,False
14357,Ecuador,—,Bronce,False,False,False,1,0,0.0,42,3,3,True
14358,Perú,—,Bronce,False,False,True,2,1,532.0,29,11,7,False
14359,Ecuador,—,Bronce,False,False,True,1,0,0.0,68,0,8,True
14360,Colombia,Bogotá D.C.,Plata,True,False,True,8,5,2690.0,15,0,5,True
14361,Ecuador,—,Bronce,True,True,False,0,0,0.0,7,2,6,True
14362,Colombia,Ibagué,Bronce,False,False,False,3,2,758.0,27,1,6,True
14363,Colombia,Medellín,Bronce,True,False,True,7,5,2175.0,25,3,6,True
14364,Colombia,Cúcuta,Oro,False,True,True,26,24,14244.0,14,14,8,False
14365,Colombia,Otras ciudades,Oro,True,True,True,30,17,5192.0,16,6,10,True
14366,México,—,Bronce,True,True,True,0,0,0.0,53,1,9,True
14367,Colombia,Medellín,Bronce,True,True,True,3,1,463.0,7,9,6,False
14368,Colombia,Villavicencio,Plata,True,False,True,15,11,4900.0,33,13,8,False
14369,México,—,Bronce,False,False,True,2,1,876.0,29,2,6,True
14370,Colombia,Bucaramanga,Bronce,False,False,False,0,0,0.0,94,1,7,True
14371,Colombia,Pereira,Bronce,False,True,True,0,0,0.0,22,5,6,True
14372,Colombia,Manizales,Bronce,True,True,True,1,0,0.0,100,7,8,False
14373,Ecuador,—,Plata,False,True,True,9,7,3838.0,19,9,9,False
14374,Colombia,Bogotá D.C.,Bronce,False,False,True,4,2,652.0,30,13,6,False
14375,Ecuador,—,Bronce,False,False,True,5,3,1398.0,42,13,8,False
14376,Ecuador,—,Plata,False,False,True,11,7,2400.0,26,14,10,False
14377,Colombia,Cúcuta,Bronce,False,False,True,6,4,1973.0,29,12,7,False
14378,Colombia,Bogotá D.C.,Bronce,False,False,True,2,1,512.0,30,1,10,True
14379,Uruguay,—,Bronce,False,False,False,5,3,1633.0,5,3,7,True
14380,Ecuador,—,Bronce,False,False,True,2,1,584.0,20,2,3,True
14381,Chile,—,Bronce,True,False,True,0,0,0.0,23,11,8,False
14382,Colombia,Medellín,Plata,True,False,True,17,12,6471.0,49,20,8,False
14383,Colombia,Cali,Bronce,True,True,True,2,1,431.0,17,6,3,True
14384,Ecuador,—,Bronce,True,True,True,3,2,1321.0,5,15,8,False
14385,Colombia,Bogotá D.C.,Platino,True,True,True,142,85,41555.0,17,17,9,False
14386,Ecuador,—,Bronce,False,False,True,4,2,1421.0,2,8,5,False
14387,Ecuador,—,Bronce,False,False,True,1,0,0.0,15,9,5,False
14388,Colombia,Medellín,Bronce,True,False,True,5,4,2607.0,14,5,4,True
14389,Colombia,Bogotá D.C.,Bronce,False,True,True,2,1,519.0,12,0,9,True
14390,Colombia,Neiva,Bronce,False,True,True,1,0,0.0,9,6,4,True
14391,Colombia,Cali,Bronce,False,False,False,1,0,0.0,6,2,6,True
14392,México,—,Bronce,True,False,False,7,4,1602.0,25,5,4,True
14393,Uruguay,—,Bronce,False,False,True,0,0,0.0,54,0,9,True
14394,Colombia,Ibagué,Bronce,False,True,False,0,0,0.0,47,5,6,True
14395,Colombia,Bogotá D.C.,Bronce,True,False,True,6,5,1598.0,27,10,6,False
14396,Colombia,Bogotá D.C.,Bronce,True,False,True,1,0,0.0,31,17,5,False
14397,Colombia,Cali,Bronce,False,False,False,0,0,0.0,7,3,6,True
14398,Colombia,Sincelejo,Bronce,False,True,True,0,0,0.0,22,11,6,False
14399,Colombia,Bogotá D.C.,Bronce,False,False,True,3,2,782.0,26,6,9,True
14400,Colombia,Bogotá D.C.,Bronce,False,True,True,2,1,546.0,6,2,8,True
14401,México,—,Bronce,False,True,True,1,0,0.0,9,3,5,True
14402,México,—,Bronce,True,False,True,0,0,0.0,2,7,8,False
14403,México,—,Bronce,True,False,True,0,0,0.0,31,9,8,False
14404,Colombia,Medellín,Plata,False,True,True,18,16,9907.0,38,5,10,True
14405,Colombia,Bogotá D.C.,Bronce,False,False,True,0,0,0.0,16,22,10,False
14406,Chile,—,Bronce,False,True,False,5,3,1658.0,47,2,3,True
14407,Colombia,Cartagena,Bronce,True,False,True,6,5,1745.0,52,5,6,True
14408,México,—,Bronce,False,False,True,1,0,0.0,35,4,10,True
14409,Colombia,Cartagena,Bronce,False,True,True,0,0,0.0,19,32,8,False
14410,México,—,Bronce,False,False,True,1,0,0.0,33,2,3,True
14411,Colombia,Bogotá D.C.,Bronce,False,False,False,0,0,0.0,19,8,9,False
14412,Uruguay,—,Bronce,False,False,False,0,0,0.0,11,1,6,True
14413,México,—,Bronce,False,True,True,0,0,0.0,13,4,8,True
14414,Uruguay,—,Bronce,True,False,True,3,2,763.0,59,15,7,False
14415,Colombia,Bogotá D.C.,Bronce,False,False,True,0,0,0.0,1,1,10,True
14416,Colombia,Bogotá D.C.,Plata,False,True,True,12,9,3262.0,8,6,10,True
14417,Colombia,Bogotá D.C.,Bronce,False,False,True,3,2,1411.0,29,1,9,True
14418,Colombia,Ibagué,Bronce,True,False,True,5,3,1872.0,46,3,10,True
14419,México,—,Bronce,False,True,True,1,0,0.0,75,5,6,True
14420,Ecuador,—,Bronce,False,True,False,0,0,0.0,39,1,5,True
14421,Colombia,Bogotá D.C.,Bronce,False,False,True,0,0,0.0,18,16,8,False
14422,Ecuador,—,Bronce,False,False,False,2,1,496.0,22,5,8,True
14423,Colombia,Barranquilla,Bronce,False,False,False,3,2,675.0,8,0,2,True
14424,Colombia,Medellín,Bronce,True,False,True,1,0,0.0,9,4,10,True
14425,Perú,—,Bronce,False,False,True,3,2,811.0,61,0,6,True
14426,Colombia,Medellín,Bronce,False,False,True,2,1,385.0,29,3,4,True
14427,Colombia,Barranquilla,Bronce,False,False,True,1,0,0.0,68,10,10,False
14428,México,—,Bronce,True,False,True,1,0,0.0,49,12,8,False
14429,Ecuador,—,Bronce,True,False,False,0,0,0.0,19,8,3,False
14430,Colombia,Barranquilla,Bronce,True,True,True,1,0,0.0,7,6,8,True
14431,Colombia,Barranquilla,Bronce,False,False,False,4,2,618.0,50,1,4,True
14432,Colombia,Bogotá D.C.,Bronce,False,True,True,1,0,0.0,64,6,10,True
14433,Colombia,Bogotá D.C.,Bronce,True,False,True,0,0,0.0,7,2,10,True
14434,México,—,Bronce,False,False,False,0,0,0.0,18,2,7,True
14435,Uruguay,—,Bronce,True,False,True,0,0,0.0,3,10,7,False
14436,Colombia,Santa Marta,Bronce,False,False,True,0,0,0.0,180,7,6,False
14437,México,—,Bronce,False,True,True,0,0,0.0,14,5,8,True
14438,Colombia,Medellín,Bronce,False,False,True,1,0,0.0,8,7,6,False
14439,Colombia,Barranquilla,Bronce,True,False,True,5,3,1783.0,12,17,6,False
14440,Colombia,Otras ciudades,Bronce,True,False,True,0,0,0.0,17,3,9,True
14441,México,—,Bronce,True,False,True,3,2,1003.0,37,6,6,True
14442,Colombia,Barranquilla,Bronce,False,True,True,7,6,2311.0,53,4,7,True
14443,Colombia,Bogotá D.C.,Bronce,False,True,True,6,3,1660.0,4,1,9,True
14444,Colombia,Cali,Bronce,True,False,True,1,0,0.0,31,5,8,True
14445,Colombia,Otras ciudades,Plata,False,False,False,13,8,3278.0,35,3,5,True
14446,México,—,Plata,True,False,True,10,6,4630.0,42,7,6,False
14447,Perú,—,Bronce,False,False,True,0,0,0.0,30,2,8,True
14448,Colombia,Otras ciudades,Bronce,False,True,True,0,0,0.0,8,0,6,True
14449,Colombia,Bogotá D.C.,Bronce,False,True,True,0,0,0.0,76,9,7,False
14450,México,—,Bronce,False,False,True,0,0,0.0,18,0,9,True
14451,Colombia,Otras ciudades,Bronce,True,False,True,3,2,903.0,14,5,7,True
14452,Colombia,Barranquilla,Bronce,True,True,True,2,1,552.0,54,4,6,True
14453,Colombia,Barranquilla,Plata,False,False,True,12,10,4224.0,41,2,5,True
14454,Colombia,Cali,Bronce,False,False,True,0,0,0.0,30,9,10,False
14455,Colombia,Pereira,Bronce,True,False,True,0,0,0.0,3,12,6,False
14456,Colombia,Medellín,Bronce,False,True,True,0,0,0.0,39,15,9,False
14457,Colombia,Bucaramanga,Bronce,True,True,True,0,0,0.0,26,12,9,False
14458,Colombia,Neiva,Plata,True,True,False,23,19,10318.0,18,6,7,True
14459,Colombia,Medellín,Bronce,False,False,True,1,0,0.0,5,8,7,False
14460,Colombia,Bogotá D.C.,Bronce,False,False,True,0,0,0.0,33,2,5,True
14461,Colombia,Medellín,Bronce,True,False,True,7,4,2192.0,12,1,10,True
14462,Colombia,Bogotá D.C.,Bronce,True,False,True,1,0,0.0,20,7,7,False
14463,Colombia,Ibagué,Bronce,False,False,False,0,0,0.0,10,4,10,True
14464,Ecuador,—,Bronce,True,False,True,1,0,0.0,16,11,6,False
14465,Colombia,Bucaramanga,Bronce,True,True,True,1,0,0.0,16,21,9,False
14466,Colombia,Bogotá D.C.,Bronce,True,True,True,1,0,0.0,24,8,8,False
14467,México,—,Bronce,True,False,False,1,0,0.0,111,3,6,True
14468,México,—,Bronce,True,False,True,0,0,0.0,4,5,10,True
14469,Colombia,Santa Marta,Bronce,True,True,True,3,2,1120.0,31,4,6,True
14470,México,—,Bronce,False,False,True,0,0,0.0,34,11,10,False
14471,Colombia,Bogotá D.C.,Bronce,False,True,True,1,0,0.0,10,7,8,False
14472,Colombia,Ibagué,Bronce,True,True,False,1,0,0.0,5,23,9,False
14473,México,—,Bronce,True,False,True,0,0,0.0,17,3,5,True
14474,Colombia,Cali,Bronce,True,False,True,0,0,0.0,15,9,9,False
14475,Colombia,Bogotá D.C.,Bronce,True,False,True,0,0,0.0,9,3,6,True
14476,Chile,—,Bronce,False,False,True,3,2,841.0,60,6,5,True
14477,Perú,—,Bronce,True,False,True,1,0,0.0,15,5,8,True
14478,Colombia,Bogotá D.C.,Bronce,False,False,False,2,1,378.0,51,9,6,False
14479,Chile,—,Bronce,False,True,True,6,3,705.0,13,24,9,False
14480,México,—,Bronce,False,True,True,6,5,2346.0,29,4,10,True
14481,México,—,Bronce,False,False,False,1,0,0.0,44,9,3,False
14482,Colombia,Medellín,Bronce,True,False,True,1,0,0.0,33,1,10,True
14483,Colombia,Otras ciudades,Bronce,False,True,True,1,0,0.0,6,4,9,True
14484,Colombia,Medellín,Bronce,True,False,True,0,0,0.0,20,3,8,True
14485,Colombia,Medellín,Bronce,False,False,True,0,0,0.0,16,4,6,True
14486,Colombia,Villavicencio,Bronce,False,True,True,5,3,1602.0,23,20,8,False
14487,Colombia,Bogotá D.C.,Bronce,True,False,True,3,2,961.0,11,3,10,True
14488,Perú,—,Bronce,False,False,True,0,0,0.0,9,0,10,True
14489,Colombia,Pasto,Bronce,True,False,True,1,0,0.0,78,5,6,True
14490,Colombia,Bogotá D.C.,Bronce,False,True,True,7,4,2666.0,16,5,6,True
14491,México,—,Bronce,False,False,True,0,0,0.0,53,7,6,False
14492,Colombia,Cali,Bronce,False,False,True,1,0,0.0,3,7,4,False
14493,Ecuador,—,Bronce,False,False,True,0,0,0.0,35,3,6,True
14494,Colombia,Montería,Bronce,False,False,True,0,0,0.0,25,1,9,True
14495,Colombia,Bogotá D.C.,Bronce,True,False,True,0,0,0.0,3,10,4,False
14496,Colombia,Medellín,Bronce,False,False,True,0,0,0.0,32,7,10,False
14497,México,—,Bronce,False,False,True,0,0,0.0,24,16,9,False
14498,Colombia,Barranquilla,Bronce,False,True,True,0,0,0.0,25,1,10,True
14499,Colombia,Barranquilla,Plata,True,True,True,19,16,8114.0,32,5,8,True
14500,México,—,Bronce,True,False,True,5,3,1337.0,13,16,10,False
14501,Colombia,Bucaramanga,Bronce,False,False,True,0,0,0.0,18,9,7,False
14502,Colombia,Otras ciudades,Bronce,False,False,True,4,3,1364.0,104,9,10,False
14503,Colombia,Bogotá D.C.,Bronce,True,False,False,1,0,0.0,5,6,10,True
14504,Colombia,Cali,Bronce,False,True,True,0,0,0.0,51,5,7,True
14505,Colombia,Cartagena,Bronce,False,True,True,5,4,1827.0,16,0,7,True
14506,Colombia,Barranquilla,Plata,True,False,True,11,9,3750.0,3,1,8,True
14507,México,—,Bronce,False,False,True,0,0,0.0,45,2,8,True
14508,Colombia,Cúcuta,Bronce,False,False,True,0,0,0.0,31,3,7,True
14509,Colombia,Otras ciudades,Bronce,False,False,True,1,0,0.0,36,3,6,True
14510,Colombia,Bogotá D.C.,Bronce,False,False,True,1,0,0.0,10,8,10,False
14511,Colombia,Bogotá D.C.,Plata,True,False,True,12,8,3487.0,25,3,9,True
14512,Colombia,Barranquilla,Bronce,False,False,True,1,0,0.0,85,7,7,False
14513,Colombia,Barranquilla,Bronce,False,False,True,0,0,0.0,28,12,5,False
14514,Colombia,Otras ciudades,Bronce,True,True,True,0,0,0.0,89,0,6,True
14515,Colombia,Bogotá D.C.,Bronce,False,False,False,2,1,429.0,11,16,9,False
14516,Perú,—,Bronce,False,False,True,0,0,0.0,19,2,4,True
14517,México,—,Bronce,True,False,True,1,0,0.0,14,1,7,True
14518,Perú,—,Bronce,False,False,True,5,4,1818.0,20,2,10,True
14519,Colombia,Medellín,Bronce,True,False,True,1,0,0.0,20,12,7,False
14520,Colombia,Otras ciudades,Bronce,False,True,True,2,1,477.0,25,2,5,True
14521,Colombia,Cali,Bronce,False,False,True,0,0,0.0,50,16,6,False
14522,Colombia,Bogotá D.C.,Bronce,False,False,True,1,0,0.0,38,8,5,False
14523,Colombia,Bogotá D.C.,Oro,True,False,True,30,21,11808.0,16,5,6,True
14524,Colombia,Pereira,Bronce,False,False,True,1,0,0.0,48,3,3,True
14525,Colombia,Bogotá D.C.,Bronce,False,False,True,0,0,0.0,51,9,9,False
14526,México,—,Bronce,False,False,True,0,0,0.0,15,1,9,True
14527,Colombia,Villavicencio,Bronce,False,True,False,1,0,0.0,24,2,7,True
14528,Colombia,Medellín,Bronce,False,False,True,1,0,0.0,38,8,8,False
14529,México,—,Bronce,False,False,True,1,0,0.0,39,8,8,False
14530,Colombia,Bogotá D.C.,Bronce,False,False,True,6,3,1007.0,21,9,4,False
14531,Ecuador,—,Bronce,False,True,True,3,2,1237.0,8,3,7,True
14532,Perú,—,Bronce,False,False,True,1,0,0.0,18,7,5,False
14533,Perú,—,Bronce,False,False,True,1,0,0.0,25,2,8,True
14534,México,—,Plata,False,False,True,10,6,2732.0,16,1,6,True
14535,Colombia,Santa Marta,Bronce,True,True,True,3,1,297.0,49,2,4,True
14536,México,—,Bronce,False,True,True,1,0,0.0,51,15,8,False
14537,México,—,Platino,False,True,True,88,80,53257.0,29,11,7,False
14538,Colombia,Medellín,Bronce,False,False,True,1,0,0.0,25,10,6,False
14539,Colombia,Bogotá D.C.,Bronce,True,False,False,0,0,0.0,8,2,6,True
14540,Ecuador,—,Bronce,True,False,True,2,1,267.0,11,6,8,True
14541,México,—,Bronce,False,False,True,0,0,0.0,42,4,5,True
14542,Colombia,Bogotá D.C.,Bronce,False,False,True,0,0,0.0,24,7,6,False
14543,Colombia,Medellín,Oro,False,False,True,26,22,13879.0,37,23,9,False
14544,Colombia,Medellín,Bronce,False,False,True,5,4,1977.0,4,5,5,True
14545,Colombia,Ibagué,Bronce,True,False,True,0,0,0.0,34,2,6,True
14546,Uruguay,—,Bronce,False,False,True,0,0,0.0,6,10,6,False
14547,Colombia,Ibagué,Bronce,True,False,True,0,0,0.0,21,11,9,False
14548,Colombia,Manizales,Bronce,True,True,False,1,0,0.0,9,4,5,True
14549,Colombia,Medellín,Bronce,True,True,False,3,2,1236.0,6,3,6,True
14550,México,—,Bronce,True,False,True,0,0,0.0,10,4,9,True
14551,Ecuador,—,Bronce,False,False,True,0,0,0.0,61,9,6,False
14552,Colombia,Barranquilla,Bronce,True,False,True,2,1,666.0,23,14,8,False
14553,Colombia,Barranquilla,Bronce,True,False,True,6,4,2316.0,29,2,5,True
14554,Colombia,Barranquilla,Bronce,False,False,True,0,0,0.0,21,3,8,True
14555,Colombia,Armenia,Bronce,False,False,True,0,0,0.0,39,15,10,False
14556,Ecuador,—,Bronce,True,False,False,0,0,0.0,36,3,10,True
14557,Colombia,Villavicencio,Bronce,False,False,True,0,0,0.0,22,14,6,False
14558,Colombia,Cúcuta,Bronce,False,False,True,0,0,0.0,31,3,10,True
14559,Ecuador,—,Bronce,True,False,True,0,0,0.0,35,2,10,True
14560,México,—,Bronce,False,False,True,0,0,0.0,12,32,10,False
14561,Colombia,Bogotá D.C.,Bronce,True,False,True,2,1,433.0,30,11,7,False
14562,Colombia,Bucaramanga,Bronce,False,False,True,0,0,0.0,20,3,9,True
14563,Colombia,Cartagena,Bronce,False,False,True,6,5,3313.0,25,7,5,False
14564,Colombia,Medellín,Plata,False,False,True,10,8,2884.0,30,4,10,True
14565,México,—,Bronce,False,True,True,0,0,0.0,22,9,8,False
14566,México,—,Bronce,False,True,True,0,0,0.0,18,1,7,True
14567,Colombia,Otras ciudades,Bronce,False,False,True,3,2,956.0,18,7,8,False
14568,México,—,Bronce,False,False,True,2,1,568.0,72,0,4,True
14569,Colombia,Bucaramanga,Bronce,False,False,True,1,0,0.0,7,2,5,True
14570,Colombia,Barranquilla,Bronce,False,False,True,1,0,0.0,40,3,8,True
14571,Colombia,Cartagena,Bronce,False,True,True,6,4,1551.0,10,9,8,False
14572,Colombia,Barranquilla,Bronce,True,True,True,5,3,1134.0,66,2,10,True
14573,México,—,Bronce,True,False,True,3,2,1318.0,17,8,3,False
14574,Colombia,Medellín,Bronce,True,False,True,0,0,0.0,92,3,8,True
14575,Colombia,Medellín,Bronce,False,False,False,5,4,1704.0,52,0,8,True
14576,Perú,—,Bronce,False,True,True,5,4,2239.0,1,21,8,False
14577,Colombia,Bogotá D.C.,Bronce,False,False,True,0,0,0.0,2,20,8,False
14578,Colombia,Cali,Plata,False,False,True,8,6,3692.0,30,8,9,False
14579,Ecuador,—,Bronce,False,False,True,2,1,764.0,30,1,6,True
14580,Perú,—,Plata,False,True,True,13,8,5617.0,18,9,8,False
14581,Colombia,Armenia,Bronce,False,True,True,3,2,1568.0,34,13,8,False
14582,México,—,Platino,True,False,False,62,58,27886.0,16,4,6,True
14583,Colombia,Ibagué,Plata,True,True,True,8,7,3387.0,28,3,8,True
14584,Perú,—,Bronce,False,True,True,0,0,0.0,59,7,6,False
14585,Ecuador,—,Bronce,False,True,True,1,0,0.0,9,4,6,True
14586,Colombia,Pereira,Bronce,False,False,True,2,1,391.0,23,11,8,False
14587,Colombia,Pasto,Oro,False,False,True,38,33,13385.0,30,2,5,True
14588,Colombia,Bogotá D.C.,Bronce,False,True,True,0,0,0.0,39,0,7,True
14589,Uruguay,—,Bronce,True,False,True,1,0,0.0,40,1,8,True
14590,México,—,Plata,True,False,True,8,7,4249.0,52,0,8,True
14591,Uruguay,—,Bronce,True,False,True,3,2,1172.0,6,10,6,False
14592,Colombia,Bucaramanga,Bronce,True,False,False,1,0,0.0,13,5,9,True
14593,México,—,Bronce,False,True,False,0,0,0.0,22,3,9,True
14594,Colombia,Pasto,Plata,True,False,True,14,9,3536.0,57,2,10,True
14595,Colombia,Barranquilla,Bronce,False,False,True,4,2,1120.0,5,0,6,True
14596,Colombia,Otras ciudades,Bronce,True,False,True,0,0,0.0,38,0,3,True
14597,Colombia,Cali,Bronce,True,True,True,1,0,0.0,9,12,7,False
14598,Colombia,Pereira,Bronce,False,False,True,6,5,3222.0,38,9,8,False
14599,Ecuador,—,Bronce,False,False,True,2,1,497.0,10,14,6,False
14600,Colombia,Cartagena,Oro,False,True,True,25,17,5684.0,20,2,4,True
14601,Colombia,Bogotá D.C.,Bronce,False,False,True,6,3,2015.0,16,0,8,True
14602,México,—,Bronce,True,False,True,0,0,0.0,84,1,0,True
14603,Colombia,Santa Marta,Bronce,True,False,True,2,1,677.0,20,13,9,False
14604,México,—,Bronce,True,False,False,0,0,0.0,62,6,8,True
14605,México,—,Bronce,False,False,True,3,2,623.0,41,9,10,False
14606,Colombia,Medellín,Bronce,False,False,True,1,0,0.0,71,5,6,True
14607,Colombia,Medellín,Bronce,True,False,True,1,0,0.0,15,3,7,True
14608,Colombia,Medellín,Bronce,True,False,True,1,0,0.0,11,1,7,True
14609,Colombia,Cartagena,Bronce,False,False,True,1,0,0.0,11,26,10,False
14610,Colombia,Barranquilla,Bronce,False,False,True,3,2,1169.0,21,15,9,False
14611,Uruguay,—,Bronce,True,False,True,0,0,0.0,5,3,7,True
14612,Ecuador,—,Bronce,False,True,False,0,0,0.0,3,3,5,True
14613,Colombia,Valledupar,Plata,False,False,True,14,12,7619.0,40,2,8,True
14614,Colombia,Cali,Bronce,False,False,False,1,0,0.0,16,6,10,True
14615,Ecuador,—,Bronce,False,False,True,0,0,0.0,5,2,10,True
14616,Colombia,Bogotá D.C.,Bronce,False,True,True,0,0,0.0,21,3,7,True
14617,Colombia,Santa Marta,Bronce,False,False,True,2,1,587.0,77,5,9,True
14618,Colombia,Cúcuta,Bronce,False,False,True,6,4,2626.0,38,1,8,True
14619,Colombia,Sincelejo,Bronce,False,False,True,2,1,540.0,9,4,8,True
14620,Colombia,Otras ciudades,Bronce,False,False,True,2,1,719.0,5,0,7,True
14621,Colombia,Bogotá D.C.,Bronce,True,True,True,0,0,0.0,53,2,5,True
14622,Colombia,Medellín,Bronce,True,False,True,2,1,444.0,40,6,9,True
14623,México,—,Bronce,True,False,True,0,0,0.0,33,13,6,False
14624,México,—,Bronce,False,False,True,0,0,0.0,32,11,10,False
14625,Colombia,Bogotá D.C.,Bronce,True,False,False,4,2,882.0,61,4,7,True
14626,Colombia,Cali,Bronce,False,False,True,0,0,0.0,31,4,6,True
14627,México,—,Bronce,True,False,True,0,0,0.0,10,5,5,True
14628,Colombia,Medellín,Bronce,True,False,False,0,0,0.0,14,2,8,True
14629,Colombia,Manizales,Bronce,True,True,True,3,2,843.0,13,3,9,True
14630,Colombia,Santa Marta,Plata,False,False,True,11,9,4820.0,69,4,6,True
14631,Colombia,Cali,Bronce,True,False,True,2,1,381.0,14,1,10,True
14632,México,—,Plata,True,False,True,8,6,3458.0,58,6,6,True
14633,Colombia,Cartagena,Bronce,False,False,True,0,0,0.0,23,4,7,True
14634,Colombia,Bogotá D.C.,Bronce,True,False,True,0,0,0.0,55,8,9,False
14635,Colombia,Villavicencio,Bronce,False,False,True,1,0,0.0,16,27,10,False
14636,Colombia,Barranquilla,Oro,True,False,False,32,28,13230.0,6,7,10,False
14637,Colombia,Cartagena,Bronce,False,False,True,1,0,0.0,9,2,9,True
14638,Colombia,Otras ciudades,Bronce,False,True,True,4,2,873.0,18,0,5,True
14639,Colombia,Pasto,Bronce,True,True,True,1,0,0.0,9,4,8,True
14640,Colombia,Bogotá D.C.,Bronce,True,False,True,4,2,994.0,12,5,5,True
14641,Colombia,Medellín,Bronce,False,False,False,2,1,602.0,62,17,10,False
14642,México,—,Plata,True,False,True,14,9,3798.0,7,4,10,True
14643,Colombia,Medellín,Bronce,False,False,True,7,4,1765.0,12,11,6,False
14644,Perú,—,Bronce,True,True,False,1,0,0.0,26,1,7,True
14645,México,—,Bronce,True,True,True,6,5,2582.0,3,13,7,False
14646,Colombia,Cartagena,Bronce,True,False,True,7,5,2984.0,1,8,4,False
14647,Colombia,Bogotá D.C.,Bronce,True,False,True,0,0,0.0,27,3,7,True
14648,Colombia,Pasto,Bronce,False,True,False,5,2,1095.0,19,16,7,False
14649,Uruguay,—,Bronce,True,True,True,3,2,954.0,6,8,6,False
14650,Colombia,Bogotá D.C.,Bronce,False,False,True,1,0,0.0,47,2,8,True
14651,México,—,Bronce,False,False,True,5,4,1847.0,22,0,8,True
14652,Colombia,Valledupar,Bronce,False,False,True,0,0,0.0,44,12,6,False
14653,Colombia,Otras ciudades,Bronce,False,False,True,2,1,385.0,92,3,5,True
14654,Colombia,Manizales,Bronce,False,False,True,0,0,0.0,15,5,7,True
14655,Colombia,Bogotá D.C.,Bronce,False,False,True,4,2,1023.0,26,6,7,True
14656,Colombia,Medellín,Bronce,False,False,True,5,4,1688.0,23,2,7,True
14657,Colombia,Cali,Plata,False,True,True,14,10,4700.0,14,5,4,True
14658,Colombia,Bogotá D.C.,Bronce,False,False,True,2,1,442.0,18,3,9,True
14659,Colombia,Bogotá D.C.,Bronce,True,False,True,0,0,0.0,10,6,6,True
14660,Perú,—,Platino,True,False,True,159,118,87208.0,22,2,4,True
14661,Ecuador,—,Bronce,False,True,True,0,0,0.0,5,3,4,True
14662,Ecuador,—,Bronce,True,False,True,1,0,0.0,11,3,9,True
14663,Perú,—,Plata,True,False,True,11,8,3393.0,13,3,9,True
14664,Colombia,Bogotá D.C.,Bronce,False,True,True,2,1,489.0,24,0,6,True
14665,Colombia,Bogotá D.C.,Plata,False,False,True,12,7,4116.0,6,4,6,True
14666,Ecuador,—,Bronce,True,True,True,0,0,0.0,39,5,9,True
14667,Colombia,Bogotá D.C.,Bronce,True,False,True,2,1,575.0,23,3,9,True
14668,México,—,Bronce,True,True,False,1,0,0.0,15,0,7,True
14669,Colombia,Bogotá D.C.,Bronce,False,False,False,0,0,0.0,80,4,9,True
14670,Colombia,Pereira,Bronce,True,False,True,0,0,0.0,10,3,10,True
14671,Colombia,Cúcuta,Bronce,True,False,True,0,0,0.0,41,13,8,False
14672,Colombia,Manizales,Bronce,False,False,False,1,0,0.0,42,4,9,True
14673,Colombia,Bogotá D.C.,Bronce,True,True,True,5,2,1132.0,16,1,10,True
14674,México,—,Bronce,True,True,False,1,0,0.0,5,19,8,False
14675,Colombia,Barranquilla,Plata,True,False,True,24,20,8500.0,10,2,9,True
14676,México,—,Plata,False,False,True,9,8,4572.0,21,5,7,True
14677,Colombia,Bogotá D.C.,Bronce,False,False,True,2,1,735.0,25,19,7,False
14678,Colombia,Medellín,Bronce,False,False,True,1,0,0.0,30,5,6,True
14679,México,—,Bronce,False,False,True,2,1,552.0,19,4,6,True
14680,Perú,—,Bronce,True,False,False,1,0,0.0,21,6,10,True
14681,Perú,—,Bronce,True,False,True,0,0,0.0,30,3,7,True
14682,Uruguay,—,Bronce,False,False,True,0,0,0.0,6,1,7,True
14683,México,—,Bronce,False,False,False,0,0,0.0,20,3,4,True
14684,Colombia,Bogotá D.C.,Bronce,False,False,True,0,0,0.0,50,8,5,False
14685,Colombia,Cali,Plata,False,False,True,11,6,2962.0,16,1,7,True
14686,Chile,—,Bronce,True,False,True,0,0,0.0,67,14,8,False
14687,Colombia,Otras ciudades,Bronce,True,False,False,5,4,2827.0,28,10,5,False
14688,México,—,Bronce,True,False,False,0,0,0.0,8,5,10,True
14689,Colombia,Villavicencio,Bronce,False,False,True,0,0,0.0,14,15,10,False
14690,México,—,Bronce,True,False,True,0,0,0.0,12,1,9,True
14691,Colombia,Villavicencio,Bronce,False,False,True,4,2,835.0,16,7,7,False
14692,Colombia,Otras ciudades,Bronce,True,False,True,3,2,591.0,22,9,5,False
14693,Colombia,Cúcuta,Bronce,True,True,True,3,1,507.0,17,1,7,True
14694,Colombia,Otras ciudades,Plata,False,False,True,11,7,3976.0,14,7,10,False
14695,México,—,Bronce,False,False,False,5,4,2508.0,45,4,10,True
14696,México,—,Bronce,True,True,True,4,2,841.0,42,5,10,True
14697,Colombia,Bogotá D.C.,Bronce,False,False,True,1,0,0.0,44,2,9,True
14698,Colombia,Bogotá D.C.,Plata,True,True,False,24,14,8586.0,60,3,8,True
14699,México,—,Bronce,False,False,True,2,1,575.0,10,2,9,True
14700,México,—,Bronce,True,False,True,0,0,0.0,12,4,7,True
14701,Colombia,Medellín,Bronce,True,True,False,1,0,0.0,14,0,9,True
14702,Colombia,Bogotá D.C.,Bronce,True,False,True,1,0,0.0,12,1,6,True
14703,Colombia,Bogotá D.C.,Bronce,False,True,True,7,4,2000.0,1,4,7,True
14704,Colombia,Cartagena,Bronce,False,False,True,1,0,0.0,38,18,7,False
14705,Colombia,Cúcuta,Bronce,False,False,True,2,1,316.0,24,5,8,True
14706,Colombia,Medellín,Bronce,True,False,True,1,0,0.0,62,1,4,True
14707,Colombia,Sincelejo,Bronce,True,False,True,0,0,0.0,24,6,9,True
14708,Colombia,Bogotá D.C.,Bronce,True,False,True,3,1,408.0,7,1,10,True
14709,Colombia,Bogotá D.C.,Bronce,False,False,True,4,2,961.0,67,8,6,False
14710,Colombia,Cartagena,Bronce,True,True,True,5,4,1881.0,15,4,10,True
14711,México,—,Bronce,False,False,True,3,2,1033.0,30,12,9,False
14712,Colombia,Bogotá D.C.,Bronce,True,True,True,0,0,0.0,25,13,4,False
14713,Colombia,Medellín,Bronce,True,False,True,1,0,0.0,49,9,10,False
14714,Perú,—,Oro,True,False,True,41,36,12105.0,78,3,10,True
14715,Colombia,Medellín,Bronce,False,False,True,2,1,644.0,5,5,10,True
14716,Colombia,Cartagena,Plata,True,False,True,12,7,3673.0,13,2,5,True
14717,Colombia,Otras ciudades,Bronce,True,True,False,4,3,1600.0,15,2,9,True
14718,Colombia,Cali,Bronce,False,True,False,7,4,1953.0,9,9,7,False
14719,Colombia,Barranquilla,Bronce,True,False,True,1,0,0.0,15,5,6,True
14720,Colombia,Medellín,Bronce,True,False,True,6,4,2175.0,45,9,10,False
14721,Colombia,Otras ciudades,Bronce,True,False,True,0,0,0.0,34,7,8,False
14722,Colombia,Ibagué,Bronce,False,False,True,3,2,1219.0,3,2,9,True
14723,Colombia,Cartagena,Bronce,False,False,True,2,1,572.0,18,2,10,True
14724,Ecuador,—,Bronce,True,True,False,1,0,0.0,41,14,8,False
14725,Colombia,Bogotá D.C.,Bronce,False,True,False,1,0,0.0,13,0,6,True
14726,Ecuador,—,Bronce,True,False,True,0,0,0.0,21,2,6,True
14727,Colombia,Bogotá D.C.,Bronce,True,False,False,3,1,188.0,34,3,7,True
14728,México,—,Oro,False,True,True,25,23,6851.0,38,11,6,False
14729,Colombia,Valledupar,Bronce,True,True,True,0,0,0.0,26,4,9,True
14730,Perú,—,Bronce,False,True,True,5,3,889.0,16,10,8,False
14731,Colombia,Otras ciudades,Bronce,False,True,True,2,1,579.0,32,5,7,True
14732,Colombia,Bogotá D.C.,Bronce,True,True,False,3,2,1212.0,12,9,6,False
14733,México,—,Bronce,False,True,True,1,0,0.0,5,5,8,True
14734,Uruguay,—,Bronce,False,False,True,0,0,0.0,15,1,6,True
14735,Perú,—,Bronce,False,True,True,1,0,0.0,22,22,4,False
14736,Colombia,Pereira,Plata,True,False,True,10,6,2523.0,6,0,10,True
14737,Colombia,Cali,Bronce,False,False,True,3,2,743.0,12,6,6,True
14738,Perú,—,Plata,False,False,True,23,21,10575.0,12,0,8,True
14739,Ecuador,—,Bronce,False,True,True,6,5,2712.0,27,5,6,True
14740,México,—,Bronce,False,False,True,0,0,0.0,19,5,10,True
14741,Colombia,Medellín,Bronce,True,True,False,3,2,982.0,15,8,8,False
14742,Colombia,Ibagué,Platino,False,False,True,210,128,68151.0,36,13,5,False
14743,Uruguay,—,Bronce,False,False,True,2,1,450.0,32,0,10,True
14744,Colombia,Popayán,Bronce,True,False,True,0,0,0.0,15,2,9,True
14745,Colombia,Bogotá D.C.,Bronce,False,True,True,4,3,1915.0,8,12,1,False
14746,México,—,Bronce,True,False,True,4,3,1571.0,28,5,10,True
14747,Colombia,Bogotá D.C.,Bronce,True,True,True,0,0,0.0,11,8,7,False
14748,Colombia,Barranquilla,Bronce,True,False,False,0,0,0.0,12,5,7,True
14749,Colombia,Bogotá D.C.,Plata,False,True,False,10,7,4487.0,13,1,4,True
14750,Colombia,Bogotá D.C.,Plata,True,False,True,11,10,4906.0,36,1,8,True
14751,Colombia,Bogotá D.C.,Bronce,False,False,True,1,0,0.0,31,12,6,False
14752,México,—,Bronce,True,False,True,2,1,506.0,28,2,8,True
14753,Colombia,Cartagena,Bronce,False,False,True,1,0,0.0,11,8,6,False
14754,Colombia,Bogotá D.C.,Oro,True,True,True,27,24,9727.0,51,2,7,True
14755,Colombia,Bogotá D.C.,Bronce,False,True,True,1,0,0.0,11,2,5,True
14756,Colombia,Bogotá D.C.,Bronce,True,False,False,1,0,0.0,22,8,5,False
14757,Perú,—,Bronce,True,False,True,0,0,0.0,7,8,8,False
14758,México,—,Plata,False,False,True,18,14,6668.0,15,4,7,True
14759,Ecuador,—,Bronce,False,True,True,2,1,530.0,24,1,9,True
14760,Perú,—,Bronce,False,False,False,0,0,0.0,11,3,6,True
14761,Colombia,Bogotá D.C.,Bronce,True,True,True,2,1,595.0,9,0,5,True
14762,Perú,—,Bronce,True,True,True,2,1,727.0,25,0,10,True
14763,Ecuador,—,Bronce,False,False,False,1,0,0.0,24,3,8,True
14764,Chile,—,Plata,False,False,True,9,7,3395.0,7,5,9,True
14765,Colombia,Otras ciudades,Bronce,False,True,True,1,0,0.0,20,2,4,True
14766,Colombia,Barranquilla,Bronce,False,True,False,0,0,0.0,17,10,6,False
14767,Colombia,Medellín,Bronce,False,False,True,0,0,0.0,35,4,6,True
14768,Colombia,Pereira,Bronce,False,True,True,1,0,0.0,19,9,2,False
14769,Colombia,Bogotá D.C.,Bronce,True,False,True,4,3,1999.0,14,0,3,True
14770,Colombia,Bogotá D.C.,Bronce,False,False,True,4,2,900.0,11,8,7,False
14771,Uruguay,—,Bronce,False,True,True,0,0,0.0,5,4,7,True
14772,Colombia,Cali,Plata,False,False,False,13,9,4866.0,80,4,10,True
14773,México,—,Bronce,False,False,True,0,0,0.0,44,1,10,True
14774,Colombia,Bogotá D.C.,Bronce,False,True,True,1,0,0.0,64,9,4,False
14775,Perú,—,Bronce,False,False,True,3,2,1361.0,40,8,1,False
14776,México,—,Bronce,True,False,True,0,0,0.0,20,2,5,True
14777,Ecuador,—,Bronce,False,True,True,0,0,0.0,16,11,8,False
14778,México,—,Bronce,False,False,True,3,2,1067.0,4,21,3,False
14779,Perú,—,Bronce,True,False,True,2,1,538.0,15,0,7,True
14780,Colombia,Sincelejo,Bronce,False,False,True,0,0,0.0,12,5,7,True
14781,Colombia,Barranquilla,Bronce,False,False,True,1,0,0.0,29,7,8,False
14782,Colombia,Ibagué,Bronce,True,False,True,5,3,1845.0,7,18,7,False
14783,Colombia,Bucaramanga,Bronce,True,False,True,0,0,0.0,45,9,8,False
14784,Colombia,Sincelejo,Bronce,False,False,True,0,0,0.0,20,0,7,True
14785,Colombia,Otras ciudades,Bronce,False,False,False,2,1,675.0,11,1,9,True
14786,Colombia,Sincelejo,Bronce,False,True,True,1,0,0.0,18,1,7,True
14787,Colombia,Barranquilla,Bronce,False,True,True,2,1,553.0,19,10,6,False
14788,Colombia,Bucaramanga,Bronce,False,False,True,7,4,2161.0,21,4,7,True
14789,Colombia,Cali,Bronce,True,True,True,4,3,2113.0,6,0,10,True
14790,Colombia,Otras ciudades,Bronce,True,False,True,1,0,0.0,44,6,7,True
14791,México,—,Bronce,True,True,True,1,0,0.0,13,8,3,False
14792,México,—,Bronce,False,False,True,1,0,0.0,8,1,6,True
14793,México,—,Bronce,False,False,True,1,0,0.0,11,23,10,False
14794,Colombia,Santa Marta,Bronce,False,False,True,0,0,0.0,12,6,9,True
14795,Chile,—,Plata,True,True,True,22,13,7485.0,13,2,9,True
14796,Colombia,Cúcuta,Bronce,True,False,True,1,0,0.0,47,10,4,False
14797,Colombia,Bogotá D.C.,Bronce,False,True,True,1,0,0.0,2,10,10,False
14798,Chile,—,Bronce,False,True,True,0,0,0.0,28,5,4,True
14799,Colombia,Bucaramanga,Bronce,True,True,False,0,0,0.0,19,4,8,True
14800,Colombia,Manizales,Bronce,False,False,True,5,4,1944.0,32,3,4,True
14801,México,—,Bronce,True,False,True,0,0,0.0,14,8,6,False
14802,Colombia,Bucaramanga,Bronce,True,False,True,2,1,532.0,14,0,5,True
14803,Colombia,Otras ciudades,Oro,True,False,True,47,41,10040.0,23,13,10,False
14804,Colombia,Cartagena,Bronce,True,False,True,5,3,1257.0,52,6,10,True
14805,Ecuador,—,Bronce,True,False,True,2,1,394.0,12,7,10,False
14806,Colombia,Bogotá D.C.,Bronce,False,True,True,1,0,0.0,3,0,9,True
14807,Colombia,Sincelejo,Bronce,True,False,True,0,0,0.0,38,9,6,False
14808,México,—,Bronce,False,False,True,0,0,0.0,13,0,3,True
14809,Colombia,Otras ciudades,Bronce,False,True,True,0,0,0.0,16,4,7,True
14810,Perú,—,Bronce,False,False,True,0,0,0.0,30,5,10,True
14811,Colombia,Medellín,Bronce,True,False,False,1,0,0.0,44,11,9,False
14812,México,—,Bronce,False,False,True,5,3,1022.0,59,2,10,True
14813,Colombia,Otras ciudades,Bronce,False,False,True,0,0,0.0,24,9,6,False
14814,Colombia,Bogotá D.C.,Bronce,True,False,True,5,3,1268.0,26,3,8,True
14815,Ecuador,—,Bronce,False,False,False,0,0,0.0,17,4,10,True
14816,México,—,Plata,False,False,False,9,7,2896.0,42,4,7,True
14817,Colombia,Medellín,Bronce,False,False,True,3,1,438.0,8,4,6,True
14818,Ecuador,—,Bronce,False,False,True,5,4,1383.0,7,3,9,True
14819,Colombia,Bogotá D.C.,Bronce,True,False,True,3,2,998.0,12,9,5,False
14820,Colombia,Manizales,Bronce,True,True,True,0,0,0.0,16,2,8,True
14821,Uruguay,—,Bronce,True,True,True,1,0,0.0,7,3,9,True
14822,Perú,—,Bronce,False,False,True,2,1,479.0,17,9,6,False
14823,Colombia,Cali,Bronce,True,True,True,0,0,0.0,18,10,8,False
14824,Colombia,Bogotá D.C.,Plata,False,False,True,16,9,5265.0,14,11,5,False
14825,Colombia,Medellín,Bronce,False,False,False,2,1,680.0,7,4,4,True
14826,Colombia,Otras ciudades,Bronce,False,True,True,7,5,2272.0,22,4,10,True
14827,México,—,Bronce,True,True,False,0,0,0.0,3,9,10,False
14828,Colombia,Sincelejo,Bronce,False,False,True,4,2,1242.0,16,0,7,True
14829,Colombia,Armenia,Plata,False,True,False,15,12,6672.0,24,2,6,True
14830,Uruguay,—,Bronce,True,True,True,0,0,0.0,62,12,6,False
14831,Colombia,Bucaramanga,Oro,False,False,True,30,18,8949.0,23,16,7,False
14832,Colombia,Bogotá D.C.,Bronce,True,False,True,0,0,0.0,2,5,10,True
14833,Perú,—,Bronce,False,False,False,0,0,0.0,31,6,9,True
14834,Colombia,Medellín,Bronce,False,False,False,4,3,1332.0,49,2,6,True
14835,Colombia,Medellín,Bronce,False,False,False,0,0,0.0,1,0,5,True
14836,Ecuador,—,Bronce,True,True,False,0,0,0.0,3,3,4,True
14837,Colombia,Bucaramanga,Bronce,False,False,True,0,0,0.0,15,1,10,True
14838,Colombia,Bogotá D.C.,Bronce,False,False,False,0,0,0.0,11,8,6,False
14839,Colombia,Sincelejo,Bronce,True,False,True,0,0,0.0,49,0,10,True
14840,Colombia,Bogotá D.C.,Bronce,False,False,False,1,0,0.0,18,4,10,True
14841,Colombia,Cali,Oro,True,False,True,58,43,23726.0,13,8,5,False
14842,Colombia,Medellín,Bronce,False,True,True,0,0,0.0,49,1,7,True
14843,México,—,Bronce,False,False,True,0,0,0.0,5,1,10,True
14844,Colombia,Pereira,Plata,False,False,True,13,10,6302.0,11,5,6,True
14845,México,—,Bronce,True,False,False,2,1,577.0,4,8,5,False
14846,Colombia,Bogotá D.C.,Bronce,True,True,True,6,5,2615.0,10,1,4,True
14847,Colombia,Cartagena,Oro,False,False,True,51,38,25772.0,77,0,6,True
14848,Ecuador,—,Bronce,False,True,True,0,0,0.0,66,7,4,False
14849,Ecuador,—,Bronce,True,False,True,6,4,2220.0,6,4,6,True
14850,México,—,Plata,True,True,True,14,8,4151.0,51,13,3,False
14851,Colombia,Medellín,Bronce,False,False,True,0,0,0.0,7,26,9,False
14852,México,—,Bronce,False,False,True,0,0,0.0,42,5,10,True
14853,Perú,—,Bronce,False,False,True,1,0,0.0,18,3,10,True
14854,Colombia,Villavicencio,Plata,False,True,True,9,6,1840.0,12,2,7,True
14855,Colombia,Villavicencio,Bronce,True,False,False,1,0,0.0,5,5,8,True
14856,Ecuador,—,Oro,False,False,True,28,22,11412.0,6,1,3,True
14857,Colombia,Popayán,Bronce,True,False,True,0,0,0.0,20,11,7,False
14858,Colombia,Bogotá D.C.,Bronce,True,False,True,0,0,0.0,46,9,9,False
14859,Colombia,Pereira,Bronce,True,False,True,1,0,0.0,19,2,6,True
14860,Colombia,Bogotá D.C.,Bronce,True,True,True,3,1,548.0,49,2,6,True
14861,Colombia,Santa Marta,Bronce,True,False,True,0,0,0.0,30,3,4,True
14862,Colombia,Ibagué,Bronce,False,False,True,1,0,0.0,11,2,6,True
14863,México,—,Plata,False,False,True,21,12,5128.0,83,9,10,False
14864,México,—,Bronce,False,True,True,2,1,524.0,39,9,10,False
14865,Colombia,Cúcuta,Plata,False,True,True,15,12,6202.0,3,14,5,False
14866,Colombia,Bogotá D.C.,Bronce,False,False,True,1,0,0.0,11,1,10,True
14867,Colombia,Cartagena,Bronce,False,False,True,0,0,0.0,80,15,5,False
14868,Colombia,Bogotá D.C.,Bronce,True,False,True,0,0,0.0,1,4,6,True
14869,Colombia,Medellín,Bronce,False,False,True,0,0,0.0,3,7,9,False
14870,Colombia,Bogotá D.C.,Bronce,False,False,False,0,0,0.0,33,12,9,False
14871,Colombia,Bogotá D.C.,Bronce,True,True,True,3,2,775.0,57,0,6,True
14872,Colombia,Armenia,Bronce,False,False,False,7,6,3594.0,22,4,4,True
14873,Colombia,Medellín,Bronce,False,False,True,0,0,0.0,5,1,10,True
14874,Uruguay,—,Bronce,True,False,True,0,0,0.0,30,2,7,True
14875,Colombia,Medellín,Bronce,True,True,True,0,0,0.0,14,6,4,True
14876,Uruguay,—,Bronce,True,False,False,6,5,2682.0,7,6,7,True
14877,Perú,—,Bronce,False,False,True,0,0,0.0,26,4,4,True
14878,Colombia,Otras ciudades,Bronce,True,False,True,2,1,403.0,17,1,9,True
14879,Colombia,Barranquilla,Bronce,True,True,True,0,0,0.0,19,5,6,True
14880,Colombia,Medellín,Plata,False,False,True,15,11,6924.0,23,2,5,True
14881,Colombia,Medellín,Bronce,False,False,True,1,0,0.0,26,5,10,True
14882,Colombia,Santa Marta,Bronce,False,False,False,4,3,1922.0,29,7,7,False
14883,México,—,Bronce,True,False,False,0,0,0.0,1,5,8,True
14884,Colombia,Bogotá D.C.,Bronce,True,True,False,2,1,495.0,63,1,7,True
14885,México,—,Plata,True,False,True,8,5,2633.0,14,7,10,False
14886,Ecuador,—,Plata,False,True,True,8,7,3868.0,77,1,7,True
14887,Colombia,Barranquilla,Bronce,False,False,False,0,0,0.0,9,5,5,True
14888,Colombia,Barranquilla,Bronce,True,True,False,0,0,0.0,26,0,10,True
14889,Colombia,Barranquilla,Bronce,False,False,True,4,2,1190.0,23,4,7,True
14890,México,—,Bronce,True,False,True,3,1,490.0,48,6,9,True
14891,Colombia,Bogotá D.C.,Bronce,False,False,True,1,0,0.0,13,13,6,False
14892,Colombia,Armenia,Bronce,False,False,True,6,4,1741.0,61,10,9,False
14893,Colombia,Manizales,Bronce,True,False,True,1,0,0.0,123,12,7,False
14894,Colombia,Medellín,Plata,False,False,True,12,9,4921.0,12,2,10,True
14895,Colombia,Bogotá D.C.,Bronce,True,False,True,4,2,950.0,89,2,8,True
14896,Colombia,Bucaramanga,Bronce,False,True,True,1,0,0.0,29,18,7,False
14897,Colombia,Ibagué,Plata,True,False,True,10,8,3304.0,41,8,5,False
14898,Colombia,Bogotá D.C.,Bronce,False,False,False,0,0,0.0,26,3,10,True
14899,Ecuador,—,Bronce,True,False,True,1,0,0.0,37,3,9,True
14900,México,—,Bronce,True,False,True,3,1,569.0,6,4,6,True
14901,Colombia,Bogotá D.C.,Bronce,False,False,True,0,0,0.0,62,3,10,True
14902,Colombia,Bogotá D.C.,Bronce,False,False,False,0,0,0.0,25,11,8,False
14903,Colombia,Bogotá D.C.,Bronce,True,False,True,0,0,0.0,73,4,9,True
14904,Perú,—,Bronce,False,False,True,1,0,0.0,3,0,10,True
14905,Colombia,Pasto,Plata,False,False,True,8,5,2741.0,24,1,8,True
14906,México,—,Bronce,True,False,True,0,0,0.0,19,14,6,False
14907,Perú,—,Oro,False,False,False,50,36,13891.0,1,3,5,True
14908,Uruguay,—,Bronce,True,False,True,1,0,0.0,10,6,9,True
14909,Colombia,Bogotá D.C.,Bronce,False,False,True,1,0,0.0,26,2,5,True
14910,Uruguay,—,Bronce,True,False,False,3,2,881.0,4,21,5,False
14911,México,—,Bronce,True,False,True,0,0,0.0,43,7,10,False
14912,México,—,Bronce,False,False,True,0,0,0.0,28,4,8,True
14913,Perú,—,Bronce,False,False,True,0,0,0.0,22,14,6,False
14914,Colombia,Cali,Bronce,True,False,False,2,1,441.0,12,2,3,True
14915,Colombia,Sincelejo,Bronce,False,False,True,0,0,0.0,77,17,6,False
14916,Colombia,Medellín,Bronce,True,False,True,0,0,0.0,24,15,10,False
14917,México,—,Bronce,False,True,True,0,0,0.0,20,3,7,True
14918,Colombia,Cartagena,Bronce,False,True,False,0,0,0.0,20,2,9,True
14919,Colombia,Manizales,Bronce,False,True,True,3,2,1140.0,76,11,9,False
14920,Colombia,Cali,Plata,False,False,True,16,10,4362.0,43,0,8,True
14921,Colombia,Cartagena,Bronce,True,False,True,6,4,2169.0,10,8,4,False
14922,México,—,Bronce,False,False,True,2,1,390.0,18,9,7,False
14923,Colombia,Ibagué,Bronce,True,True,True,0,0,0.0,45,0,7,True
14924,Ecuador,—,Bronce,True,False,True,1,0,0.0,1,9,8,False
14925,Colombia,Bucaramanga,Bronce,True,False,False,0,0,0.0,14,8,3,False
14926,Colombia,Cali,Bronce,False,True,True,1,0,0.0,8,4,7,True
14927,Colombia,Bogotá D.C.,Bronce,False,False,True,1,0,0.0,32,2,9,True
14928,Colombia,Pereira,Bronce,True,True,False,0,0,0.0,9,8,8,False
14929,Colombia,Bucaramanga,Bronce,True,False,True,4,3,1789.0,43,4,8,True
14930,Colombia,Manizales,Bronce,True,True,True,1,0,0.0,58,4,9,True
14931,Colombia,Armenia,Bronce,True,False,True,0,0,0.0,10,8,6,False
14932,Ecuador,—,Bronce,True,False,True,0,0,0.0,13,1,9,True
14933,Colombia,Otras ciudades,Bronce,True,False,False,0,0,0.0,15,0,8,True
14934,Perú,—,Bronce,False,False,False,0,0,0.0,4,5,10,True
14935,México,—,Oro,True,True,False,28,22,12077.0,31,5,8,True
14936,Ecuador,—,Bronce,False,True,True,1,0,0.0,7,6,7,True
14937,Colombia,Medellín,Bronce,True,False,True,0,0,0.0,8,5,8,True
14938,México,—,Plata,False,False,True,9,6,2690.0,4,4,5,True
14939,Colombia,Cartagena,Bronce,False,True,True,1,0,0.0,5,4,7,True
14940,Perú,—,Bronce,True,False,True,0,0,0.0,18,2,8,True
14941,México,—,Bronce,False,False,True,1,0,0.0,40,12,4,False
14942,Colombia,Medellín,Bronce,False,True,False,0,0,0.0,100,9,2,False
14943,Colombia,Barranquilla,Bronce,False,False,True,2,1,550.0,17,1,3,True
14944,Colombia,Otras ciudades,Bronce,True,False,True,0,0,0.0,15,3,0,True
14945,Colombia,Medellín,Bronce,False,True,True,3,1,578.0,13,2,10,True
14946,Colombia,Bogotá D.C.,Bronce,True,True,True,1,0,0.0,1,3,8,True
14947,Colombia,Medellín,Bronce,False,False,False,0,0,0.0,65,2,4,True
14948,Colombia,Cartagena,Bronce,False,True,True,0,0,0.0,7,16,6,False
14949,México,—,Bronce,True,False,True,1,0,0.0,21,7,8,False
14950,Colombia,Armenia,Bronce,False,True,True,1,0,0.0,10,4,10,True
14951,Colombia,Cali,Bronce,False,True,True,0,0,0.0,31,5,6,True
14952,Ecuador,—,Bronce,True,False,True,1,0,0.0,101,21,7,False
14953,Ecuador,—,Plata,True,False,True,11,8,4306.0,35,15,10,False
14954,México,—,Bronce,False,False,False,1,0,0.0,46,11,7,False
14955,México,—,Bronce,False,False,False,0,0,0.0,11,3,4,True
14956,México,—,Bronce,False,True,False,4,3,1183.0,13,2,5,True
14957,Colombia,Barranquilla,Bronce,True,True,True,2,1,486.0,55,1,8,True
14958,México,—,Bronce,False,True,True,0,0,0.0,38,0,8,True
14959,Ecuador,—,Bronce,False,True,True,3,1,387.0,16,1,5,True
14960,Colombia,Cali,Bronce,False,False,True,4,3,1200.0,35,17,9,False
14961,Colombia,Medellín,Bronce,False,False,True,0,0,0.0,8,2,7,True
14962,Colombia,Bogotá D.C.,Bronce,False,False,True,6,3,1467.0,19,6,9,True
14963,Perú,—,Bronce,True,False,True,1,0,0.0,6,4,4,True
14964,México,—,Bronce,False,True,True,4,3,1838.0,5,18,3,False
14965,Colombia,Medellín,Bronce,False,False,True,0,0,0.0,11,20,6,False
14966,Colombia,Cali,Platino,False,True,True,65,56,28284.0,5,4,7,True
14967,Colombia,Otras ciudades,Bronce,False,False,True,0,0,0.0,45,2,9,True
14968,Colombia,Valledupar,Bronce,True,True,True,0,0,0.0,18,4,7,True
14969,Ecuador,—,Bronce,False,False,True,0,0,0.0,16,15,9,False
14970,Colombia,Bogotá D.C.,Plata,True,False,True,8,4,2002.0,60,9,9,False
14971,Colombia,Popayán,Bronce,True,True,True,0,0,0.0,25,7,10,False
14972,Colombia,Bogotá D.C.,Plata,False,True,True,8,5,2399.0,16,2,7,True
14973,Colombia,Cali,Bronce,False,False,True,1,0,0.0,24,4,6,True
14974,Colombia,Manizales,Bronce,True,False,False,4,3,1451.0,32,3,10,True
14975,Colombia,Otras ciudades,Bronce,False,True,False,3,1,315.0,31,6,7,True
14976,México,—,Bronce,False,False,True,0,0,0.0,2,6,10,True
14977,Colombia,Ibagué,Bronce,False,False,True,3,2,1221.0,113,7,5,False
14978,Colombia,Medellín,Bronce,False,False,False,5,3,1376.0,34,9,8,False
14979,Colombia,Medellín,Bronce,False,True,True,0,0,0.0,47,0,7,True
14980,Colombia,Cali,Bronce,True,True,False,0,0,0.0,22,8,5,False
14981,Colombia,Otras ciudades,Bronce,True,True,True,0,0,0.0,31,4,4,True
14982,Ecuador,—,Bronce,True,False,True,0,0,0.0,13,3,6,True
14983,Colombia,Bucaramanga,Bronce,False,False,True,0,0,0.0,26,17,9,False
14984,Colombia,Cali,Bronce,False,False,True,3,2,940.0,2,14,10,False
14985,Colombia,Pasto,Bronce,False,False,True,0,0,0.0,30,6,3,True
14986,Colombia,Bogotá D.C.,Bronce,True,True,True,0,0,0.0,5,0,4,True
14987,Colombia,Pereira,Bronce,True,False,False,2,1,303.0,30,6,10,True
14988,Colombia,Otras ciudades,Plata,False,False,True,13,8,3052.0,17,0,7,True
14989,Colombia,Bogotá D.C.,Bronce,False,False,True,0,0,0.0,18,2,10,True
14990,Colombia,Ibagué,Bronce,True,False,False,3,2,1056.0,22,5,7,True
14991,Colombia,Cartagena,Bronce,False,False,True,6,3,1258.0,31,1,7,True
14992,Ecuador,—,Bronce,True,False,True,1,0,0.0,25,2,7,True
14993,México,—,Bronce,True,False,True,0,0,0.0,6,4,5,True
14994,Colombia,Bogotá D.C.,Bronce,False,False,True,6,5,2252.0,22,3,10,True
14995,México,—,Bronce,False,False,True,0,0,0.0,11,1,10,True
14996,Colombia,Cali,Bronce,False,False,True,1,0,0.0,75,4,5,True
14997,Colombia,Valledupar,Bronce,False,False,True,1,0,0.0,3,11,7,False
14998,Colombia,Cali,Bronce,False,True,True,4,3,2039.0,21,2,7,True
14999,Colombia,Barranquilla,Bronce,False,False,True,3,2,790.0,19,9,8,False
15000,Perú,—,Bronce,False,False,True,1,0,0.0,36,2,6,True
15001,Perú,—,Bronce,True,False,True,0,0,0.0,38,2,9,True
15002,Colombia,Popayán,Bronce,True,False,True,4,3,983.0,36,3,5,True
15003,México,—,Bronce,False,False,True,0,0,0.0,41,2,5,True
15004,Perú,—,Bronce,True,False,True,5,3,1070.0,55,0,8,True
15005,Colombia,Villavicencio,Bronce,True,True,True,0,0,0.0,7,7,10,False
15006,Colombia,Bucaramanga,Bronce,True,True,True,5,4,1970.0,11,14,8,False
15007,Colombia,Cali,Bronce,True,False,True,1,0,0.0,44,6,10,True
15008,Chile,—,Bronce,True,True,False,1,0,0.0,8,9,10,False
15009,Colombia,Sincelejo,Bronce,True,False,True,4,2,1126.0,10,8,10,False
15010,Colombia,Bogotá D.C.,Bronce,False,False,True,0,0,0.0,65,3,10,True
15011,Colombia,Cúcuta,Bronce,False,False,True,0,0,0.0,1,1,7,True
15012,México,—,Bronce,True,False,True,1,0,0.0,8,17,5,False
15013,Colombia,Bogotá D.C.,Bronce,False,True,True,1,0,0.0,16,3,6,True
15014,México,—,Bronce,False,False,False,3,2,800.0,25,4,8,True
15015,Perú,—,Bronce,True,False,False,1,0,0.0,47,18,9,False
15016,Colombia,Bogotá D.C.,Bronce,True,False,True,1,0,0.0,19,4,5,True
15017,Ecuador,—,Bronce,False,True,True,1,0,0.0,22,15,7,False
15018,Colombia,Medellín,Oro,True,True,True,47,43,21291.0,24,9,7,False
15019,Colombia,Bogotá D.C.,Bronce,True,True,True,1,0,0.0,25,13,3,False
15020,Ecuador,—,Bronce,False,True,True,4,2,945.0,44,5,5,True
15021,Colombia,Bogotá D.C.,Bronce,True,False,True,0,0,0.0,13,1,6,True
15022,Colombia,Popayán,Plata,True,False,True,9,5,2110.0,8,5,6,True
15023,Colombia,Manizales,Bronce,False,True,True,5,4,1036.0,3,7,7,False
15024,Colombia,Bogotá D.C.,Bronce,True,False,True,0,0,0.0,42,4,9,True
15025,México,—,Bronce,False,False,True,0,0,0.0,15,13,6,False
15026,Colombia,Otras ciudades,Bronce,False,True,True,1,0,0.0,36,1,8,True
15027,México,—,Bronce,False,False,True,6,5,2994.0,42,2,6,True
15028,Colombia,Medellín,Bronce,False,False,True,3,2,1005.0,36,10,9,False
15029,Colombia,Cartagena,Plata,False,False,True,13,9,5809.0,3,4,3,True
15030,Colombia,Bogotá D.C.,Bronce,True,True,True,2,1,571.0,99,0,8,True
15031,Colombia,Bogotá D.C.,Bronce,False,False,True,3,2,1269.0,33,1,6,True
15032,Ecuador,—,Bronce,False,False,True,6,5,2957.0,17,1,10,True
15033,Colombia,Bogotá D.C.,Bronce,False,False,True,7,5,2108.0,50,5,8,True
15034,Colombia,Bogotá D.C.,Bronce,True,False,True,2,1,413.0,12,3,10,True
15035,Perú,—,Bronce,True,False,True,0,0,0.0,14,4,8,True
15036,Colombia,Medellín,Bronce,False,True,True,0,0,0.0,38,7,7,False
15037,Colombia,Medellín,Bronce,False,True,True,2,1,485.0,29,6,10,True
15038,Colombia,Otras ciudades,Bronce,False,True,True,2,1,449.0,3,8,9,False
15039,México,—,Bronce,False,False,False,0,0,0.0,30,12,9,False
15040,Colombia,Bogotá D.C.,Bronce,True,False,True,0,0,0.0,25,3,9,True
15041,Uruguay,—,Bronce,False,False,True,6,3,1459.0,23,1,8,True
15042,México,—,Plata,False,False,False,8,6,3382.0,20,5,10,True
15043,Colombia,Pasto,Bronce,True,True,True,0,0,0.0,28,2,9,True
15044,Colombia,Bogotá D.C.,Bronce,True,False,True,1,0,0.0,51,0,10,True
15045,México,—,Bronce,True,False,False,3,1,400.0,26,5,5,True
15046,Uruguay,—,Bronce,False,False,True,1,0,0.0,30,7,7,False
15047,Colombia,Bogotá D.C.,Bronce,True,False,False,1,0,0.0,50,0,10,True
15048,Colombia,Pereira,Bronce,False,True,True,2,1,285.0,42,1,7,True
15049,Uruguay,—,Bronce,False,True,True,1,0,0.0,1,5,5,True
15050,México,—,Plata,False,True,True,12,7,3010.0,56,12,3,False
15051,Colombia,Sincelejo,Bronce,True,False,False,1,0,0.0,10,14,6,False
15052,México,—,Bronce,True,False,True,7,5,2410.0,12,2,9,True
15053,Perú,—,Bronce,False,False,True,3,2,905.0,11,2,8,True
15054,Perú,—,Plata,False,True,True,16,11,7854.0,14,2,7,True
15055,México,—,Bronce,False,False,True,5,3,1159.0,20,16,10,False
15056,Colombia,Bogotá D.C.,Bronce,False,False,True,5,3,1308.0,37,3,7,True
15057,Colombia,Barranquilla,Bronce,False,True,True,1,0,0.0,12,7,8,False
15058,Colombia,Cartagena,Bronce,True,False,True,0,0,0.0,45,10,6,False
15059,México,—,Bronce,True,True,True,2,1,287.0,59,15,3,False
15060,Colombia,Bogotá D.C.,Bronce,False,False,True,1,0,0.0,4,8,8,False
15061,Colombia,Bogotá D.C.,Bronce,True,True,True,3,2,961.0,1,11,9,False
15062,Ecuador,—,Bronce,True,True,True,0,0,0.0,11,0,7,True
15063,México,—,Bronce,False,False,False,6,3,1700.0,7,3,4,True
15064,México,—,Bronce,False,True,True,3,1,403.0,9,3,7,True
15065,Colombia,Bogotá D.C.,Bronce,False,False,True,1,0,0.0,85,9,8,False
15066,Colombia,Cali,Plata,False,False,True,11,7,3107.0,28,0,10,True
15067,Colombia,Medellín,Bronce,True,True,True,0,0,0.0,11,1,6,True
15068,Colombia,Popayán,Bronce,True,False,True,2,1,297.0,63,1,10,True
15069,Uruguay,—,Bronce,False,False,True,0,0,0.0,7,3,6,True
15070,Perú,—,Bronce,True,True,True,0,0,0.0,51,5,10,True
15071,México,—,Bronce,False,False,True,6,4,2018.0,33,16,10,False
15072,Colombia,Medellín,Bronce,True,False,False,3,2,684.0,59,6,5,True
15073,Colombia,Cali,Bronce,True,False,True,0,0,0.0,9,4,6,True
15074,Colombia,Armenia,Bronce,False,False,True,1,0,0.0,76,34,8,False
15075,Colombia,Otras ciudades,Bronce,False,True,True,1,0,0.0,17,9,8,False
15076,Colombia,Ibagué,Bronce,False,False,True,0,0,0.0,38,6,6,True
15077,Ecuador,—,Bronce,True,True,False,4,3,1506.0,1,9,7,False
15078,Colombia,Cartagena,Bronce,True,False,True,1,0,0.0,1,6,7,True
15079,Colombia,Medellín,Bronce,False,False,True,0,0,0.0,89,4,9,True
15080,Colombia,Bogotá D.C.,Bronce,False,False,True,0,0,0.0,30,5,7,True
15081,Colombia,Bogotá D.C.,Bronce,True,True,True,1,0,0.0,14,8,5,False
15082,Perú,—,Bronce,True,False,False,0,0,0.0,12,6,7,True
15083,México,—,Bronce,False,False,False,1,0,0.0,15,1,5,True
15084,Ecuador,—,Bronce,True,False,True,0,0,0.0,61,2,10,True
15085,Colombia,Santa Marta,Bronce,False,True,True,3,1,474.0,40,5,7,True
15086,Colombia,Bogotá D.C.,Bronce,False,False,True,6,3,1669.0,22,3,7,True
15087,Colombia,Otras ciudades,Bronce,False,False,True,2,1,579.0,14,2,6,True
15088,Ecuador,—,Bronce,False,False,False,4,3,1098.0,36,1,9,True
15089,Colombia,Cali,Bronce,True,False,False,6,3,1297.0,58,8,8,False
15090,Colombia,Barranquilla,Bronce,True,True,True,0,0,0.0,4,7,5,False
15091,Colombia,Medellín,Bronce,False,False,True,0,0,0.0,1,6,7,True
15092,México,—,Bronce,False,False,True,3,2,1008.0,37,24,7,False
15093,Colombia,Otras ciudades,Bronce,False,True,True,0,0,0.0,23,14,7,False
15094,Colombia,Bogotá D.C.,Bronce,False,False,True,1,0,0.0,21,5,9,True
15095,Perú,—,Bronce,True,False,False,3,2,1089.0,9,1,9,True
15096,Colombia,Cartagena,Bronce,False,False,True,0,0,0.0,44,7,5,False
15097,Colombia,Medellín,Bronce,False,False,True,0,0,0.0,4,1,8,True
15098,Colombia,Popayán,Bronce,True,False,True,0,0,0.0,38,1,7,True
15099,Ecuador,—,Bronce,False,False,False,2,1,423.0,37,1,6,True
15100,Colombia,Manizales,Plata,False,False,True,10,9,4074.0,21,8,9,False
15101,Uruguay,—,Bronce,False,False,False,1,0,0.0,39,4,5,True
15102,Colombia,Cartagena,Bronce,False,False,True,3,2,1208.0,51,8,8,False
15103,Uruguay,—,Plata,False,True,True,17,14,8170.0,3,2,4,True
15104,México,—,Bronce,True,True,False,0,0,0.0,12,2,6,True
15105,Ecuador,—,Bronce,False,True,True,1,0,0.0,54,10,9,False
15106,Colombia,Ibagué,Bronce,False,True,True,1,0,0.0,8,3,10,True
15107,Colombia,Manizales,Bronce,False,False,True,3,2,1151.0,46,1,8,True
15108,Colombia,Otras ciudades,Bronce,True,False,True,0,0,0.0,9,3,6,True
15109,Colombia,Medellín,Bronce,False,True,True,1,0,0.0,29,6,8,True
15110,Colombia,Pereira,Bronce,False,False,True,2,1,421.0,4,4,8,True
15111,Colombia,Neiva,Plata,True,False,True,8,4,1403.0,22,5,4,True
15112,Colombia,Bogotá D.C.,Bronce,False,True,False,1,0,0.0,36,3,8,True
15113,México,—,Bronce,True,False,True,6,3,1618.0,39,5,8,True
15114,Colombia,Bogotá D.C.,Bronce,True,False,True,3,2,1207.0,51,10,4,False
15115,Colombia,Sincelejo,Bronce,False,False,True,1,0,0.0,15,4,7,True
15116,Ecuador,—,Bronce,False,True,True,0,0,0.0,1,5,10,True
15117,Perú,—,Bronce,False,False,True,0,0,0.0,6,13,8,False
15118,Uruguay,—,Bronce,False,False,True,1,0,0.0,10,4,5,True
15119,México,—,Bronce,True,False,True,1,0,0.0,7,3,8,True
15120,Colombia,Otras ciudades,Plata,False,False,True,9,7,4462.0,10,1,9,True
15121,Colombia,Pasto,Plata,True,False,True,9,6,2661.0,6,6,5,True
15122,Colombia,Barranquilla,Bronce,False,True,True,0,0,0.0,42,8,7,False
15123,Colombia,Bogotá D.C.,Bronce,True,True,True,6,5,1985.0,33,4,8,True
15124,Perú,—,Plata,True,True,True,9,6,3087.0,8,3,5,True
15125,Colombia,Bogotá D.C.,Bronce,False,False,False,1,0,0.0,45,0,8,True
15126,Colombia,Villavicencio,Bronce,False,True,True,0,0,0.0,24,6,10,True
15127,Uruguay,—,Bronce,True,False,True,5,3,2288.0,8,0,9,True
15128,Colombia,Cartagena,Oro,True,False,True,35,26,16024.0,13,2,9,True
15129,Perú,—,Bronce,False,True,True,0,0,0.0,32,4,9,True
15130,Colombia,Cartagena,Bronce,False,True,True,1,0,0.0,27,3,4,True
15131,Colombia,Cartagena,Bronce,False,False,True,0,0,0.0,6,1,9,True
15132,Colombia,Bogotá D.C.,Bronce,False,False,True,1,0,0.0,32,5,10,True
15133,Colombia,Bucaramanga,Bronce,False,False,True,5,4,1103.0,12,4,9,True
15134,Colombia,Otras ciudades,Bronce,False,False,True,1,0,0.0,60,6,6,True
15135,Perú,—,Bronce,False,False,True,1,0,0.0,85,11,5,False
15136,Colombia,Medellín,Bronce,False,False,True,0,0,0.0,41,0,3,True
15137,Colombia,Pereira,Bronce,False,False,True,0,0,0.0,9,3,5,True
15138,Colombia,Bogotá D.C.,Bronce,True,True,True,0,0,0.0,36,0,10,True
15139,Colombia,Valledupar,Bronce,False,True,True,0,0,0.0,67,1,8,True
15140,Colombia,Barranquilla,Bronce,True,False,True,2,1,497.0,61,0,8,True
15141,Ecuador,—,Bronce,False,True,True,0,0,0.0,22,2,8,True
15142,Colombia,Bogotá D.C.,Bronce,False,True,True,0,0,0.0,15,4,7,True
15143,México,—,Bronce,False,False,True,1,0,0.0,11,6,8,True
15144,Colombia,Bogotá D.C.,Bronce,True,False,False,1,0,0.0,8,4,3,True
15145,Colombia,Cali,Bronce,False,True,True,1,0,0.0,20,3,10,True
15146,Colombia,Bogotá D.C.,Bronce,False,False,True,1,0,0.0,10,7,7,False
15147,Colombia,Medellín,Plata,True,False,True,8,6,3164.0,7,10,7,False
15148,Colombia,Bogotá D.C.,Bronce,True,False,True,3,2,1203.0,70,0,7,True
15149,México,—,Plata,False,False,False,12,8,4555.0,11,9,7,False
15150,Colombia,Bogotá D.C.,Bronce,True,True,True,4,2,955.0,49,12,7,False
15151,Colombia,Cali,Bronce,True,False,False,1,0,0.0,16,9,9,False
15152,Colombia,Otras ciudades,Bronce,True,True,True,4,2,945.0,29,1,10,True
15153,Ecuador,—,Bronce,False,False,True,1,0,0.0,9,13,5,False
15154,Colombia,Bogotá D.C.,Bronce,True,False,True,3,2,881.0,30,0,5,True
15155,Colombia,Medellín,Bronce,False,True,False,0,0,0.0,7,8,8,False
15156,Colombia,Bogotá D.C.,Bronce,True,False,True,1,0,0.0,5,0,6,True
15157,Colombia,Pasto,Oro,True,False,True,25,15,8827.0,51,5,4,True
15158,México,—,Bronce,True,False,False,2,1,503.0,10,11,10,False
15159,Colombia,Barranquilla,Bronce,False,False,True,1,0,0.0,15,8,5,False
15160,Colombia,Bogotá D.C.,Bronce,True,True,True,0,0,0.0,1,13,10,False
15161,México,—,Bronce,True,False,True,1,0,0.0,76,3,7,True
15162,México,—,Bronce,True,True,True,0,0,0.0,4,9,7,False
15163,Colombia,Bogotá D.C.,Bronce,False,False,False,0,0,0.0,24,1,8,True
15164,Colombia,Medellín,Bronce,True,True,True,0,0,0.0,20,14,10,False
15165,Colombia,Medellín,Bronce,True,False,True,7,4,1239.0,39,2,6,True
15166,Colombia,Villavicencio,Plata,True,False,True,17,11,3773.0,36,4,10,True
15167,Colombia,Pereira,Bronce,True,False,True,4,2,787.0,15,3,5,True
15168,Colombia,Bogotá D.C.,Bronce,False,True,True,1,0,0.0,8,1,7,True
15169,México,—,Bronce,True,False,False,2,1,448.0,9,5,6,True
15170,Ecuador,—,Bronce,True,True,True,1,0,0.0,52,0,10,True
15171,Colombia,Bogotá D.C.,Bronce,False,False,True,1,0,0.0,2,12,6,False
15172,Colombia,Bogotá D.C.,Oro,False,False,True,30,25,16916.0,103,8,8,False
15173,Ecuador,—,Bronce,False,False,True,3,2,1304.0,63,0,7,True
15174,Colombia,Otras ciudades,Bronce,True,False,True,2,1,447.0,6,4,5,True
15175,Colombia,Bogotá D.C.,Plata,True,True,True,11,8,5076.0,17,19,8,False
15176,Colombia,Barranquilla,Bronce,True,True,True,0,0,0.0,27,8,10,False
15177,Colombia,Medellín,Bronce,True,False,False,1,0,0.0,9,0,6,True
15178,Perú,—,Plata,True,False,True,19,15,8114.0,77,6,5,True
15179,Uruguay,—,Bronce,True,False,True,5,3,1254.0,13,9,8,False
15180,Colombia,Medellín,Bronce,True,True,True,0,0,0.0,7,8,7,False
15181,Colombia,Bogotá D.C.,Bronce,True,False,True,4,3,1342.0,5,8,8,False
15182,Colombia,Bogotá D.C.,Bronce,True,False,False,0,0,0.0,10,4,4,True
15183,México,—,Bronce,False,True,True,2,1,621.0,37,7,7,False
15184,México,—,Plata,True,False,True,8,6,3742.0,7,2,4,True
15185,Colombia,Bogotá D.C.,Plata,False,False,False,11,10,6083.0,46,8,9,False
15186,México,—,Bronce,True,False,True,3,2,991.0,16,1,6,True
15187,Colombia,Bucaramanga,Plata,True,False,True,9,6,4062.0,47,0,7,True
15188,Ecuador,—,Plata,False,True,False,11,7,5331.0,26,0,10,True
15189,Colombia,Bogotá D.C.,Bronce,True,True,True,0,0,0.0,30,1,9,True
15190,Colombia,Armenia,Bronce,False,True,True,0,0,0.0,18,9,6,False
15191,Colombia,Otras ciudades,Bronce,False,False,True,4,3,725.0,25,7,8,False
15192,México,—,Plata,False,True,False,13,8,4629.0,5,1,5,True
15193,Colombia,Bogotá D.C.,Plata,False,True,True,10,7,3071.0,14,0,10,True
15194,México,—,Bronce,False,False,True,1,0,0.0,34,8,10,False
15195,Ecuador,—,Bronce,False,False,True,1,0,0.0,41,3,9,True
15196,Perú,—,Bronce,True,True,True,0,0,0.0,66,5,10,True
15197,Colombia,Bogotá D.C.,Bronce,True,False,True,1,0,0.0,8,3,6,True
15198,Colombia,Bogotá D.C.,Bronce,True,False,True,5,3,934.0,26,6,7,True
15199,Perú,—,Bronce,False,False,False,3,2,1026.0,28,9,8,False
15200,Colombia,Santa Marta,Bronce,True,False,True,0,0,0.0,22,0,10,True
15201,Colombia,Bogotá D.C.,Bronce,True,False,True,0,0,0.0,63,3,6,True
15202,Chile,—,Bronce,False,False,True,1,0,0.0,46,5,7,True
15203,México,—,Bronce,False,False,True,0,0,0.0,31,2,7,True
15204,Colombia,Bucaramanga,Plata,True,True,True,8,6,1960.0,29,1,9,True
15205,México,—,Bronce,False,False,True,1,0,0.0,26,3,5,True
15206,Colombia,Cartagena,Bronce,True,False,True,0,0,0.0,53,3,8,True
15207,Colombia,Bogotá D.C.,Bronce,True,False,True,4,3,1589.0,27,19,10,False
15208,Colombia,Bogotá D.C.,Bronce,False,False,True,2,1,448.0,2,3,8,True
15209,Colombia,Santa Marta,Bronce,False,True,True,7,5,2444.0,44,4,10,True
15210,Colombia,Otras ciudades,Bronce,False,False,True,0,0,0.0,19,3,8,True
15211,Colombia,Barranquilla,Bronce,True,False,False,0,0,0.0,39,13,8,False
15212,México,—,Bronce,False,False,True,3,2,1018.0,15,3,7,True
15213,México,—,Bronce,False,False,True,1,0,0.0,55,5,5,True
15214,Colombia,Pereira,Bronce,False,False,True,0,0,0.0,8,1,7,True
15215,México,—,Bronce,False,False,True,1,0,0.0,22,1,7,True
15216,Ecuador,—,Bronce,True,False,True,0,0,0.0,21,5,6,True
15217,México,—,Bronce,False,True,True,0,0,0.0,38,3,8,True
15218,Colombia,Popayán,Bronce,True,False,True,4,3,2092.0,43,15,8,False
15219,Ecuador,—,Bronce,False,False,True,4,2,1058.0,82,3,6,True
15220,Ecuador,—,Bronce,False,True,True,1,0,0.0,9,4,9,True
15221,Colombia,Santa Marta,Bronce,False,False,True,0,0,0.0,5,2,10,True
15222,Colombia,Medellín,Bronce,True,False,True,2,1,559.0,2,22,9,False
15223,Colombia,Cali,Platino,False,True,True,69,59,35598.0,8,6,7,True
15224,Colombia,Pereira,Bronce,True,False,True,0,0,0.0,43,1,9,True
15225,Colombia,Barranquilla,Bronce,False,False,True,0,0,0.0,24,18,5,False
15226,Colombia,Bogotá D.C.,Bronce,False,True,True,1,0,0.0,68,7,7,False
15227,Colombia,Bogotá D.C.,Bronce,False,True,True,1,0,0.0,15,11,7,False
15228,Uruguay,—,Bronce,False,False,True,0,0,0.0,21,0,8,True
15229,Colombia,Bogotá D.C.,Bronce,False,False,False,3,2,1187.0,30,0,8,True
15230,Colombia,Cartagena,Bronce,False,False,True,5,4,1829.0,86,1,8,True
15231,Chile,—,Bronce,False,False,True,2,1,484.0,59,4,9,True
15232,Colombia,Cali,Bronce,False,True,True,3,1,431.0,116,5,10,True
15233,Chile,—,Bronce,False,False,False,0,0,0.0,127,17,9,False
15234,México,—,Bronce,True,True,True,0,0,0.0,26,16,8,False
15235,México,—,Bronce,True,False,True,4,2,834.0,19,9,6,False
15236,Uruguay,—,Bronce,False,True,True,2,1,572.0,63,3,3,True
15237,Uruguay,—,Bronce,False,False,True,3,2,1386.0,14,4,8,True
15238,Colombia,Bogotá D.C.,Bronce,False,True,True,2,1,500.0,82,26,10,False
15239,Colombia,Bogotá D.C.,Bronce,False,False,False,0,0,0.0,46,0,9,True
15240,Colombia,Medellín,Bronce,False,False,True,1,0,0.0,22,11,6,False
15241,México,—,Bronce,False,False,True,2,1,411.0,26,7,8,False
15242,México,—,Bronce,False,True,False,5,4,875.0,31,2,6,True
15243,Colombia,Medellín,Bronce,False,True,False,1,0,0.0,85,3,10,True
15244,Chile,—,Plata,False,True,True,8,6,2937.0,10,1,8,True
15245,México,—,Bronce,False,True,True,2,1,689.0,33,2,9,True
15246,Colombia,Bogotá D.C.,Plata,True,False,True,20,15,7506.0,23,3,5,True
15247,México,—,Plata,False,False,True,13,10,4518.0,41,2,8,True
15248,Colombia,Medellín,Bronce,False,False,False,2,1,457.0,13,3,7,True
15249,Colombia,Bogotá D.C.,Bronce,False,False,False,0,0,0.0,2,5,8,True
15250,Perú,—,Plata,False,False,True,13,10,6393.0,6,7,4,False
15251,Ecuador,—,Bronce,True,True,True,1,0,0.0,3,0,9,True
15252,Uruguay,—,Bronce,False,False,False,1,0,0.0,11,0,5,True
15253,Colombia,Bogotá D.C.,Bronce,False,False,True,0,0,0.0,74,3,8,True
15254,Colombia,Santa Marta,Plata,True,False,True,12,10,5617.0,4,6,9,True
15255,Uruguay,—,Bronce,False,False,True,3,2,1560.0,39,4,10,True
15256,Colombia,Otras ciudades,Bronce,False,True,True,7,4,2454.0,69,5,6,True
15257,Colombia,Barranquilla,Bronce,False,False,True,3,2,1220.0,73,14,8,False
15258,Colombia,Bucaramanga,Bronce,True,False,True,0,0,0.0,6,5,6,True
15259,Colombia,Medellín,Bronce,False,False,False,2,1,559.0,49,17,6,False
15260,Colombia,Bogotá D.C.,Bronce,True,False,True,2,1,287.0,29,24,10,False
15261,Colombia,Bogotá D.C.,Bronce,False,False,False,1,0,0.0,18,6,8,True
15262,Colombia,Cali,Bronce,False,False,False,0,0,0.0,29,11,6,False
15263,México,—,Bronce,True,False,False,3,2,1070.0,34,11,2,False
15264,Uruguay,—,Oro,False,False,True,51,32,8779.0,41,2,8,True
15265,Colombia,Montería,Bronce,True,True,True,6,3,1270.0,12,34,9,False
15266,México,—,Bronce,False,True,True,1,0,0.0,22,28,8,False
15267,Colombia,Barranquilla,Bronce,True,True,False,0,0,0.0,36,2,10,True
15268,México,—,Bronce,False,False,True,3,2,1131.0,76,5,10,True
15269,México,—,Bronce,False,False,True,0,0,0.0,27,10,6,False
15270,Colombia,Ibagué,Bronce,False,True,True,1,0,0.0,9,2,3,True
15271,Colombia,Bogotá D.C.,Bronce,False,False,True,1,0,0.0,32,1,6,True
15272,Colombia,Pereira,Plata,False,False,True,10,9,4555.0,30,4,5,True
15273,Colombia,Otras ciudades,Bronce,False,True,False,0,0,0.0,17,3,8,True
15274,México,—,Bronce,True,False,True,0,0,0.0,56,5,2,True
15275,Colombia,Cali,Bronce,False,False,True,0,0,0.0,25,7,9,False
15276,Colombia,Neiva,Bronce,False,False,True,2,1,340.0,10,23,6,False
15277,Colombia,Medellín,Bronce,False,False,True,0,0,0.0,53,17,6,False
15278,México,—,Bronce,False,False,True,0,0,0.0,9,6,6,True
15279,Colombia,Neiva,Plata,True,False,True,9,7,3607.0,26,5,6,True
15280,Colombia,Bogotá D.C.,Bronce,False,False,True,0,0,0.0,29,20,9,False
15281,Colombia,Medellín,Bronce,False,False,True,0,0,0.0,94,13,8,False
15282,México,—,Bronce,False,True,True,2,1,449.0,33,4,10,True
15283,México,—,Bronce,False,False,True,1,0,0.0,14,25,7,False
15284,Colombia,Bucaramanga,Bronce,True,False,True,4,2,1106.0,38,3,8,True
15285,Colombia,Bucaramanga,Plata,True,False,True,10,8,4210.0,18,1,3,True
15286,México,—,Bronce,True,False,True,3,2,909.0,45,3,9,True
15287,Colombia,Pasto,Plata,True,False,True,13,10,6747.0,37,7,8,False
15288,México,—,Bronce,True,False,True,3,1,423.0,11,4,7,True
15289,Uruguay,—,Bronce,False,False,True,0,0,0.0,23,2,8,True
15290,Colombia,Manizales,Bronce,True,False,True,3,2,809.0,40,2,7,True
15291,Colombia,Pasto,Bronce,False,True,True,0,0,0.0,49,19,7,False
15292,Chile,—,Bronce,True,False,True,0,0,0.0,51,14,6,False
15293,Colombia,Medellín,Bronce,False,False,True,2,1,497.0,53,6,8,True
15294,Colombia,Bogotá D.C.,Bronce,True,False,False,0,0,0.0,47,6,7,True
15295,Colombia,Cali,Plata,True,True,True,9,5,2431.0,8,2,5,True
15296,Colombia,Barranquilla,Bronce,False,False,True,0,0,0.0,4,2,6,True
15297,Colombia,Bucaramanga,Bronce,True,False,True,0,0,0.0,17,1,7,True
15298,Ecuador,—,Plata,False,False,True,12,8,4640.0,34,5,5,True
15299,Colombia,Villavicencio,Bronce,False,False,True,2,1,362.0,80,3,8,True
15300,Colombia,Otras ciudades,Bronce,False,False,False,2,1,578.0,21,6,6,True
15301,Colombia,Otras ciudades,Bronce,False,False,True,3,2,1557.0,18,4,9,True
15302,México,—,Bronce,True,False,True,5,3,1504.0,26,2,9,True
15303,Colombia,Cali,Plata,False,False,True,11,8,4680.0,38,24,6,False
15304,Colombia,Bogotá D.C.,Bronce,False,True,True,1,0,0.0,21,2,8,True
15305,Colombia,Otras ciudades,Bronce,False,True,True,2,1,446.0,22,0,8,True
15306,Colombia,Medellín,Bronce,True,False,False,4,3,1204.0,40,2,8,True
15307,Perú,—,Bronce,False,False,True,5,3,1419.0,43,7,5,False
15308,Uruguay,—,Bronce,False,False,True,1,0,0.0,26,2,7,True
15309,Perú,—,Bronce,True,False,True,4,3,882.0,8,5,8,True
15310,Ecuador,—,Bronce,False,False,True,5,3,1476.0,44,10,8,False
15311,México,—,Bronce,True,False,True,2,1,515.0,48,4,3,True
15312,Colombia,Otras ciudades,Bronce,True,False,True,1,0,0.0,33,11,8,False
15313,México,—,Bronce,True,False,True,1,0,0.0,16,2,6,True
15314,Ecuador,—,Bronce,False,False,False,0,0,0.0,16,7,4,False
15315,México,—,Bronce,True,True,True,0,0,0.0,14,2,10,True
15316,Colombia,Bucaramanga,Bronce,False,True,True,0,0,0.0,16,31,5,False
15317,Colombia,Bogotá D.C.,Bronce,False,False,True,3,2,793.0,13,24,10,False
15318,Colombia,Armenia,Bronce,True,True,True,0,0,0.0,13,5,7,True
15319,Colombia,Medellín,Bronce,True,True,True,3,1,360.0,15,5,8,True
15320,Colombia,Medellín,Bronce,False,False,True,0,0,0.0,19,10,8,False
15321,Colombia,Bucaramanga,Bronce,True,True,True,3,2,1147.0,19,6,6,True
15322,Colombia,Barranquilla,Bronce,True,True,False,2,1,411.0,13,8,9,False
15323,Colombia,Neiva,Bronce,True,True,True,1,0,0.0,23,8,8,False
15324,Ecuador,—,Bronce,False,False,False,2,1,500.0,11,3,8,True
15325,Colombia,Cúcuta,Bronce,False,False,True,5,3,1164.0,18,6,8,True
15326,Chile,—,Bronce,False,False,False,4,3,1644.0,45,2,10,True
15327,Colombia,Villavicencio,Plata,False,False,True,22,16,7571.0,32,4,5,True
15328,Colombia,Bucaramanga,Bronce,False,False,True,0,0,0.0,42,0,6,True
15329,Colombia,Medellín,Bronce,False,True,True,1,0,0.0,21,7,9,False
15330,Colombia,Valledupar,Bronce,False,False,True,2,1,450.0,35,6,10,True
15331,Colombia,Medellín,Plata,False,True,True,15,8,3565.0,40,2,8,True
15332,Colombia,Bogotá D.C.,Bronce,False,False,True,0,0,0.0,45,1,6,True
15333,Colombia,Medellín,Plata,False,True,True,10,8,3783.0,50,2,7,True
15334,Colombia,Valledupar,Bronce,True,False,False,2,1,512.0,11,4,10,True
15335,Colombia,Cartagena,Bronce,True,False,False,0,0,0.0,18,4,4,True
15336,Colombia,Bogotá D.C.,Bronce,True,False,True,0,0,0.0,13,1,5,True
15337,Colombia,Bucaramanga,Bronce,True,True,True,0,0,0.0,21,0,7,True
15338,Colombia,Barranquilla,Bronce,False,False,True,1,0,0.0,13,13,8,False
15339,Colombia,Cali,Bronce,False,False,True,6,4,1893.0,50,7,7,False
15340,Colombia,Medellín,Bronce,False,False,True,4,2,769.0,25,7,10,False
15341,Colombia,Bogotá D.C.,Bronce,False,False,False,2,1,372.0,86,2,10,True
15342,Uruguay,—,Bronce,True,False,False,6,3,2333.0,14,2,10,True
15343,Colombia,Bogotá D.C.,Bronce,False,False,True,3,2,1204.0,17,6,5,True
15344,Colombia,Bogotá D.C.,Bronce,False,False,True,3,2,972.0,4,7,9,False
15345,Colombia,Popayán,Bronce,True,False,True,0,0,0.0,53,5,7,True
15346,México,—,Bronce,False,False,True,1,0,0.0,11,10,7,False
15347,Colombia,Montería,Bronce,True,False,True,3,2,1081.0,3,11,7,False
15348,Colombia,Cali,Plata,False,False,True,10,7,2999.0,30,8,9,False
15349,Colombia,Medellín,Bronce,False,True,True,2,1,635.0,45,7,8,False
15350,México,—,Bronce,False,False,True,6,4,1604.0,19,6,7,True
15351,Colombia,Bogotá D.C.,Plata,False,False,True,10,7,3953.0,7,3,10,True
15352,México,—,Bronce,True,True,False,4,3,1700.0,27,2,8,True
15353,Colombia,Sincelejo,Plata,True,False,True,9,6,3635.0,40,7,6,False
15354,México,—,Bronce,True,True,False,1,0,0.0,22,9,6,False
15355,Colombia,Barranquilla,Bronce,True,False,True,7,6,2033.0,7,2,10,True
15356,Colombia,Medellín,Bronce,True,False,True,0,0,0.0,29,1,5,True
15357,Colombia,Medellín,Plata,True,False,True,9,5,2958.0,50,1,7,True
15358,Colombia,Bogotá D.C.,Bronce,False,False,True,3,2,1101.0,16,6,9,True
15359,Colombia,Bogotá D.C.,Bronce,False,False,False,0,0,0.0,8,5,9,True
15360,Colombia,Manizales,Bronce,True,True,True,1,0,0.0,26,3,4,True
15361,Chile,—,Bronce,False,False,True,1,0,0.0,76,4,7,True
15362,Colombia,Medellín,Bronce,False,True,True,4,3,1599.0,18,2,9,True
15363,Colombia,Cali,Bronce,False,False,True,0,0,0.0,43,4,5,True
15364,Colombia,Bogotá D.C.,Bronce,True,False,True,5,2,514.0,12,0,8,True
15365,Colombia,Cúcuta,Bronce,False,True,True,5,4,1983.0,16,2,8,True
15366,Colombia,Otras ciudades,Bronce,True,False,True,0,0,0.0,12,6,5,True
15367,Colombia,Medellín,Bronce,True,False,True,1,0,0.0,24,8,9,False
15368,Colombia,Armenia,Bronce,False,False,True,3,2,1098.0,30,5,7,True
15369,Colombia,Bogotá D.C.,Bronce,True,True,True,0,0,0.0,1,11,8,False
15370,Ecuador,—,Bronce,True,True,True,2,1,403.0,21,8,10,False
15371,México,—,Bronce,False,True,True,1,0,0.0,21,5,6,True
15372,México,—,Bronce,True,False,True,0,0,0.0,13,9,10,False
15373,Colombia,Pereira,Bronce,True,False,True,0,0,0.0,20,5,9,True
15374,Colombia,Cúcuta,Bronce,False,False,True,0,0,0.0,11,6,10,True
15375,Colombia,Armenia,Bronce,True,False,False,7,6,2478.0,29,2,2,True
15376,México,—,Bronce,False,False,True,2,1,562.0,21,0,5,True
15377,Colombia,Barranquilla,Plata,False,True,True,19,15,8334.0,19,0,7,True
15378,Colombia,Medellín,Bronce,True,True,True,1,0,0.0,26,8,8,False
15379,México,—,Bronce,False,False,True,2,1,572.0,18,8,8,False
15380,México,—,Bronce,False,False,True,0,0,0.0,13,2,5,True
15381,Colombia,Popayán,Bronce,True,False,True,0,0,0.0,13,2,8,True
15382,Colombia,Bogotá D.C.,Bronce,False,False,True,0,0,0.0,5,0,9,True
15383,Colombia,Otras ciudades,Plata,False,False,True,16,12,3261.0,20,4,7,True
15384,Ecuador,—,Bronce,False,True,True,3,2,1063.0,60,1,9,True
15385,Colombia,Pasto,Bronce,True,True,True,1,0,0.0,23,6,8,True
15386,México,—,Bronce,True,False,False,3,2,956.0,8,5,7,True
15387,Uruguay,—,Bronce,False,False,True,0,0,0.0,50,4,9,True
15388,Colombia,Cali,Bronce,False,False,True,2,1,609.0,17,8,6,False
15389,Colombia,Cartagena,Bronce,True,False,True,1,0,0.0,41,12,9,False
15390,Ecuador,—,Bronce,False,False,True,6,4,1907.0,28,6,10,True
15391,Colombia,Barranquilla,Bronce,False,False,False,1,0,0.0,38,3,10,True
15392,México,—,Bronce,False,False,False,6,4,2017.0,46,10,10,False
15393,México,—,Bronce,False,True,False,5,3,1821.0,22,8,7,False
15394,Uruguay,—,Bronce,True,False,True,7,5,1472.0,25,3,9,True
15395,Colombia,Cartagena,Plata,False,False,False,21,12,8614.0,11,6,4,True
15396,Colombia,Bogotá D.C.,Bronce,False,False,True,0,0,0.0,16,2,5,True
15397,Colombia,Bogotá D.C.,Plata,True,False,True,13,10,3789.0,11,3,7,True
15398,México,—,Bronce,False,False,True,7,4,2032.0,12,23,8,False
15399,México,—,Plata,True,True,False,11,8,5762.0,3,11,9,False
15400,Colombia,Cartagena,Bronce,True,True,True,3,2,743.0,64,13,6,False
15401,México,—,Bronce,True,False,True,0,0,0.0,28,0,9,True
15402,Ecuador,—,Bronce,False,False,True,2,1,407.0,7,1,6,True
15403,Colombia,Bogotá D.C.,Bronce,False,False,True,0,0,0.0,52,9,6,False
15404,México,—,Bronce,True,False,True,2,1,602.0,30,0,8,True
15405,México,—,Bronce,False,False,True,2,1,678.0,8,4,6,True
15406,Colombia,Medellín,Bronce,False,False,True,3,2,963.0,4,0,8,True
15407,Ecuador,—,Bronce,True,False,True,2,1,369.0,42,5,8,True
15408,Perú,—,Oro,False,True,True,59,37,20506.0,7,16,5,False
15409,Colombia,Bogotá D.C.,Bronce,True,False,False,0,0,0.0,46,1,6,True
15410,México,—,Bronce,True,False,True,7,6,2982.0,9,0,7,True
15411,México,—,Bronce,True,False,True,0,0,0.0,33,4,5,True
15412,Colombia,Medellín,Bronce,True,True,False,2,1,614.0,27,8,5,False
15413,Ecuador,—,Bronce,False,False,True,3,2,1138.0,59,0,10,True
15414,Colombia,Cúcuta,Bronce,True,False,True,2,1,642.0,16,3,8,True
15415,Colombia,Ibagué,Bronce,False,True,True,5,3,1397.0,44,8,3,False
15416,Colombia,Barranquilla,Bronce,False,False,True,0,0,0.0,17,3,7,True
15417,Colombia,Cartagena,Bronce,True,False,True,0,0,0.0,14,1,7,True
15418,México,—,Bronce,True,False,False,0,0,0.0,56,10,4,False
15419,Colombia,Sincelejo,Bronce,False,False,True,2,1,469.0,13,0,5,True
15420,Colombia,Sincelejo,Bronce,False,False,True,2,1,543.0,8,0,9,True
15421,Colombia,Bogotá D.C.,Bronce,True,False,True,0,0,0.0,59,3,7,True
15422,México,—,Bronce,False,False,True,4,2,1029.0,15,5,7,True
15423,Ecuador,—,Plata,True,False,True,8,7,3226.0,40,9,10,False
15424,Ecuador,—,Bronce,False,False,True,0,0,0.0,17,2,10,True
15425,Colombia,Bogotá D.C.,Bronce,False,False,True,0,0,0.0,45,4,9,True
15426,Colombia,Cali,Bronce,False,True,True,0,0,0.0,33,13,6,False
15427,Colombia,Otras ciudades,Oro,False,True,True,38,26,15008.0,1,3,8,True
15428,Colombia,Cali,Bronce,True,False,True,0,0,0.0,25,5,10,True
15429,Perú,—,Bronce,True,False,True,0,0,0.0,2,16,10,False
15430,Colombia,Bogotá D.C.,Plata,True,True,False,11,9,4235.0,13,3,9,True
15431,Colombia,Neiva,Bronce,False,False,True,0,0,0.0,32,1,10,True
15432,Colombia,Medellín,Bronce,False,False,True,0,0,0.0,11,2,7,True
15433,Colombia,Bogotá D.C.,Bronce,True,False,True,0,0,0.0,36,3,8,True
15434,Uruguay,—,Plata,False,False,True,9,5,2251.0,6,1,9,True
15435,Colombia,Barranquilla,Bronce,False,False,True,0,0,0.0,7,5,10,True
15436,México,—,Plata,False,False,True,23,14,5968.0,22,2,5,True
15437,Colombia,Bucaramanga,Bronce,True,False,True,3,2,977.0,32,11,6,False
15438,México,—,Bronce,False,True,True,0,0,0.0,19,6,8,True
15439,Perú,—,Bronce,True,False,True,0,0,0.0,4,2,10,True
15440,Colombia,Bogotá D.C.,Bronce,False,False,False,2,1,450.0,31,1,4,True
15441,México,—,Bronce,False,False,True,0,0,0.0,31,6,8,True
15442,Colombia,Pereira,Bronce,False,False,True,0,0,0.0,44,8,10,False
15443,Ecuador,—,Bronce,False,False,False,4,3,1840.0,7,1,9,True
15444,Colombia,Medellín,Bronce,False,False,True,0,0,0.0,20,4,6,True
15445,Colombia,Cartagena,Bronce,True,False,True,1,0,0.0,19,0,4,True
15446,Uruguay,—,Bronce,True,True,False,5,3,1657.0,83,16,3,False
15447,Colombia,Cúcuta,Bronce,False,False,True,4,3,1263.0,30,13,7,False
15448,Colombia,Barranquilla,Bronce,False,False,True,3,2,1188.0,27,8,8,False
15449,México,—,Bronce,False,False,True,3,1,484.0,2,2,4,True
15450,Perú,—,Bronce,True,False,False,1,0,0.0,5,1,5,True
15451,Colombia,Bogotá D.C.,Bronce,True,False,False,0,0,0.0,8,5,7,True
15452,México,—,Bronce,True,False,False,3,2,1061.0,10,7,9,False
15453,Colombia,Bogotá D.C.,Bronce,True,False,True,1,0,0.0,29,14,0,False
15454,Colombia,Popayán,Bronce,False,False,True,0,0,0.0,12,2,10,True
15455,México,—,Bronce,False,False,True,1,0,0.0,30,8,6,False
15456,Colombia,Pereira,Bronce,False,False,True,1,0,0.0,39,9,5,False
15457,Ecuador,—,Bronce,True,True,True,0,0,0.0,24,12,10,False
15458,Colombia,Bogotá D.C.,Bronce,False,False,True,0,0,0.0,44,3,5,True
15459,Colombia,Bucaramanga,Bronce,True,False,True,4,2,1125.0,8,1,5,True
15460,Colombia,Bogotá D.C.,Bronce,False,True,True,0,0,0.0,14,6,4,True
15461,Colombia,Medellín,Bronce,False,False,True,0,0,0.0,56,1,8,True
15462,Ecuador,—,Bronce,False,False,True,2,1,225.0,31,0,2,True
15463,Colombia,Bogotá D.C.,Bronce,False,True,False,0,0,0.0,22,0,7,True
15464,México,—,Bronce,False,True,True,1,0,0.0,31,2,5,True
15465,Colombia,Armenia,Bronce,False,False,True,0,0,0.0,67,6,7,True
15466,Colombia,Cali,Bronce,False,False,True,4,2,971.0,19,3,4,True
15467,Colombia,Medellín,Bronce,False,True,True,3,2,445.0,15,2,7,True
15468,Colombia,Medellín,Bronce,False,False,True,3,2,1213.0,17,10,9,False
15469,Colombia,Bogotá D.C.,Bronce,False,False,True,0,0,0.0,26,1,6,True
15470,México,—,Bronce,False,False,True,6,4,2146.0,15,0,6,True
15471,Colombia,Bogotá D.C.,Plata,False,False,True,10,7,4271.0,7,11,9,False
15472,Colombia,Ibagué,Bronce,False,True,True,2,1,248.0,24,5,10,True
15473,Colombia,Medellín,Bronce,False,False,True,1,0,0.0,19,9,8,False
15474,Colombia,Cúcuta,Bronce,False,True,True,4,3,1288.0,12,4,9,True
15475,Colombia,Medellín,Bronce,True,False,True,0,0,0.0,19,0,7,True
15476,Perú,—,Bronce,False,False,True,2,1,220.0,15,9,10,False
15477,Colombia,Barranquilla,Plata,False,False,True,11,6,3473.0,11,3,8,True
15478,México,—,Bronce,False,True,True,0,0,0.0,4,3,8,True
15479,Colombia,Bogotá D.C.,Plata,False,True,True,10,9,4851.0,11,7,10,False
15480,Colombia,Bogotá D.C.,Bronce,False,False,True,7,6,3688.0,4,3,10,True
15481,Colombia,Bogotá D.C.,Plata,False,False,False,12,10,5844.0,5,17,8,False
15482,México,—,Bronce,False,True,True,0,0,0.0,34,2,10,True
15483,Colombia,Bogotá D.C.,Bronce,False,False,True,1,0,0.0,3,4,10,True
15484,Ecuador,—,Bronce,True,False,True,0,0,0.0,29,12,8,False
15485,Colombia,Bogotá D.C.,Bronce,True,False,False,2,1,717.0,43,7,7,False
15486,Colombia,Santa Marta,Bronce,True,False,True,0,0,0.0,5,1,10,True
15487,Colombia,Bogotá D.C.,Bronce,True,True,True,0,0,0.0,14,14,8,False
15488,Colombia,Bucaramanga,Bronce,False,True,True,4,2,945.0,33,9,7,False
15489,Colombia,Montería,Bronce,True,False,True,0,0,0.0,116,6,9,True
15490,Colombia,Barranquilla,Bronce,False,True,True,0,0,0.0,14,6,8,True
15491,Colombia,Ibagué,Bronce,True,False,True,5,3,1101.0,14,10,9,False
15492,México,—,Bronce,True,True,True,2,1,598.0,13,1,9,True
15493,Perú,—,Bronce,True,False,True,1,0,0.0,53,22,10,False
15494,México,—,Bronce,False,True,True,2,1,471.0,22,3,10,True
15495,Colombia,Manizales,Bronce,False,True,True,0,0,0.0,29,3,4,True
15496,Uruguay,—,Bronce,False,False,True,0,0,0.0,31,4,9,True
15497,Colombia,Bogotá D.C.,Bronce,True,True,True,0,0,0.0,29,1,8,True
15498,Colombia,Bogotá D.C.,Bronce,True,False,True,0,0,0.0,48,1,10,True
15499,Colombia,Bogotá D.C.,Bronce,False,False,False,0,0,0.0,81,7,9,False
15500,Perú,—,Bronce,True,False,False,0,0,0.0,19,6,5,True
15501,México,—,Bronce,False,True,True,3,1,613.0,12,4,9,True
15502,Colombia,Cali,Plata,False,False,True,14,10,5466.0,14,1,9,True
15503,México,—,Plata,False,False,False,16,12,7282.0,3,24,10,False
15504,México,—,Bronce,False,False,False,1,0,0.0,54,13,7,False
15505,Perú,—,Bronce,False,False,True,2,1,451.0,25,8,6,False
15506,México,—,Bronce,False,False,False,0,0,0.0,53,3,10,True
15507,Uruguay,—,Bronce,False,False,False,1,0,0.0,75,8,5,False
15508,Colombia,Bogotá D.C.,Bronce,False,True,True,5,3,1454.0,10,3,7,True
15509,México,—,Oro,True,False,True,59,46,19962.0,44,10,5,False
15510,Colombia,Bogotá D.C.,Bronce,True,True,False,0,0,0.0,19,4,7,True
15511,Colombia,Bogotá D.C.,Oro,False,False,False,25,22,10359.0,45,5,5,True
15512,México,—,Oro,True,False,True,38,25,16034.0,10,8,6,False
15513,Colombia,Bogotá D.C.,Bronce,False,False,True,2,1,489.0,10,1,7,True
15514,Colombia,Ibagué,Bronce,False,True,False,2,1,513.0,41,0,7,True
15515,México,—,Bronce,True,False,True,2,1,416.0,61,4,7,True
15516,Colombia,Bogotá D.C.,Bronce,True,False,True,4,3,1314.0,52,0,7,True
15517,Colombia,Barranquilla,Bronce,True,False,True,1,0,0.0,9,11,4,False
15518,Uruguay,—,Bronce,False,False,True,4,2,1077.0,25,6,6,True
15519,Perú,—,Bronce,False,True,True,0,0,0.0,26,5,4,True
15520,Colombia,Bogotá D.C.,Plata,False,True,True,23,20,6646.0,30,0,10,True
15521,Colombia,Cúcuta,Bronce,False,False,True,0,0,0.0,29,4,8,True
15522,Colombia,Otras ciudades,Bronce,False,False,False,1,0,0.0,22,5,9,True
15523,Colombia,Cúcuta,Bronce,True,False,True,3,2,1047.0,21,12,8,False
15524,México,—,Bronce,True,True,True,0,0,0.0,46,3,6,True
15525,Colombia,Bogotá D.C.,Bronce,False,True,True,1,0,0.0,30,3,4,True
15526,Colombia,Santa Marta,Bronce,False,True,True,0,0,0.0,10,1,10,True
15527,México,—,Bronce,False,False,True,3,2,1037.0,23,4,5,True
15528,Ecuador,—,Bronce,False,False,True,4,3,1790.0,4,6,8,True
15529,Perú,—,Bronce,False,False,False,4,3,1770.0,12,5,10,True
15530,México,—,Bronce,False,False,False,0,0,0.0,2,5,8,True
15531,México,—,Bronce,False,True,True,0,0,0.0,10,2,10,True
15532,Colombia,Otras ciudades,Bronce,False,False,True,1,0,0.0,59,5,5,True
15533,México,—,Bronce,True,False,True,3,2,1056.0,36,3,7,True
15534,Uruguay,—,Bronce,True,False,False,5,4,2177.0,13,5,8,True
15535,Uruguay,—,Bronce,False,False,True,3,2,1183.0,31,13,7,False
15536,Colombia,Bogotá D.C.,Bronce,False,True,False,4,3,1008.0,10,3,9,True
15537,Colombia,Neiva,Bronce,False,False,True,0,0,0.0,1,4,9,True
15538,México,—,Plata,False,True,True,19,13,9854.0,24,7,5,False
15539,Colombia,Medellín,Bronce,False,False,False,4,3,1227.0,5,3,10,True
15540,Ecuador,—,Bronce,False,False,True,0,0,0.0,76,0,9,True
15541,Colombia,Pasto,Bronce,True,False,True,7,5,2014.0,51,15,9,False
15542,Colombia,Armenia,Bronce,False,True,True,0,0,0.0,38,3,5,True
15543,Colombia,Bucaramanga,Bronce,True,False,True,6,4,2556.0,8,10,8,False
15544,Colombia,Pereira,Bronce,False,False,True,6,5,2855.0,28,1,8,True
15545,Uruguay,—,Bronce,True,True,True,0,0,0.0,24,2,6,True
15546,Colombia,Medellín,Bronce,True,False,True,2,1,366.0,24,1,8,True
15547,Colombia,Medellín,Bronce,False,True,True,2,1,526.0,49,14,8,False
15548,México,—,Bronce,False,True,False,0,0,0.0,26,5,10,True
15549,Colombia,Bogotá D.C.,Bronce,False,False,True,0,0,0.0,68,11,3,False
15550,Colombia,Bogotá D.C.,Bronce,False,True,True,3,2,998.0,80,1,5,True
15551,Colombia,Medellín,Plata,True,True,True,13,10,6060.0,8,2,7,True
15552,Colombia,Medellín,Bronce,False,False,False,2,1,526.0,87,0,6,True
15553,México,—,Bronce,True,True,True,0,0,0.0,18,1,8,True
15554,Ecuador,—,Bronce,True,False,True,0,0,0.0,28,4,9,True
15555,México,—,Bronce,True,False,True,2,1,419.0,10,6,10,True
15556,México,—,Bronce,False,False,True,1,0,0.0,49,3,9,True
15557,Ecuador,—,Bronce,False,True,True,2,1,565.0,17,5,10,True
15558,Ecuador,—,Bronce,False,False,True,1,0,0.0,32,2,10,True
15559,Colombia,Bogotá D.C.,Bronce,True,False,True,3,2,831.0,4,0,4,True
15560,Colombia,Bogotá D.C.,Plata,False,False,True,11,7,4397.0,10,0,7,True
15561,México,—,Bronce,False,False,True,2,1,728.0,24,1,8,True
15562,Ecuador,—,Bronce,False,True,True,0,0,0.0,68,2,4,True
15563,Colombia,Pereira,Bronce,False,True,True,3,2,730.0,70,2,7,True
15564,Colombia,Bogotá D.C.,Bronce,False,False,True,4,2,971.0,17,1,5,True
15565,México,—,Bronce,True,False,True,4,3,908.0,45,14,8,False
15566,México,—,Bronce,True,False,True,1,0,0.0,7,3,8,True
15567,México,—,Plata,False,False,True,20,12,5922.0,11,0,4,True
15568,México,—,Bronce,False,False,True,1,0,0.0,29,2,5,True
15569,Colombia,Barranquilla,Bronce,True,True,True,1,0,0.0,24,18,7,False
15570,Colombia,Cali,Bronce,True,False,True,5,3,901.0,17,1,10,True
15571,Colombia,Otras ciudades,Plata,True,True,True,11,9,4859.0,13,2,7,True
15572,Colombia,Bogotá D.C.,Bronce,False,False,True,0,0,0.0,89,7,8,False
15573,Colombia,Otras ciudades,Bronce,False,False,True,1,0,0.0,39,4,7,True
15574,Colombia,Bogotá D.C.,Bronce,False,False,True,1,0,0.0,22,5,7,True
15575,Colombia,Manizales,Bronce,False,False,True,4,3,1337.0,25,5,10,True
15576,México,—,Bronce,True,False,True,0,0,0.0,13,3,8,True
15577,Colombia,Barranquilla,Bronce,False,False,True,3,2,762.0,18,4,6,True
15578,México,—,Bronce,False,False,True,2,1,502.0,27,3,7,True
15579,Ecuador,—,Bronce,True,False,True,0,0,0.0,29,8,9,False
15580,México,—,Plata,True,True,True,9,7,3326.0,9,1,4,True
15581,Ecuador,—,Bronce,False,False,True,2,1,654.0,68,8,8,False
15582,Colombia,Pasto,Bronce,True,True,False,0,0,0.0,18,3,10,True
15583,Ecuador,—,Bronce,False,False,True,7,6,3546.0,66,19,8,False
15584,Perú,—,Bronce,True,True,False,0,0,0.0,8,2,9,True
15585,Ecuador,—,Bronce,False,False,True,2,1,697.0,25,2,3,True
15586,Colombia,Barranquilla,Bronce,False,False,True,1,0,0.0,43,3,7,True
15587,Colombia,Otras ciudades,Oro,False,False,False,40,33,14397.0,13,6,5,True
15588,Colombia,Bogotá D.C.,Bronce,False,False,True,0,0,0.0,23,7,9,False
15589,Colombia,Pereira,Bronce,False,False,True,5,3,1171.0,25,4,5,True
15590,Ecuador,—,Bronce,False,True,True,0,0,0.0,2,20,9,False
15591,Colombia,Medellín,Oro,True,False,True,29,26,18309.0,80,8,9,False
15592,Colombia,Barranquilla,Bronce,False,False,False,2,1,599.0,46,6,10,True
15593,Colombia,Medellín,Bronce,False,False,True,2,1,453.0,38,1,8,True
15594,Ecuador,—,Bronce,True,False,True,0,0,0.0,73,2,5,True
15595,Perú,—,Bronce,False,False,True,7,4,1622.0,10,3,6,True
15596,Colombia,Bogotá D.C.,Bronce,False,False,True,1,0,0.0,4,5,4,True
15597,Colombia,Medellín,Bronce,True,False,True,6,5,2301.0,8,1,7,True
15598,Perú,—,Bronce,False,False,True,3,1,286.0,11,10,5,False
15599,México,—,Bronce,False,False,True,3,2,1019.0,62,6,9,True
15600,Colombia,Bucaramanga,Bronce,True,True,True,0,0,0.0,20,1,9,True
15601,Colombia,Otras ciudades,Bronce,True,False,False,1,0,0.0,5,4,3,True
15602,Colombia,Montería,Bronce,False,False,True,1,0,0.0,32,1,9,True
15603,Colombia,Cartagena,Bronce,False,False,True,0,0,0.0,29,9,8,False
15604,México,—,Bronce,True,False,True,0,0,0.0,10,3,7,True
15605,México,—,Bronce,True,False,True,7,4,1986.0,28,3,7,True
15606,Colombia,Cali,Bronce,False,True,True,1,0,0.0,24,4,7,True
15607,Colombia,Bogotá D.C.,Plata,True,False,True,15,13,7900.0,15,4,3,True
15608,Colombia,Bucaramanga,Bronce,False,False,True,2,1,566.0,5,4,10,True
15609,Colombia,Otras ciudades,Plata,False,True,True,9,7,4413.0,64,4,7,True
15610,Colombia,Otras ciudades,Bronce,True,False,False,1,0,0.0,9,7,7,False
15611,Colombia,Bogotá D.C.,Oro,True,False,False,40,28,13548.0,12,3,6,True
15612,Colombia,Bogotá D.C.,Plata,True,False,False,11,9,3971.0,43,4,6,True
15613,Colombia,Barranquilla,Bronce,False,False,False,1,0,0.0,21,9,8,False
15614,Colombia,Sincelejo,Bronce,True,True,False,3,2,1132.0,48,6,10,True
15615,México,—,Bronce,True,False,True,0,0,0.0,24,14,6,False
15616,Colombia,Otras ciudades,Bronce,False,True,True,0,0,0.0,24,0,3,True
15617,Colombia,Bogotá D.C.,Bronce,False,False,True,0,0,0.0,22,6,10,True
15618,Colombia,Otras ciudades,Bronce,True,False,True,1,0,0.0,46,4,6,True
15619,Colombia,Bogotá D.C.,Bronce,True,False,False,2,1,547.0,50,3,10,True
15620,Colombia,Otras ciudades,Bronce,False,False,True,1,0,0.0,44,13,7,False
15621,Colombia,Ibagué,Bronce,True,False,False,0,0,0.0,54,1,9,True
15622,Colombia,Montería,Bronce,True,False,True,4,3,1442.0,25,8,8,False
15623,Colombia,Bogotá D.C.,Bronce,False,False,True,4,2,852.0,51,0,6,True
15624,Colombia,Bogotá D.C.,Bronce,False,True,True,1,0,0.0,40,9,10,False
15625,Colombia,Bogotá D.C.,Plata,True,True,True,9,8,4001.0,17,3,6,True
15626,Colombia,Bogotá D.C.,Bronce,False,False,True,1,0,0.0,11,10,7,False
15627,Colombia,Cúcuta,Bronce,True,False,True,0,0,0.0,17,2,8,True
15628,Ecuador,—,Bronce,True,True,True,2,1,444.0,6,0,8,True
15629,México,—,Bronce,True,False,True,2,1,486.0,12,8,6,False
15630,Colombia,Cúcuta,Plata,False,True,True,8,6,2607.0,45,1,6,True
15631,Ecuador,—,Bronce,False,True,True,1,0,0.0,2,1,6,True
15632,Colombia,Pereira,Oro,False,True,False,37,32,11847.0,10,3,9,True
15633,México,—,Bronce,False,False,True,1,0,0.0,2,4,7,True
15634,Colombia,Manizales,Bronce,True,False,True,0,0,0.0,21,8,8,False
15635,Colombia,Ibagué,Bronce,True,False,False,1,0,0.0,53,4,4,True
15636,Ecuador,—,Bronce,False,False,True,2,1,640.0,42,10,5,False
15637,Colombia,Bogotá D.C.,Bronce,True,False,True,2,1,380.0,6,2,8,True
15638,Colombia,Medellín,Bronce,True,False,True,1,0,0.0,7,6,7,True
15639,México,—,Bronce,True,False,True,0,0,0.0,31,0,4,True
15640,México,—,Bronce,True,False,True,3,2,1056.0,63,5,9,True
15641,Colombia,Valledupar,Bronce,True,False,True,0,0,0.0,41,1,5,True
15642,México,—,Plata,True,False,True,9,7,3217.0,27,5,7,True
15643,Colombia,Barranquilla,Bronce,False,True,True,0,0,0.0,55,1,9,True
15644,Perú,—,Bronce,False,True,True,0,0,0.0,37,11,10,False
15645,México,—,Bronce,False,True,True,1,0,0.0,24,0,6,True
15646,México,—,Bronce,False,False,False,0,0,0.0,62,1,4,True
15647,Colombia,Medellín,Bronce,False,False,True,2,1,648.0,22,2,10,True
15648,Colombia,Manizales,Bronce,False,True,True,1,0,0.0,18,2,10,True
15649,Colombia,Otras ciudades,Bronce,True,False,False,2,1,520.0,15,11,7,False
15650,Colombia,Pereira,Bronce,True,False,True,0,0,0.0,36,1,3,True
15651,Colombia,Bogotá D.C.,Bronce,True,True,False,3,2,715.0,34,2,10,True
15652,Colombia,Cúcuta,Bronce,False,False,True,1,0,0.0,33,7,10,False
15653,Colombia,Medellín,Bronce,False,True,True,0,0,0.0,2,0,7,True
15654,México,—,Plata,False,False,True,9,6,2212.0,19,4,9,True
15655,México,—,Bronce,True,False,True,1,0,0.0,11,6,4,True
15656,Colombia,Pasto,Bronce,False,False,True,2,1,607.0,28,6,7,True
15657,Colombia,Bogotá D.C.,Bronce,False,False,True,1,0,0.0,57,0,9,True
15658,Colombia,Medellín,Bronce,False,True,True,1,0,0.0,6,3,6,True
15659,Ecuador,—,Bronce,False,False,True,1,0,0.0,51,10,4,False
15660,Colombia,Bogotá D.C.,Bronce,False,False,False,1,0,0.0,26,0,5,True
15661,Ecuador,—,Bronce,True,True,True,2,1,562.0,38,11,7,False
15662,Colombia,Bogotá D.C.,Bronce,True,False,True,2,1,505.0,32,2,10,True
15663,Colombia,Otras ciudades,Bronce,False,False,False,1,0,0.0,4,5,7,True
15664,Colombia,Neiva,Bronce,True,True,True,0,0,0.0,7,3,7,True
15665,Chile,—,Bronce,False,False,True,1,0,0.0,21,3,7,True
15666,Colombia,Cali,Bronce,False,True,True,5,4,1561.0,55,5,2,True
15667,Colombia,Cali,Bronce,False,False,False,5,3,1577.0,36,7,5,False
15668,Ecuador,—,Bronce,False,False,True,2,1,438.0,23,8,6,False
15669,Colombia,Medellín,Oro,True,False,True,40,30,13304.0,31,0,3,True
15670,Colombia,Villavicencio,Oro,True,False,True,55,36,24016.0,11,2,10,True
15671,Colombia,Cali,Bronce,True,False,True,6,4,2587.0,22,0,7,True
15672,Colombia,Popayán,Bronce,True,False,True,0,0,0.0,23,0,8,True
15673,Colombia,Cúcuta,Bronce,False,True,True,1,0,0.0,63,1,4,True
15674,Colombia,Popayán,Bronce,False,True,True,5,3,1589.0,25,5,7,True
15675,México,—,Bronce,True,False,True,3,2,1046.0,17,5,7,True
15676,Colombia,Cali,Bronce,True,True,True,0,0,0.0,18,11,9,False
15677,Colombia,Bogotá D.C.,Bronce,True,False,True,1,0,0.0,21,0,10,True
15678,Colombia,Bucaramanga,Bronce,False,False,True,1,0,0.0,6,0,8,True
15679,Colombia,Bogotá D.C.,Bronce,False,True,True,3,1,429.0,27,5,3,True
15680,México,—,Bronce,True,False,True,0,0,0.0,33,5,2,True
15681,Colombia,Valledupar,Plata,False,True,True,9,8,2937.0,16,1,10,True
15682,Ecuador,—,Bronce,True,False,True,0,0,0.0,16,3,5,True
15683,Colombia,Pasto,Bronce,False,False,True,0,0,0.0,11,0,8,True
15684,Ecuador,—,Bronce,False,False,False,0,0,0.0,8,0,6,True
15685,Colombia,Bogotá D.C.,Bronce,True,False,True,2,1,566.0,54,3,2,True
15686,Colombia,Bogotá D.C.,Bronce,True,True,True,0,0,0.0,25,1,7,True
15687,México,—,Bronce,False,True,False,3,2,712.0,19,10,9,False
15688,Colombia,Cali,Bronce,False,False,True,4,2,904.0,26,4,8,True
15689,Colombia,Santa Marta,Bronce,True,False,False,0,0,0.0,20,5,7,True
15690,México,—,Bronce,False,False,True,2,1,670.0,42,4,4,True
15691,Colombia,Bogotá D.C.,Bronce,False,False,True,1,0,0.0,9,10,6,False
15692,Colombia,Bogotá D.C.,Bronce,False,True,True,5,3,1327.0,139,7,7,False
15693,Perú,—,Plata,False,False,False,14,9,4363.0,12,2,9,True
15694,Colombia,Otras ciudades,Plata,False,False,True,9,5,2123.0,48,6,8,True
15695,Colombia,Santa Marta,Bronce,True,False,True,1,0,0.0,22,15,8,False
15696,México,—,Bronce,False,False,True,0,0,0.0,5,3,10,True
15697,Colombia,Bogotá D.C.,Plata,False,False,True,8,7,4259.0,62,11,10,False
15698,Ecuador,—,Plata,False,False,True,8,7,3694.0,36,13,8,False
15699,Colombia,Bucaramanga,Bronce,False,False,True,0,0,0.0,48,1,7,True
15700,México,—,Bronce,True,True,True,2,1,634.0,25,5,8,True
15701,Colombia,Medellín,Bronce,False,False,True,3,2,1258.0,20,7,1,False
15702,Uruguay,—,Bronce,False,False,False,1,0,0.0,116,2,9,True
15703,Colombia,Neiva,Plata,True,False,True,8,7,3070.0,37,12,10,False
15704,Uruguay,—,Bronce,True,False,False,0,0,0.0,55,12,3,False
15705,Colombia,Otras ciudades,Bronce,False,False,True,1,0,0.0,16,4,8,True
15706,Colombia,Bogotá D.C.,Bronce,False,False,False,0,0,0.0,16,0,4,True
15707,Colombia,Bogotá D.C.,Bronce,False,True,True,7,5,2410.0,42,5,9,True
15708,México,—,Plata,True,False,True,9,7,4093.0,28,1,7,True
15709,Colombia,Medellín,Bronce,False,True,False,6,4,1924.0,68,7,5,False
15710,Uruguay,—,Bronce,False,True,True,0,0,0.0,20,1,9,True
15711,Colombia,Medellín,Bronce,False,False,False,2,1,480.0,2,5,7,True
15712,Colombia,Barranquilla,Bronce,True,True,True,0,0,0.0,29,9,6,False
15713,Colombia,Medellín,Bronce,False,True,True,0,0,0.0,7,7,6,False
15714,Colombia,Cartagena,Bronce,True,False,False,0,0,0.0,51,3,10,True
15715,Colombia,Bogotá D.C.,Oro,False,False,True,40,30,13483.0,4,24,8,False
15716,Perú,—,Plata,False,True,True,20,16,9127.0,50,1,7,True
15717,Colombia,Pereira,Plata,True,False,True,13,9,4939.0,10,3,6,True
15718,Colombia,Manizales,Bronce,False,False,True,0,0,0.0,31,14,6,False
15719,Colombia,Medellín,Bronce,False,False,False,4,3,1436.0,36,14,8,False
15720,Ecuador,—,Bronce,True,False,False,0,0,0.0,42,4,6,True
15721,Uruguay,—,Bronce,False,False,True,2,1,480.0,9,4,7,True
15722,Colombia,Bogotá D.C.,Bronce,False,False,False,3,1,337.0,23,6,5,True
15723,Ecuador,—,Bronce,False,False,True,2,1,546.0,11,6,5,True
15724,Colombia,Medellín,Bronce,True,False,True,0,0,0.0,14,18,9,False
15725,Perú,—,Bronce,False,False,True,6,4,2390.0,12,1,6,True
15726,Colombia,Bogotá D.C.,Bronce,False,True,True,1,0,0.0,50,2,8,True
15727,Colombia,Cali,Plata,True,False,True,8,5,1870.0,35,3,9,True
15728,Colombia,Medellín,Bronce,False,False,True,3,1,511.0,37,2,8,True
15729,México,—,Bronce,False,False,True,1,0,0.0,41,20,8,False
15730,Perú,—,Bronce,False,True,False,0,0,0.0,4,9,10,False
15731,Colombia,Sincelejo,Bronce,True,False,True,4,3,1675.0,18,4,6,True
15732,Ecuador,—,Bronce,True,False,False,2,1,557.0,8,11,6,False
15733,Chile,—,Bronce,True,False,True,0,0,0.0,31,2,10,True
15734,Ecuador,—,Bronce,False,True,True,0,0,0.0,8,5,8,True
15735,Colombia,Pereira,Bronce,False,False,True,3,2,1032.0,20,10,6,False
15736,Colombia,Villavicencio,Bronce,True,False,True,0,0,0.0,21,0,8,True
15737,Chile,—,Bronce,True,False,True,0,0,0.0,18,1,7,True
15738,Colombia,Cali,Plata,False,False,False,18,16,5751.0,47,3,8,True
15739,Perú,—,Plata,False,False,True,12,9,4948.0,65,2,10,True
15740,Colombia,Barranquilla,Bronce,True,False,True,0,0,0.0,22,1,5,True
15741,México,—,Bronce,False,True,True,7,5,2474.0,112,3,8,True
15742,Colombia,Villavicencio,Bronce,False,False,False,0,0,0.0,2,7,8,False
15743,Colombia,Bogotá D.C.,Plata,True,False,False,10,7,3623.0,6,5,6,True
15744,Colombia,Bogotá D.C.,Bronce,True,True,True,6,4,1701.0,18,7,8,False
15745,México,—,Bronce,False,False,True,0,0,0.0,17,0,5,True
15746,México,—,Bronce,True,False,False,1,0,0.0,28,2,3,True
15747,Colombia,Bogotá D.C.,Bronce,True,False,True,0,0,0.0,5,17,9,False
15748,Colombia,Medellín,Bronce,True,False,True,0,0,0.0,41,10,3,False
15749,Colombia,Otras ciudades,Plata,False,True,True,9,5,2083.0,33,2,6,True
15750,México,—,Bronce,True,True,True,0,0,0.0,13,17,7,False
15751,Uruguay,—,Bronce,True,True,True,1,0,0.0,42,5,8,True
15752,Colombia,Bogotá D.C.,Oro,True,True,True,40,37,22614.0,3,14,5,False
15753,Colombia,Medellín,Bronce,False,False,True,5,4,1631.0,26,2,8,True
15754,Colombia,Barranquilla,Bronce,False,False,True,1,0,0.0,38,5,6,True
15755,Colombia,Bogotá D.C.,Bronce,True,False,True,1,0,0.0,12,4,6,True
15756,Colombia,Cali,Bronce,True,True,True,1,0,0.0,11,8,7,False
15757,Ecuador,—,Bronce,True,False,True,5,3,1232.0,28,0,5,True
15758,Uruguay,—,Bronce,False,False,False,5,2,860.0,22,1,10,True
15759,México,—,Bronce,False,False,True,2,1,661.0,34,16,10,False
15760,Colombia,Cali,Bronce,False,False,True,2,1,316.0,12,3,8,True
15761,Ecuador,—,Bronce,False,False,False,1,0,0.0,18,3,5,True
15762,Colombia,Otras ciudades,Bronce,True,False,True,7,4,2529.0,27,1,5,True
15763,Colombia,Bogotá D.C.,Bronce,True,False,True,4,3,1803.0,10,20,9,False
15764,Colombia,Barranquilla,Bronce,False,False,True,3,2,1058.0,22,6,7,True
15765,Colombia,Bogotá D.C.,Bronce,False,True,True,1,0,0.0,40,5,9,True
15766,Colombia,Cali,Bronce,True,False,True,7,5,2367.0,23,5,6,True
15767,México,—,Plata,True,False,False,8,6,3454.0,14,6,5,True
15768,México,—,Bronce,True,False,False,2,1,522.0,3,9,9,False
15769,Ecuador,—,Bronce,True,False,True,5,4,2499.0,43,1,9,True
15770,Chile,—,Bronce,False,False,True,1,0,0.0,42,6,6,True
15771,Colombia,Bogotá D.C.,Bronce,True,False,False,4,2,1210.0,13,2,8,True
15772,Perú,—,Bronce,True,True,False,0,0,0.0,33,9,8,False
15773,México,—,Bronce,True,False,True,0,0,0.0,13,2,5,True
15774,Colombia,Bogotá D.C.,Plata,False,True,True,18,10,5877.0,11,1,8,True
15775,Colombia,Pasto,Bronce,False,True,False,0,0,0.0,55,1,6,True
15776,Perú,—,Bronce,False,False,False,0,0,0.0,39,2,10,True
15777,Colombia,Valledupar,Bronce,False,False,True,3,2,1069.0,34,1,8,True
15778,México,—,Bronce,False,False,True,1,0,0.0,13,5,7,True
15779,México,—,Bronce,True,True,True,0,0,0.0,48,5,4,True
15780,Colombia,Barranquilla,Bronce,True,True,True,1,0,0.0,38,2,8,True
15781,Colombia,Pereira,Bronce,True,True,True,7,4,2305.0,14,16,8,False
15782,Ecuador,—,Bronce,True,False,True,6,4,986.0,7,2,8,True
15783,Ecuador,—,Bronce,False,True,False,3,1,379.0,38,4,8,True
15784,Perú,—,Bronce,True,True,True,7,4,2022.0,9,16,10,False
15785,México,—,Bronce,False,True,True,2,1,298.0,10,8,8,False
15786,Colombia,Bogotá D.C.,Bronce,True,False,True,0,0,0.0,101,8,6,False
15787,Colombia,Bogotá D.C.,Bronce,False,False,True,2,1,490.0,19,5,8,True
15788,Colombia,Medellín,Bronce,False,True,True,0,0,0.0,57,2,9,True
15789,Colombia,Medellín,Plata,False,True,True,9,7,5123.0,60,6,5,True
15790,Colombia,Bogotá D.C.,Bronce,True,False,True,0,0,0.0,31,4,6,True
15791,Colombia,Bogotá D.C.,Bronce,False,True,True,0,0,0.0,24,3,6,True
15792,Ecuador,—,Platino,False,False,False,165,107,74056.0,9,0,4,True
15793,Colombia,Bogotá D.C.,Bronce,True,False,True,1,0,0.0,29,3,10,True
15794,México,—,Bronce,True,True,True,0,0,0.0,25,7,7,False
15795,Colombia,Otras ciudades,Bronce,False,True,True,0,0,0.0,72,2,6,True
15796,México,—,Bronce,False,True,False,3,2,1005.0,35,1,5,True
15797,Colombia,Bogotá D.C.,Bronce,False,False,False,3,2,1026.0,28,15,7,False
15798,Colombia,Barranquilla,Bronce,True,False,True,0,0,0.0,4,2,9,True
15799,México,—,Bronce,False,False,True,0,0,0.0,19,2,10,True
15800,Ecuador,—,Plata,False,False,True,9,5,2473.0,24,5,9,True
15801,México,—,Bronce,False,False,True,2,1,412.0,73,10,5,False
15802,Colombia,Medellín,Bronce,False,False,True,0,0,0.0,45,1,10,True
15803,México,—,Bronce,True,False,False,1,0,0.0,33,0,10,True
15804,Colombia,Otras ciudades,Bronce,True,True,True,0,0,0.0,17,5,10,True
15805,Colombia,Bogotá D.C.,Bronce,False,False,True,6,4,1646.0,45,10,10,False
15806,Colombia,Pereira,Plata,True,False,True,18,16,10042.0,21,10,7,False
15807,Colombia,Bogotá D.C.,Bronce,False,False,True,1,0,0.0,7,7,9,False
15808,Colombia,Bogotá D.C.,Bronce,False,False,True,2,1,446.0,26,0,6,True
15809,Colombia,Otras ciudades,Bronce,False,False,True,0,0,0.0,65,6,10,True
15810,Colombia,Bogotá D.C.,Plata,True,False,True,13,9,2487.0,34,8,4,False
15811,Colombia,Cali,Plata,True,False,True,8,7,2762.0,28,6,6,True
15812,Colombia,Bogotá D.C.,Plata,True,False,True,22,14,7750.0,45,1,6,True
15813,Colombia,Medellín,Bronce,True,False,True,0,0,0.0,59,0,7,True
15814,Chile,—,Bronce,False,False,True,2,1,567.0,24,8,8,False
15815,Colombia,Montería,Bronce,True,False,True,0,0,0.0,49,7,8,False
15816,Colombia,Pereira,Bronce,False,True,True,2,1,637.0,24,0,6,True
15817,Ecuador,—,Bronce,False,False,True,1,0,0.0,92,4,8,True
15818,México,—,Bronce,False,False,False,1,0,0.0,9,17,10,False
15819,Colombia,Valledupar,Plata,True,True,True,13,10,5113.0,9,8,7,False
15820,México,—,Bronce,True,True,True,7,5,3675.0,69,8,1,False
15821,Colombia,Bogotá D.C.,Bronce,False,False,True,0,0,0.0,46,6,4,True
15822,Perú,—,Bronce,False,True,False,3,2,863.0,15,10,6,False
15823,Colombia,Medellín,Plata,True,False,True,9,6,3134.0,54,0,10,True
15824,México,—,Bronce,False,True,True,4,2,729.0,41,16,9,False
15825,Colombia,Barranquilla,Bronce,False,False,True,6,3,1287.0,12,5,7,True
15826,Colombia,Bogotá D.C.,Bronce,False,False,True,1,0,0.0,21,3,6,True
15827,Colombia,Sincelejo,Bronce,False,False,True,0,0,0.0,58,10,10,False
15828,Colombia,Bogotá D.C.,Bronce,False,False,True,2,1,537.0,100,9,8,False
15829,Perú,—,Bronce,False,False,True,0,0,0.0,36,12,7,False
15830,Ecuador,—,Plata,False,False,False,14,9,4327.0,21,1,9,True
15831,México,—,Plata,True,False,True,20,11,4191.0,29,17,7,False
15832,México,—,Bronce,True,False,True,6,4,2465.0,55,0,6,True
15833,México,—,Bronce,True,True,True,5,3,1510.0,36,8,2,False
15834,México,—,Bronce,True,False,True,0,0,0.0,24,5,3,True
15835,Colombia,Villavicencio,Oro,False,False,True,31,19,8925.0,60,0,5,True
15836,Colombia,Pereira,Bronce,False,False,True,0,0,0.0,16,1,6,True
15837,México,—,Bronce,True,False,True,1,0,0.0,49,2,6,True
15838,Colombia,Barranquilla,Bronce,True,False,True,1,0,0.0,10,7,7,False
15839,Colombia,Cali,Bronce,False,False,True,4,3,1507.0,15,12,10,False
15840,Colombia,Bogotá D.C.,Bronce,False,True,True,3,2,992.0,32,0,6,True
15841,Colombia,Ibagué,Bronce,False,True,True,0,0,0.0,16,9,6,False
15842,Ecuador,—,Bronce,False,True,True,1,0,0.0,12,1,6,True
15843,Ecuador,—,Bronce,False,False,False,2,1,510.0,50,14,5,False
15844,Colombia,Medellín,Bronce,False,False,True,3,1,469.0,48,2,8,True
15845,Colombia,Bogotá D.C.,Oro,True,False,True,28,23,12792.0,11,3,6,True
15846,Colombia,Otras ciudades,Plata,True,True,True,10,9,4267.0,15,2,7,True
15847,México,—,Bronce,False,False,True,0,0,0.0,41,16,9,False
15848,Perú,—,Bronce,True,True,False,0,0,0.0,18,3,8,True
15849,Colombia,Bogotá D.C.,Bronce,True,False,True,7,4,2074.0,18,10,10,False
15850,Colombia,Bogotá D.C.,Bronce,False,False,True,3,1,396.0,68,4,8,True
15851,México,—,Bronce,False,True,True,1,0,0.0,2,6,4,True
15852,Colombia,Barranquilla,Plata,False,False,True,10,9,3406.0,21,2,6,True
15853,Colombia,Medellín,Plata,True,False,False,18,10,4997.0,7,1,7,True
15854,Colombia,Cali,Bronce,True,False,True,4,3,1286.0,65,1,7,True
15855,Ecuador,—,Bronce,False,False,True,1,0,0.0,38,2,7,True
15856,Colombia,Bogotá D.C.,Bronce,True,True,False,0,0,0.0,44,1,10,True
15857,Colombia,Barranquilla,Bronce,True,True,True,1,0,0.0,2,10,10,False
15858,Perú,—,Bronce,True,False,False,0,0,0.0,19,0,6,True
15859,Colombia,Valledupar,Bronce,False,False,True,0,0,0.0,52,10,7,False
15860,Colombia,Ibagué,Bronce,False,False,False,2,1,587.0,68,5,4,True
15861,Colombia,Medellín,Bronce,True,True,True,0,0,0.0,21,12,4,False
15862,Ecuador,—,Bronce,False,True,False,3,1,307.0,7,2,9,True
15863,Perú,—,Bronce,True,False,True,2,1,554.0,58,3,5,True
15864,México,—,Bronce,False,False,False,0,0,0.0,30,10,5,False
15865,México,—,Bronce,True,False,True,1,0,0.0,13,0,9,True
15866,Colombia,Bogotá D.C.,Bronce,False,False,True,0,0,0.0,44,6,8,True
15867,Colombia,Bogotá D.C.,Bronce,True,False,True,1,0,0.0,11,4,6,True
15868,Perú,—,Bronce,False,True,False,4,3,1457.0,43,14,9,False
15869,Colombia,Cali,Bronce,True,False,False,0,0,0.0,24,6,7,True
15870,Ecuador,—,Bronce,False,False,False,0,0,0.0,27,10,7,False
15871,Ecuador,—,Bronce,True,True,True,0,0,0.0,11,1,5,True
15872,Ecuador,—,Bronce,False,False,True,0,0,0.0,26,4,6,True
15873,Ecuador,—,Bronce,False,False,True,2,1,465.0,51,8,7,False
15874,Colombia,Otras ciudades,Bronce,False,False,True,1,0,0.0,62,8,9,False
15875,Colombia,Bogotá D.C.,Bronce,False,False,True,0,0,0.0,29,3,7,True
15876,Colombia,Bogotá D.C.,Bronce,False,True,True,1,0,0.0,64,9,10,False
15877,Colombia,Bogotá D.C.,Oro,True,True,True,26,15,5923.0,10,6,7,True
15878,Colombia,Barranquilla,Bronce,True,True,True,1,0,0.0,45,21,8,False
15879,Colombia,Bogotá D.C.,Bronce,False,False,True,0,0,0.0,11,7,4,False
15880,México,—,Bronce,True,False,True,0,0,0.0,7,1,10,True
15881,Perú,—,Bronce,True,False,True,4,2,1059.0,55,19,6,False
15882,Colombia,Medellín,Bronce,False,False,True,0,0,0.0,25,4,6,True
15883,Colombia,Bogotá D.C.,Bronce,False,True,True,3,2,835.0,68,0,3,True
15884,Colombia,Bogotá D.C.,Bronce,True,False,True,6,5,1864.0,91,3,10,True
15885,México,—,Bronce,False,True,True,4,3,1587.0,30,4,10,True
15886,Colombia,Bogotá D.C.,Bronce,False,True,True,1,0,0.0,64,7,5,False
15887,Colombia,Santa Marta,Bronce,True,False,False,0,0,0.0,13,2,10,True
15888,Colombia,Medellín,Bronce,True,False,True,0,0,0.0,21,8,7,False
15889,Colombia,Bogotá D.C.,Platino,True,False,False,216,194,116836.0,29,5,10,True
15890,Colombia,Otras ciudades,Plata,True,False,False,17,10,5013.0,43,0,5,True
15891,Ecuador,—,Plata,True,True,True,13,11,5967.0,64,5,7,True
15892,Colombia,Cali,Bronce,False,True,True,2,1,642.0,12,1,10,True
15893,Perú,—,Plata,False,False,True,10,5,2544.0,18,2,9,True
15894,Colombia,Cali,Bronce,False,False,True,0,0,0.0,16,0,5,True
15895,México,—,Bronce,True,False,True,1,0,0.0,28,4,9,True
15896,Uruguay,—,Bronce,False,False,True,7,5,3173.0,26,6,6,True
15897,Colombia,Bogotá D.C.,Bronce,False,True,True,0,0,0.0,13,5,5,True
15898,Colombia,Cali,Bronce,False,False,True,1,0,0.0,69,16,8,False
15899,México,—,Bronce,False,True,True,3,2,1234.0,24,11,7,False
15900,Colombia,Barranquilla,Bronce,True,False,True,1,0,0.0,26,2,9,True
15901,México,—,Bronce,False,False,True,2,1,607.0,54,4,7,True
15902,Colombia,Barranquilla,Bronce,True,False,True,1,0,0.0,10,11,9,False
15903,Uruguay,—,Bronce,False,False,True,2,1,394.0,46,3,10,True
15904,Colombia,Cali,Bronce,False,False,True,0,0,0.0,19,11,8,False
15905,Colombia,Bogotá D.C.,Bronce,True,False,True,0,0,0.0,69,0,8,True
15906,Colombia,Ibagué,Plata,False,False,False,11,10,6072.0,40,0,4,True
15907,Colombia,Pereira,Bronce,True,False,True,0,0,0.0,19,4,10,True
15908,México,—,Bronce,False,True,True,2,1,329.0,67,2,9,True
15909,Colombia,Bogotá D.C.,Bronce,False,True,True,0,0,0.0,17,17,9,False
15910,Colombia,Bogotá D.C.,Bronce,True,False,True,4,2,1075.0,26,2,7,True
15911,Colombia,Popayán,Bronce,False,True,True,0,0,0.0,59,8,5,False
15912,Colombia,Medellín,Bronce,True,False,True,0,0,0.0,7,9,6,False
15913,Colombia,Sincelejo,Bronce,True,False,True,0,0,0.0,9,8,3,False
15914,Colombia,Bogotá D.C.,Oro,True,False,True,27,21,13737.0,20,13,4,False
15915,Colombia,Cali,Bronce,False,False,True,1,0,0.0,29,3,10,True
15916,Colombia,Bogotá D.C.,Plata,False,True,True,11,9,4974.0,33,4,6,True
15917,Ecuador,—,Bronce,True,True,True,0,0,0.0,9,0,7,True
15918,Perú,—,Plata,False,False,True,9,6,1844.0,19,3,9,True
15919,Colombia,Medellín,Bronce,False,True,True,0,0,0.0,28,2,6,True
15920,Colombia,Bucaramanga,Bronce,True,True,True,0,0,0.0,35,2,10,True
15921,Colombia,Bogotá D.C.,Plata,False,True,True,19,16,9004.0,56,6,9,True
15922,Colombia,Cali,Bronce,False,False,True,4,3,1387.0,8,2,9,True
15923,Colombia,Armenia,Bronce,False,True,True,0,0,0.0,14,3,3,True
15924,Colombia,Medellín,Bronce,False,False,False,0,0,0.0,1,2,7,True
15925,México,—,Bronce,False,True,True,0,0,0.0,35,4,7,True
15926,Colombia,Barranquilla,Bronce,True,False,True,5,4,2049.0,14,1,10,True
15927,Colombia,Cali,Bronce,True,False,False,0,0,0.0,4,5,10,True
15928,Colombia,Medellín,Bronce,True,True,False,0,0,0.0,8,0,10,True
15929,Colombia,Bucaramanga,Bronce,True,False,False,0,0,0.0,15,1,8,True
15930,Colombia,Bogotá D.C.,Bronce,False,False,True,1,0,0.0,26,2,8,True
15931,Colombia,Villavicencio,Bronce,True,True,True,3,2,999.0,23,0,6,True
15932,Colombia,Neiva,Bronce,False,False,True,1,0,0.0,95,2,10,True
15933,Colombia,Otras ciudades,Bronce,False,False,False,0,0,0.0,19,23,9,False
15934,Colombia,Bogotá D.C.,Bronce,True,True,True,1,0,0.0,46,11,5,False
15935,Ecuador,—,Bronce,True,False,False,3,2,1081.0,44,1,10,True
15936,Ecuador,—,Bronce,False,False,True,5,3,1296.0,13,3,8,True
15937,Colombia,Otras ciudades,Bronce,True,False,True,4,3,1484.0,58,0,8,True
15938,México,—,Bronce,False,False,False,0,0,0.0,7,1,7,True
15939,México,—,Plata,False,False,True,13,9,5208.0,59,8,6,False
15940,Perú,—,Bronce,False,False,True,2,1,532.0,25,1,6,True
15941,México,—,Bronce,False,True,True,6,4,2180.0,34,4,7,True
15942,Colombia,Bucaramanga,Bronce,True,False,False,0,0,0.0,71,17,6,False
15943,México,—,Plata,True,True,True,17,14,8577.0,68,6,10,True
15944,Colombia,Cali,Bronce,True,False,True,0,0,0.0,23,2,5,True
15945,Colombia,Bogotá D.C.,Bronce,False,False,False,4,2,1117.0,20,0,9,True
15946,Colombia,Santa Marta,Bronce,True,False,False,0,0,0.0,22,1,10,True
15947,Colombia,Bogotá D.C.,Bronce,True,False,True,6,4,1881.0,98,1,4,True
15948,Colombia,Bogotá D.C.,Oro,True,False,False,25,20,12863.0,32,10,8,False
15949,México,—,Bronce,True,False,False,2,1,421.0,3,3,5,True
15950,Chile,—,Bronce,False,True,True,2,1,447.0,6,5,7,True
15951,Colombia,Pasto,Bronce,False,False,True,0,0,0.0,41,0,9,True
15952,Colombia,Cali,Bronce,True,True,False,0,0,0.0,51,13,7,False
15953,México,—,Bronce,True,False,True,0,0,0.0,55,2,9,True
15954,Colombia,Otras ciudades,Bronce,False,True,True,3,2,876.0,38,8,5,False
15955,Uruguay,—,Bronce,False,False,True,1,0,0.0,28,4,10,True
15956,Colombia,Manizales,Bronce,False,False,False,3,2,689.0,12,1,10,True
15957,Colombia,Villavicencio,Bronce,True,False,True,0,0,0.0,24,2,8,True
15958,Colombia,Cali,Bronce,True,False,True,0,0,0.0,6,2,6,True
15959,Colombia,Popayán,Bronce,True,False,True,0,0,0.0,8,4,7,True
15960,Colombia,Santa Marta,Bronce,False,False,True,1,0,0.0,12,23,6,False
15961,México,—,Plata,False,False,True,8,6,3673.0,5,3,8,True
15962,México,—,Bronce,False,False,True,0,0,0.0,36,14,10,False
15963,Ecuador,—,Bronce,False,True,False,0,0,0.0,7,8,4,False
15964,Colombia,Medellín,Bronce,False,False,True,0,0,0.0,10,0,8,True
15965,Colombia,Cali,Bronce,False,False,True,1,0,0.0,7,8,7,False
15966,México,—,Bronce,False,True,True,2,1,454.0,62,2,10,True
15967,Colombia,Cartagena,Bronce,False,False,True,4,2,1216.0,13,12,5,False
15968,Uruguay,—,Bronce,True,False,True,1,0,0.0,19,6,10,True
15969,Colombia,Medellín,Bronce,False,False,True,1,0,0.0,42,2,8,True
15970,Colombia,Medellín,Plata,False,True,True,9,5,3016.0,27,3,9,True
15971,Colombia,Bucaramanga,Bronce,False,True,True,0,0,0.0,65,2,10,True
15972,Colombia,Cartagena,Bronce,False,False,True,0,0,0.0,22,4,10,True
15973,México,—,Bronce,False,False,True,0,0,0.0,42,12,7,False
15974,Colombia,Bucaramanga,Bronce,True,True,False,0,0,0.0,2,5,6,True
15975,México,—,Bronce,True,True,False,0,0,0.0,33,3,10,True
15976,Colombia,Cali,Bronce,False,False,True,1,0,0.0,25,5,4,True
15977,Colombia,Pereira,Bronce,False,False,True,6,4,2111.0,68,2,4,True
15978,México,—,Bronce,False,True,True,0,0,0.0,35,2,6,True
15979,México,—,Bronce,False,False,True,3,2,642.0,28,5,10,True
15980,México,—,Bronce,False,False,True,1,0,0.0,27,12,6,False
15981,Colombia,Bogotá D.C.,Bronce,True,False,True,1,0,0.0,45,2,8,True
15982,Colombia,Bogotá D.C.,Bronce,False,True,False,2,1,460.0,5,2,5,True
15983,Colombia,Cúcuta,Bronce,True,False,True,3,2,1020.0,19,3,7,True
15984,Perú,—,Bronce,False,False,True,2,1,525.0,18,10,6,False
15985,Colombia,Bogotá D.C.,Bronce,False,False,True,2,1,313.0,40,5,4,True
15986,Perú,—,Bronce,True,True,False,0,0,0.0,21,4,6,True
15987,Colombia,Barranquilla,Bronce,True,False,True,2,1,441.0,180,1,10,True
15988,Ecuador,—,Oro,False,False,True,32,25,14588.0,73,5,10,True
15989,Ecuador,—,Bronce,True,True,True,4,2,812.0,21,8,6,False
15990,Colombia,Manizales,Plata,False,False,False,21,17,8875.0,27,0,7,True
15991,México,—,Bronce,False,False,True,0,0,0.0,15,18,8,False
15992,México,—,Plata,True,True,True,9,7,2452.0,70,2,7,True
15993,Colombia,Otras ciudades,Bronce,False,True,False,3,2,1352.0,13,1,7,True
15994,Colombia,Neiva,Bronce,True,False,True,1,0,0.0,24,18,8,False
15995,México,—,Bronce,True,True,False,3,2,1121.0,22,0,2,True
15996,Colombia,Cali,Bronce,False,False,True,6,4,1501.0,24,1,6,True
15997,Chile,—,Bronce,True,False,True,2,1,324.0,3,0,10,True
15998,Perú,—,Bronce,False,False,True,1,0,0.0,42,12,7,False
15999,Ecuador,—,Bronce,True,False,True,1,0,0.0,18,2,5,True
16000,Perú,—,Bronce,False,False,True,2,1,501.0,20,6,6,True
16001,Colombia,Barranquilla,Plata,True,False,True,10,7,4736.0,26,12,3,False
16002,Colombia,Neiva,Bronce,True,False,False,3,2,978.0,34,5,10,True
16003,México,—,Bronce,False,True,True,4,3,2450.0,6,4,4,True
16004,Colombia,Otras ciudades,Bronce,True,False,False,1,0,0.0,11,6,9,True
16005,Uruguay,—,Bronce,True,False,True,0,0,0.0,45,2,5,True
16006,México,—,Bronce,True,False,True,3,2,1431.0,82,4,5,True
16007,Colombia,Medellín,Bronce,False,False,True,5,3,1425.0,9,4,9,True
16008,Colombia,Bogotá D.C.,Bronce,False,False,True,7,4,1483.0,12,14,8,False
16009,Colombia,Bogotá D.C.,Bronce,False,False,True,2,1,494.0,42,5,5,True
16010,México,—,Bronce,False,True,True,3,1,415.0,24,11,9,False
16011,Colombia,Bucaramanga,Bronce,False,False,False,3,2,911.0,41,8,9,False
16012,México,—,Plata,False,False,False,10,6,2030.0,17,1,7,True
16013,Colombia,Cali,Plata,False,False,True,18,15,5092.0,49,3,7,True
16014,México,—,Bronce,True,False,True,6,3,2003.0,63,7,8,False
16015,Ecuador,—,Bronce,True,True,True,0,0,0.0,24,6,7,True
16016,Colombia,Bogotá D.C.,Plata,False,True,True,15,12,4597.0,26,7,5,False
16017,Colombia,Ibagué,Bronce,False,False,True,1,0,0.0,21,7,8,False
16018,Colombia,Medellín,Bronce,False,False,True,0,0,0.0,15,3,8,True
16019,Perú,—,Plata,False,True,False,16,9,4628.0,76,5,9,True
16020,Colombia,Bogotá D.C.,Platino,True,False,True,311,239,116404.0,10,2,9,True
16021,México,—,Bronce,False,False,True,0,0,0.0,13,10,10,False
16022,México,—,Bronce,True,False,True,0,0,0.0,18,4,10,True
16023,Colombia,Pereira,Plata,True,False,True,21,15,7453.0,67,1,6,True
16024,Colombia,Bogotá D.C.,Bronce,False,False,True,2,1,556.0,4,9,7,False
16025,Colombia,Pereira,Bronce,False,False,False,0,0,0.0,21,1,7,True
16026,Colombia,Armenia,Bronce,True,True,True,0,0,0.0,12,9,8,False
16027,Colombia,Otras ciudades,Bronce,False,True,True,0,0,0.0,20,11,5,False
16028,Colombia,Cali,Bronce,True,False,True,0,0,0.0,56,2,8,True
16029,México,—,Bronce,False,True,True,2,1,503.0,51,8,5,False
16030,Colombia,Medellín,Bronce,False,False,True,0,0,0.0,68,20,6,False
16031,México,—,Bronce,False,False,True,1,0,0.0,25,0,5,True
16032,Ecuador,—,Bronce,False,False,True,0,0,0.0,40,33,9,False
16033,Colombia,Bogotá D.C.,Bronce,True,True,True,0,0,0.0,11,1,10,True
16034,Uruguay,—,Bronce,False,False,True,1,0,0.0,22,6,10,True
16035,México,—,Bronce,True,False,True,1,0,0.0,11,2,10,True
16036,Perú,—,Bronce,False,False,True,7,5,2322.0,49,0,10,True
16037,Colombia,Otras ciudades,Bronce,True,True,True,0,0,0.0,10,2,8,True
16038,Colombia,Bogotá D.C.,Oro,True,True,True,58,48,33730.0,23,12,6,False
16039,Colombia,Otras ciudades,Bronce,False,True,True,2,1,336.0,71,2,9,True
16040,Colombia,Bogotá D.C.,Bronce,False,True,True,0,0,0.0,1,6,10,True
16041,Colombia,Bogotá D.C.,Bronce,True,False,True,0,0,0.0,22,2,7,True
16042,Colombia,Pereira,Bronce,True,False,True,6,4,1228.0,54,8,5,False
16043,Colombia,Santa Marta,Bronce,True,False,True,6,4,1333.0,50,8,10,False
16044,Uruguay,—,Bronce,True,True,True,0,0,0.0,10,7,6,False
16045,Colombia,Bogotá D.C.,Bronce,False,False,False,0,0,0.0,80,1,8,True
16046,México,—,Bronce,True,False,True,0,0,0.0,26,0,9,True
16047,México,—,Bronce,False,True,True,0,0,0.0,9,12,5,False
16048,Colombia,Bucaramanga,Bronce,False,False,True,0,0,0.0,79,3,9,True
16049,Chile,—,Bronce,True,True,True,3,2,1018.0,6,3,6,True
16050,México,—,Bronce,True,False,True,2,1,530.0,31,13,9,False
16051,Colombia,Medellín,Oro,True,False,True,43,31,13258.0,14,9,8,False
16052,Colombia,Barranquilla,Bronce,True,False,False,3,2,967.0,34,1,6,True
16053,Ecuador,—,Bronce,False,False,True,0,0,0.0,44,2,10,True
16054,Colombia,Popayán,Bronce,False,True,True,4,2,1076.0,31,4,4,True
16055,Ecuador,—,Bronce,True,False,True,4,2,1241.0,44,4,8,True
16056,Perú,—,Bronce,False,False,True,1,0,0.0,21,4,6,True
16057,Colombia,Bogotá D.C.,Bronce,False,True,True,0,0,0.0,29,0,3,True
16058,Colombia,Bogotá D.C.,Bronce,False,True,True,1,0,0.0,5,5,6,True
16059,Chile,—,Bronce,True,True,True,0,0,0.0,35,13,7,False
16060,Colombia,Medellín,Bronce,True,False,True,1,0,0.0,1,34,8,False
16061,Ecuador,—,Bronce,True,False,True,0,0,0.0,39,4,10,True
16062,Colombia,Medellín,Bronce,True,False,True,2,1,421.0,51,25,7,False
16063,Colombia,Bogotá D.C.,Plata,True,False,True,9,5,2000.0,138,5,7,True
16064,Colombia,Pereira,Bronce,True,False,True,3,2,861.0,26,1,7,True
16065,Colombia,Bogotá D.C.,Plata,True,False,True,11,8,4195.0,14,15,8,False
16066,Perú,—,Bronce,False,True,True,1,0,0.0,44,5,10,True
16067,Colombia,Ibagué,Bronce,False,False,True,0,0,0.0,13,1,5,True
16068,Colombia,Pereira,Bronce,True,False,True,2,1,541.0,86,6,7,True
16069,Ecuador,—,Bronce,False,False,True,0,0,0.0,22,1,8,True
16070,Colombia,Cúcuta,Bronce,True,True,True,1,0,0.0,64,18,8,False
16071,Colombia,Bogotá D.C.,Plata,False,False,True,11,7,2295.0,25,6,7,True
16072,Uruguay,—,Bronce,False,True,True,6,5,1678.0,19,3,5,True
16073,México,—,Bronce,True,False,True,2,1,612.0,14,6,4,True
16074,México,—,Bronce,False,True,True,1,0,0.0,14,5,7,True
16075,Colombia,Bogotá D.C.,Bronce,True,False,False,0,0,0.0,39,9,9,False
16076,Colombia,Barranquilla,Bronce,False,False,True,0,0,0.0,18,3,7,True
16077,México,—,Bronce,False,True,True,2,1,497.0,27,1,8,True
16078,Colombia,Cartagena,Plata,False,True,True,14,12,7291.0,26,13,5,False
16079,Colombia,Ibagué,Bronce,False,False,True,2,1,315.0,52,6,1,True
16080,México,—,Bronce,True,True,True,0,0,0.0,11,10,10,False
16081,Colombia,Santa Marta,Bronce,False,False,False,0,0,0.0,31,21,7,False
16082,Ecuador,—,Bronce,False,True,True,4,3,1344.0,46,21,7,False
16083,Colombia,Bogotá D.C.,Bronce,False,True,True,0,0,0.0,15,2,7,True
16084,Uruguay,—,Platino,True,False,True,74,66,42324.0,7,19,9,False
16085,Colombia,Bogotá D.C.,Bronce,True,False,True,1,0,0.0,18,5,10,True
16086,Ecuador,—,Bronce,False,False,True,0,0,0.0,81,10,7,False
16087,Perú,—,Bronce,False,True,True,0,0,0.0,22,2,7,True
16088,Colombia,Pereira,Bronce,False,False,False,2,1,528.0,26,10,7,False
16089,Colombia,Medellín,Bronce,False,True,True,2,1,511.0,1,5,6,True
16090,Colombia,Bucaramanga,Bronce,True,False,True,1,0,0.0,6,16,8,False
16091,Colombia,Barranquilla,Bronce,False,False,True,3,2,944.0,23,1,10,True
16092,Perú,—,Bronce,False,False,False,2,1,685.0,5,2,9,True
16093,Colombia,Bogotá D.C.,Plata,False,True,True,13,11,3794.0,57,14,2,False
16094,Colombia,Cali,Bronce,False,True,True,3,2,1230.0,4,8,8,False
16095,Colombia,Armenia,Bronce,True,False,True,0,0,0.0,5,16,7,False
16096,Colombia,Cali,Bronce,True,False,True,0,0,0.0,75,11,8,False
16097,Colombia,Otras ciudades,Bronce,False,False,True,2,1,497.0,9,5,10,True
16098,Ecuador,—,Plata,True,False,True,8,6,3161.0,37,5,9,True
16099,Colombia,Bogotá D.C.,Bronce,True,False,True,4,2,1179.0,58,7,9,False
16100,México,—,Plata,True,True,True,17,12,4389.0,21,1,5,True
16101,Colombia,Villavicencio,Bronce,False,False,True,4,3,1701.0,10,1,8,True
16102,Perú,—,Bronce,True,False,True,3,2,634.0,60,1,10,True
16103,Colombia,Montería,Bronce,True,False,True,1,0,0.0,7,7,4,False
16104,Perú,—,Bronce,True,False,True,0,0,0.0,34,4,10,True
16105,Colombia,Santa Marta,Bronce,True,True,True,0,0,0.0,20,5,10,True
16106,Colombia,Bogotá D.C.,Bronce,False,False,True,0,0,0.0,25,5,6,True
16107,México,—,Plata,True,False,True,15,9,4680.0,5,6,10,True
16108,Colombia,Pereira,Bronce,False,False,True,5,4,2727.0,36,6,9,True
16109,Colombia,Bogotá D.C.,Bronce,True,False,True,3,2,1233.0,32,2,10,True
16110,Colombia,Medellín,Bronce,True,False,True,6,3,1557.0,36,7,4,False
16111,Uruguay,—,Plata,False,False,False,8,5,2173.0,17,9,6,False
16112,Colombia,Bogotá D.C.,Bronce,True,True,True,3,1,495.0,14,3,8,True
16113,México,—,Bronce,True,True,True,0,0,0.0,9,6,10,True
16114,Colombia,Bogotá D.C.,Bronce,False,True,True,3,2,792.0,38,3,6,True
16115,Colombia,Sincelejo,Bronce,False,True,True,0,0,0.0,29,16,7,False
16116,Colombia,Barranquilla,Bronce,False,True,True,2,1,539.0,36,1,4,True
16117,Colombia,Cali,Bronce,False,True,True,0,0,0.0,5,4,7,True
16118,México,—,Plata,True,True,False,8,4,806.0,18,9,6,False
16119,Colombia,Bogotá D.C.,Bronce,False,False,True,0,0,0.0,13,2,6,True
16120,México,—,Bronce,False,False,True,1,0,0.0,58,5,10,True
16121,Chile,—,Bronce,False,False,True,0,0,0.0,22,4,5,True
16122,México,—,Platino,False,True,True,78,65,33737.0,37,7,8,False
16123,Perú,—,Bronce,False,True,True,7,6,2827.0,41,3,8,True
16124,Colombia,Bogotá D.C.,Bronce,False,False,True,0,0,0.0,19,4,8,True
16125,Colombia,Popayán,Bronce,False,False,False,0,0,0.0,24,1,9,True
16126,Ecuador,—,Bronce,True,False,True,0,0,0.0,6,10,8,False
16127,Perú,—,Bronce,False,False,True,2,1,468.0,53,5,6,True
16128,Colombia,Medellín,Bronce,True,False,False,1,0,0.0,30,12,10,False
16129,México,—,Bronce,True,False,False,6,4,2308.0,29,4,7,True
16130,Colombia,Medellín,Bronce,True,False,True,0,0,0.0,72,7,7,False
16131,México,—,Bronce,True,False,True,3,2,1030.0,8,2,5,True
16132,Colombia,Otras ciudades,Bronce,True,True,True,0,0,0.0,34,14,8,False
16133,Colombia,Medellín,Bronce,False,False,True,0,0,0.0,8,1,7,True
16134,Colombia,Bucaramanga,Bronce,False,False,True,0,0,0.0,10,6,3,True
16135,Colombia,Barranquilla,Bronce,True,False,True,0,0,0.0,26,4,10,True
16136,Colombia,Cali,Bronce,False,False,True,2,1,341.0,11,4,8,True
16137,Colombia,Barranquilla,Bronce,True,False,True,0,0,0.0,43,0,10,True
16138,México,—,Bronce,False,True,True,2,1,480.0,34,12,4,False
16139,México,—,Bronce,True,True,True,0,0,0.0,23,5,5,True
16140,Colombia,Bogotá D.C.,Bronce,False,False,True,0,0,0.0,11,12,3,False
16141,México,—,Bronce,True,True,True,6,3,1033.0,27,0,10,True
16142,Perú,—,Bronce,False,False,True,2,1,356.0,21,8,8,False
16143,México,—,Bronce,True,False,True,4,2,865.0,28,6,7,True
16144,Colombia,Ibagué,Bronce,False,True,True,1,0,0.0,15,12,7,False
16145,Colombia,Bogotá D.C.,Plata,True,False,True,13,11,4642.0,16,6,8,True
16146,Colombia,Bogotá D.C.,Platino,True,False,True,111,102,35455.0,28,13,8,False
16147,Colombia,Bogotá D.C.,Bronce,True,False,True,3,1,507.0,45,3,8,True
16148,Colombia,Otras ciudades,Bronce,False,True,True,0,0,0.0,20,6,10,True
16149,Uruguay,—,Bronce,False,True,True,2,1,464.0,26,3,2,True
16150,México,—,Plata,False,False,False,11,8,3943.0,92,4,7,True
16151,Colombia,Bogotá D.C.,Bronce,False,True,True,1,0,0.0,8,0,2,True
16152,México,—,Bronce,True,True,True,1,0,0.0,34,3,7,True
16153,México,—,Bronce,True,True,True,7,5,2274.0,18,9,8,False
16154,Colombia,Bogotá D.C.,Bronce,True,False,True,0,0,0.0,8,3,10,True
16155,Colombia,Bogotá D.C.,Bronce,True,False,True,0,0,0.0,20,3,4,True
16156,Colombia,Bogotá D.C.,Bronce,False,False,True,2,1,512.0,16,5,6,True
16157,Colombia,Cúcuta,Plata,True,True,True,10,8,4955.0,43,5,6,True
16158,Colombia,Bogotá D.C.,Bronce,False,False,True,1,0,0.0,70,8,7,False
16159,Colombia,Bogotá D.C.,Bronce,False,True,True,0,0,0.0,32,16,9,False
16160,Colombia,Neiva,Bronce,False,True,True,0,0,0.0,31,3,5,True
16161,Colombia,Cúcuta,Bronce,True,False,True,0,0,0.0,12,0,10,True
16162,Colombia,Cúcuta,Bronce,False,False,True,5,4,2049.0,50,3,7,True
16163,Colombia,Manizales,Bronce,True,True,False,2,1,486.0,13,8,5,False
16164,Colombia,Bogotá D.C.,Bronce,True,False,True,0,0,0.0,12,5,9,True
16165,Ecuador,—,Bronce,False,False,True,0,0,0.0,1,4,6,True
16166,Colombia,Cali,Bronce,False,False,True,1,0,0.0,16,19,6,False
16167,Colombia,Medellín,Bronce,True,False,True,1,0,0.0,50,13,7,False
16168,Chile,—,Plata,True,False,True,12,10,4582.0,28,1,8,True
16169,Colombia,Bogotá D.C.,Bronce,False,True,True,3,2,682.0,10,13,8,False
16170,México,—,Bronce,False,False,False,1,0,0.0,12,2,8,True
16171,México,—,Bronce,False,False,True,0,0,0.0,5,17,5,False
16172,Colombia,Bogotá D.C.,Bronce,False,False,True,0,0,0.0,34,1,8,True
16173,Colombia,Otras ciudades,Bronce,True,False,True,3,2,1045.0,20,8,7,False
16174,Colombia,Cartagena,Oro,False,False,True,30,21,6859.0,36,6,2,True
16175,Colombia,Bogotá D.C.,Bronce,False,True,True,0,0,0.0,66,8,6,False
16176,Colombia,Bogotá D.C.,Bronce,True,False,True,2,1,593.0,18,4,8,True
16177,Colombia,Cali,Bronce,True,True,True,5,3,1570.0,13,5,9,True
16178,Colombia,Bogotá D.C.,Bronce,False,False,True,1,0,0.0,41,11,9,False
16179,Ecuador,—,Bronce,True,False,True,3,2,1061.0,9,4,9,True
16180,Colombia,Medellín,Bronce,True,False,False,5,2,1209.0,56,7,5,False
16181,Colombia,Montería,Bronce,False,True,False,1,0,0.0,6,6,8,True
16182,Colombia,Cartagena,Bronce,False,False,True,0,0,0.0,74,15,6,False
16183,México,—,Bronce,False,False,False,0,0,0.0,137,6,10,True
16184,Colombia,Cali,Bronce,True,False,True,2,1,389.0,6,1,5,True
16185,Colombia,Otras ciudades,Bronce,False,True,True,0,0,0.0,12,2,8,True
16186,Colombia,Medellín,Bronce,True,False,True,0,0,0.0,49,2,8,True
16187,Perú,—,Bronce,True,False,True,3,2,957.0,49,3,5,True
16188,Colombia,Cartagena,Bronce,False,False,True,0,0,0.0,21,14,8,False
16189,Colombia,Sincelejo,Bronce,True,False,True,1,0,0.0,10,14,5,False
16190,Colombia,Bogotá D.C.,Bronce,True,False,True,1,0,0.0,1,10,10,False
16191,Uruguay,—,Bronce,False,False,False,3,2,836.0,6,9,6,False
16192,México,—,Bronce,True,False,True,0,0,0.0,25,5,9,True
16193,Uruguay,—,Bronce,False,True,True,2,1,367.0,14,0,8,True
16194,México,—,Bronce,False,False,False,3,1,460.0,3,2,7,True
16195,Colombia,Bogotá D.C.,Bronce,True,False,True,0,0,0.0,10,9,9,False
16196,Colombia,Bogotá D.C.,Bronce,False,True,True,1,0,0.0,27,14,8,False
16197,Colombia,Bogotá D.C.,Plata,False,True,True,23,18,8014.0,1,1,6,True
16198,Colombia,Bogotá D.C.,Bronce,False,False,False,1,0,0.0,4,2,8,True
16199,Colombia,Bogotá D.C.,Bronce,False,True,True,0,0,0.0,6,13,8,False
16200,México,—,Bronce,False,False,True,1,0,0.0,6,5,5,True
16201,Colombia,Bucaramanga,Plata,False,True,True,8,6,2400.0,28,1,5,True
16202,Ecuador,—,Bronce,False,False,False,6,4,1836.0,14,3,6,True
16203,Colombia,Bucaramanga,Bronce,False,True,True,1,0,0.0,90,9,3,False
16204,Colombia,Cali,Bronce,False,False,False,1,0,0.0,29,4,6,True
16205,Colombia,Bucaramanga,Bronce,False,True,True,4,2,869.0,20,1,10,True
16206,Colombia,Bogotá D.C.,Oro,False,False,True,26,21,8076.0,68,5,9,True
16207,Perú,—,Bronce,True,False,False,3,2,1311.0,50,0,7,True
16208,México,—,Bronce,True,False,True,6,3,2199.0,82,7,7,False
16209,Colombia,Ibagué,Bronce,False,False,False,1,0,0.0,55,0,7,True
16210,Colombia,Cúcuta,Bronce,True,False,False,1,0,0.0,31,2,8,True
16211,Colombia,Medellín,Bronce,False,False,True,3,2,814.0,10,9,7,False
16212,Colombia,Medellín,Bronce,True,False,False,0,0,0.0,13,1,9,True
16213,México,—,Bronce,False,False,True,2,1,387.0,3,2,6,True
16214,Colombia,Bogotá D.C.,Bronce,True,False,True,0,0,0.0,42,8,5,False
16215,Perú,—,Bronce,False,False,True,0,0,0.0,25,3,9,True
16216,Colombia,Medellín,Bronce,False,False,False,2,1,660.0,37,2,6,True
16217,Colombia,Ibagué,Bronce,True,False,True,0,0,0.0,2,2,6,True
16218,Perú,—,Bronce,False,True,True,1,0,0.0,8,13,6,False
16219,México,—,Plata,False,True,True,14,8,4221.0,16,10,8,False
16220,México,—,Bronce,False,False,True,0,0,0.0,30,7,6,False
16221,Colombia,Pasto,Bronce,False,False,True,1,0,0.0,24,7,5,False
16222,Colombia,Medellín,Bronce,False,False,True,1,0,0.0,24,15,5,False
16223,Perú,—,Oro,False,False,True,28,16,4495.0,36,7,8,False
16224,Colombia,Cali,Plata,False,False,False,18,16,7459.0,8,6,3,True
16225,Colombia,Bogotá D.C.,Bronce,False,False,True,1,0,0.0,23,10,10,False
16226,Colombia,Bogotá D.C.,Bronce,True,True,True,1,0,0.0,10,9,8,False
16227,México,—,Bronce,True,True,True,2,1,356.0,11,6,10,True
16228,Ecuador,—,Bronce,True,False,True,3,1,623.0,15,4,10,True
16229,Perú,—,Bronce,False,True,True,1,0,0.0,63,15,3,False
16230,Uruguay,—,Bronce,False,False,True,1,0,0.0,18,5,7,True
16231,Colombia,Villavicencio,Bronce,True,False,False,7,5,2901.0,11,18,7,False
16232,México,—,Bronce,True,True,True,0,0,0.0,1,4,6,True
16233,Colombia,Cali,Bronce,True,False,True,2,1,392.0,50,8,9,False
16234,Perú,—,Bronce,False,False,False,0,0,0.0,20,1,10,True
16235,Colombia,Bucaramanga,Bronce,True,False,False,2,1,568.0,15,2,9,True
16236,Colombia,Bogotá D.C.,Bronce,True,False,False,4,2,1058.0,36,0,10,True
16237,Colombia,Barranquilla,Bronce,False,False,True,2,1,552.0,26,7,7,False
16238,México,—,Bronce,True,True,True,3,2,1009.0,30,4,5,True
16239,Chile,—,Bronce,True,True,True,0,0,0.0,23,7,8,False
16240,Colombia,Cartagena,Bronce,False,False,False,0,0,0.0,19,4,7,True
16241,Colombia,Bucaramanga,Bronce,False,False,False,0,0,0.0,28,5,8,True
16242,Colombia,Bogotá D.C.,Bronce,True,False,True,0,0,0.0,32,0,6,True
16243,Colombia,Bogotá D.C.,Bronce,False,False,True,0,0,0.0,4,14,5,False
16244,Perú,—,Bronce,True,False,True,0,0,0.0,8,2,8,True
16245,Colombia,Bogotá D.C.,Bronce,False,False,True,1,0,0.0,13,12,7,False
16246,Colombia,Medellín,Bronce,False,True,True,0,0,0.0,69,4,10,True
16247,Colombia,Pereira,Bronce,True,False,True,3,2,545.0,49,4,7,True
16248,Colombia,Otras ciudades,Plata,True,False,True,8,5,2072.0,15,3,3,True
16249,Colombia,Bogotá D.C.,Bronce,False,False,True,1,0,0.0,19,11,5,False
16250,México,—,Bronce,False,False,True,6,3,1741.0,4,4,5,True
16251,México,—,Bronce,False,False,False,0,0,0.0,10,5,8,True
16252,Colombia,Bogotá D.C.,Bronce,True,True,True,0,0,0.0,64,4,8,True
16253,Colombia,Cali,Bronce,True,False,True,2,1,473.0,38,12,4,False
16254,Colombia,Otras ciudades,Bronce,True,True,True,0,0,0.0,6,2,8,True
16255,Colombia,Medellín,Bronce,False,False,True,0,0,0.0,57,14,9,False
16256,Colombia,Cúcuta,Bronce,False,False,True,0,0,0.0,51,8,8,False
16257,México,—,Bronce,False,False,True,5,4,1803.0,37,13,4,False
16258,Colombia,Cali,Bronce,False,True,True,0,0,0.0,13,5,8,True
16259,Colombia,Armenia,Bronce,True,True,False,1,0,0.0,18,1,8,True
16260,Perú,—,Bronce,False,False,False,1,0,0.0,4,4,5,True
16261,México,—,Plata,True,False,False,12,9,5446.0,7,3,8,True
16262,México,—,Bronce,True,False,True,1,0,0.0,37,5,8,True
16263,Colombia,Barranquilla,Bronce,False,True,True,1,0,0.0,8,13,9,False
16264,Colombia,Barranquilla,Bronce,False,False,True,2,1,424.0,62,1,7,True
16265,Colombia,Bogotá D.C.,Bronce,True,False,True,1,0,0.0,75,4,9,True
16266,Colombia,Barranquilla,Bronce,True,False,True,0,0,0.0,17,3,10,True
16267,México,—,Bronce,False,False,False,0,0,0.0,30,0,9,True
16268,Colombia,Cali,Bronce,False,True,True,2,1,638.0,43,8,10,False
16269,Colombia,Barranquilla,Bronce,False,True,True,3,2,934.0,42,10,10,False
16270,Colombia,Bogotá D.C.,Bronce,False,False,True,0,0,0.0,10,6,3,True
16271,México,—,Plata,False,False,True,8,4,2053.0,7,10,3,False
16272,México,—,Bronce,False,False,False,0,0,0.0,30,1,3,True
16273,Colombia,Otras ciudades,Bronce,True,False,True,0,0,0.0,41,3,6,True
16274,Colombia,Bogotá D.C.,Bronce,False,True,True,1,0,0.0,61,1,10,True
16275,México,—,Bronce,False,False,True,0,0,0.0,74,2,8,True
16276,Colombia,Barranquilla,Plata,False,True,False,14,12,3684.0,28,13,7,False
16277,Colombia,Otras ciudades,Bronce,True,True,False,3,2,1420.0,5,6,8,True
16278,Colombia,Bogotá D.C.,Bronce,True,False,True,2,1,422.0,40,2,5,True
16279,Colombia,Ibagué,Bronce,True,False,True,2,1,475.0,19,3,9,True
16280,Colombia,Santa Marta,Bronce,False,False,True,6,5,2856.0,57,5,10,True
16281,Colombia,Armenia,Bronce,False,False,True,1,0,0.0,6,5,8,True
16282,México,—,Bronce,False,False,False,1,0,0.0,36,8,8,False
16283,México,—,Plata,False,True,True,12,8,3865.0,94,7,9,False
16284,Colombia,Pereira,Bronce,False,False,False,5,3,1771.0,26,2,3,True
16285,Colombia,Bogotá D.C.,Bronce,False,False,True,7,5,2313.0,26,8,10,False
16286,Colombia,Medellín,Bronce,False,False,True,2,1,667.0,78,15,8,False
16287,Colombia,Medellín,Bronce,False,False,False,0,0,0.0,6,10,10,False
16288,Perú,—,Bronce,False,False,True,0,0,0.0,31,2,7,True
16289,México,—,Bronce,True,True,True,4,2,1365.0,101,10,9,False
16290,Perú,—,Bronce,True,False,True,0,0,0.0,63,3,6,True
16291,Colombia,Barranquilla,Bronce,False,False,True,1,0,0.0,11,2,10,True
16292,Colombia,Bucaramanga,Bronce,True,False,True,6,5,2386.0,35,3,6,True
16293,Colombia,Cali,Plata,True,False,True,24,20,7834.0,1,4,9,True
16294,México,—,Bronce,True,False,True,0,0,0.0,46,5,6,True
16295,Uruguay,—,Bronce,False,False,True,0,0,0.0,6,3,8,True
16296,Colombia,Bucaramanga,Bronce,False,True,True,0,0,0.0,7,6,7,True
16297,Colombia,Medellín,Bronce,True,True,True,1,0,0.0,23,10,6,False
16298,Colombia,Bogotá D.C.,Bronce,True,False,True,1,0,0.0,24,3,8,True
16299,Colombia,Manizales,Bronce,True,False,True,1,0,0.0,44,4,8,True
16300,Colombia,Neiva,Bronce,False,True,True,2,1,634.0,11,9,9,False
16301,Colombia,Bogotá D.C.,Bronce,False,False,True,1,0,0.0,26,9,10,False
16302,Ecuador,—,Bronce,False,False,True,2,1,570.0,27,5,7,True
16303,México,—,Plata,False,False,True,9,6,3635.0,6,16,5,False
16304,Colombia,Medellín,Bronce,True,False,False,1,0,0.0,80,0,7,True
16305,Colombia,Medellín,Bronce,True,False,True,0,0,0.0,27,13,9,False
16306,México,—,Bronce,False,False,True,7,4,2076.0,14,11,10,False
16307,Uruguay,—,Plata,True,False,True,14,8,5434.0,58,7,5,False
16308,Colombia,Medellín,Bronce,False,False,True,3,2,912.0,32,2,3,True
16309,Colombia,Otras ciudades,Bronce,False,False,True,3,2,1006.0,63,4,4,True
16310,Colombia,Bogotá D.C.,Oro,True,False,True,28,24,6459.0,12,9,8,False
16311,Perú,—,Bronce,False,False,True,7,4,2318.0,10,2,8,True
16312,Colombia,Armenia,Bronce,True,False,False,1,0,0.0,28,19,7,False
16313,Uruguay,—,Bronce,False,False,True,0,0,0.0,32,3,8,True
16314,Ecuador,—,Bronce,False,False,True,0,0,0.0,20,5,8,True
16315,Colombia,Bogotá D.C.,Bronce,True,False,True,1,0,0.0,25,5,6,True
16316,Colombia,Bucaramanga,Bronce,True,False,True,0,0,0.0,13,8,5,False
16317,Colombia,Pereira,Bronce,False,False,True,4,2,1108.0,74,3,10,True
16318,Colombia,Bogotá D.C.,Bronce,False,True,True,3,2,1030.0,23,1,8,True
16319,Colombia,Bogotá D.C.,Plata,False,False,True,18,14,7529.0,24,0,8,True
16320,Colombia,Bogotá D.C.,Plata,True,True,True,17,11,4918.0,33,7,3,False
16321,Colombia,Bucaramanga,Bronce,False,False,True,1,0,0.0,40,0,8,True
16322,Uruguay,—,Plata,True,False,True,12,9,5572.0,78,4,4,True
16323,Colombia,Cali,Plata,False,False,True,18,11,6362.0,20,12,10,False
16324,Uruguay,—,Plata,False,False,True,18,15,5134.0,39,1,4,True
16325,México,—,Bronce,True,False,False,2,1,467.0,6,7,10,False
16326,Colombia,Manizales,Plata,False,False,True,9,5,2762.0,6,7,7,False
16327,Perú,—,Bronce,True,False,True,2,1,518.0,45,3,9,True
16328,Colombia,Cali,Plata,False,False,True,8,6,2873.0,39,3,6,True
16329,Colombia,Pereira,Bronce,True,False,True,2,1,232.0,7,6,6,True
16330,México,—,Bronce,True,False,True,0,0,0.0,78,9,8,False
16331,Colombia,Bogotá D.C.,Platino,False,True,True,89,73,29561.0,66,2,9,True
16332,Colombia,Cali,Bronce,True,False,False,0,0,0.0,30,9,9,False
16333,Colombia,Bucaramanga,Bronce,False,False,True,4,3,647.0,45,5,8,True
16334,Colombia,Valledupar,Bronce,False,False,False,0,0,0.0,11,3,7,True
16335,Colombia,Pereira,Bronce,False,False,False,6,5,2153.0,54,4,10,True
16336,Colombia,Bogotá D.C.,Bronce,True,False,True,0,0,0.0,31,7,8,False
16337,Colombia,Bogotá D.C.,Bronce,True,False,False,2,1,535.0,23,1,5,True
16338,Perú,—,Bronce,False,True,False,5,3,1082.0,10,8,2,False
16339,Colombia,Bogotá D.C.,Bronce,False,False,True,0,0,0.0,17,12,9,False
16340,Ecuador,—,Bronce,False,True,False,0,0,0.0,14,1,9,True
16341,Colombia,Barranquilla,Bronce,True,True,True,0,0,0.0,30,3,10,True
16342,Colombia,Medellín,Bronce,False,False,True,1,0,0.0,33,3,5,True
16343,Ecuador,—,Bronce,False,False,True,4,2,1269.0,19,10,5,False
16344,Colombia,Bogotá D.C.,Bronce,True,True,True,3,2,980.0,12,5,6,True
16345,Colombia,Cúcuta,Bronce,True,False,True,2,1,535.0,28,5,8,True
16346,México,—,Bronce,True,False,False,2,1,626.0,14,0,10,True
16347,Uruguay,—,Bronce,False,False,True,0,0,0.0,43,23,5,False
16348,Ecuador,—,Bronce,False,False,True,0,0,0.0,24,1,6,True
16349,Colombia,Bogotá D.C.,Bronce,False,False,False,3,2,1025.0,45,2,6,True
16350,Colombia,Bogotá D.C.,Bronce,False,False,True,1,0,0.0,10,3,8,True
16351,México,—,Bronce,False,False,True,1,0,0.0,5,7,7,False
16352,México,—,Bronce,False,False,True,1,0,0.0,12,10,9,False
16353,Colombia,Otras ciudades,Bronce,False,False,True,0,0,0.0,26,2,10,True
16354,Colombia,Otras ciudades,Bronce,True,False,False,2,1,475.0,30,2,9,True
16355,México,—,Bronce,False,False,True,4,3,1884.0,43,11,4,False
16356,Colombia,Bucaramanga,Bronce,True,False,False,2,1,543.0,18,11,9,False
16357,Uruguay,—,Bronce,True,True,True,5,3,1267.0,49,11,8,False
16358,Colombia,Bogotá D.C.,Bronce,False,False,True,0,0,0.0,20,13,3,False
16359,Colombia,Cúcuta,Plata,True,False,True,21,17,9099.0,9,1,10,True
16360,Colombia,Cúcuta,Bronce,False,False,True,0,0,0.0,28,1,8,True
16361,Perú,—,Bronce,False,False,True,0,0,0.0,9,5,10,True
16362,Colombia,Bogotá D.C.,Bronce,False,False,True,0,0,0.0,60,0,4,True
16363,Colombia,Otras ciudades,Plata,True,False,True,8,5,2398.0,4,8,6,False
16364,Colombia,Bogotá D.C.,Bronce,True,True,True,0,0,0.0,3,7,8,False
16365,Colombia,Otras ciudades,Plata,False,True,True,8,4,2350.0,8,2,9,True
16366,Colombia,Cali,Bronce,True,False,True,0,0,0.0,28,2,4,True
16367,México,—,Bronce,True,False,True,3,2,826.0,34,11,10,False
16368,Colombia,Bogotá D.C.,Bronce,False,False,True,7,4,2303.0,31,16,10,False
16369,Colombia,Ibagué,Bronce,False,False,True,1,0,0.0,25,9,10,False
16370,Colombia,Bogotá D.C.,Bronce,False,True,True,0,0,0.0,28,12,8,False
16371,México,—,Plata,True,False,True,10,6,2069.0,20,6,5,True
16372,Colombia,Valledupar,Bronce,False,False,False,2,1,491.0,25,8,3,False
16373,Ecuador,—,Bronce,False,True,True,0,0,0.0,9,9,4,False
16374,Colombia,Medellín,Bronce,True,False,True,3,2,1196.0,22,11,7,False
16375,Colombia,Cali,Plata,True,False,False,8,7,3064.0,27,1,5,True
16376,Colombia,Neiva,Plata,False,False,True,8,6,3524.0,29,2,5,True
16377,Colombia,Manizales,Bronce,False,False,True,6,4,1143.0,33,1,6,True
16378,Perú,—,Bronce,True,True,False,6,4,1895.0,31,12,10,False
16379,Colombia,Bogotá D.C.,Bronce,False,True,True,2,1,396.0,58,5,7,True
16380,México,—,Bronce,False,False,False,4,2,961.0,13,5,8,True
16381,México,—,Oro,True,False,True,30,24,14633.0,55,12,6,False
16382,Colombia,Bogotá D.C.,Bronce,False,True,True,1,0,0.0,40,1,9,True
16383,México,—,Bronce,True,False,True,2,1,624.0,23,18,8,False
16384,Colombia,Manizales,Bronce,False,True,True,0,0,0.0,43,8,5,False
16385,Colombia,Cali,Bronce,True,False,True,1,0,0.0,14,6,10,True
16386,Colombia,Bogotá D.C.,Bronce,False,False,False,0,0,0.0,32,4,4,True
16387,Colombia,Otras ciudades,Bronce,True,True,True,0,0,0.0,37,4,7,True
16388,Colombia,Barranquilla,Bronce,False,True,True,1,0,0.0,64,9,6,False
16389,Colombia,Villavicencio,Bronce,False,True,True,1,0,0.0,36,4,5,True
16390,Colombia,Pereira,Bronce,True,False,True,0,0,0.0,18,2,9,True
16391,México,—,Bronce,True,False,True,2,1,438.0,13,11,8,False
16392,Colombia,Otras ciudades,Plata,True,True,True,16,12,7036.0,15,1,7,True
16393,Colombia,Barranquilla,Bronce,False,False,True,1,0,0.0,63,11,8,False
16394,Colombia,Bogotá D.C.,Plata,False,False,True,11,8,2880.0,65,2,8,True
16395,Colombia,Bogotá D.C.,Bronce,True,False,True,0,0,0.0,27,6,3,True
16396,Colombia,Bogotá D.C.,Bronce,True,False,True,0,0,0.0,73,10,7,False
16397,México,—,Bronce,True,False,True,1,0,0.0,35,8,10,False
16398,Colombia,Bogotá D.C.,Bronce,False,False,True,5,3,1336.0,26,23,7,False
16399,Ecuador,—,Bronce,True,False,True,0,0,0.0,10,6,6,True
16400,México,—,Bronce,False,False,True,0,0,0.0,19,9,9,False
16401,Colombia,Bogotá D.C.,Oro,True,False,True,25,20,7815.0,12,2,9,True
16402,Colombia,Bucaramanga,Bronce,False,True,False,0,0,0.0,26,0,10,True
16403,Colombia,Medellín,Bronce,False,True,True,6,5,2373.0,35,7,8,False
16404,Colombia,Bogotá D.C.,Bronce,True,False,True,2,1,522.0,4,16,9,False
16405,Colombia,Medellín,Bronce,True,True,True,0,0,0.0,14,17,10,False
16406,México,—,Bronce,True,False,True,0,0,0.0,75,4,8,True
16407,Colombia,Cali,Bronce,False,True,True,0,0,0.0,38,0,1,True
16408,Colombia,Bogotá D.C.,Bronce,False,False,True,3,2,1100.0,15,3,8,True
16409,Colombia,Otras ciudades,Bronce,False,True,False,0,0,0.0,41,12,10,False
16410,Colombia,Medellín,Plata,False,False,True,13,10,4748.0,4,9,5,False
16411,Uruguay,—,Bronce,False,False,False,0,0,0.0,1,3,5,True
16412,Colombia,Cartagena,Bronce,True,False,False,0,0,0.0,33,5,7,True
16413,Colombia,Bogotá D.C.,Bronce,True,False,True,0,0,0.0,17,1,6,True
16414,Colombia,Barranquilla,Bronce,True,True,True,0,0,0.0,6,1,7,True
16415,Colombia,Medellín,Bronce,True,False,True,0,0,0.0,109,2,6,True
16416,México,—,Bronce,True,False,True,0,0,0.0,8,2,7,True
16417,Ecuador,—,Bronce,False,False,True,0,0,0.0,3,2,4,True
16418,Colombia,Pereira,Bronce,False,False,True,2,1,687.0,19,11,10,False
16419,Uruguay,—,Bronce,False,False,True,7,5,2149.0,26,2,5,True
16420,Colombia,Bogotá D.C.,Bronce,False,False,False,0,0,0.0,56,7,4,False
16421,Colombia,Medellín,Bronce,False,False,True,2,1,481.0,74,3,7,True
16422,Colombia,Cartagena,Bronce,False,False,True,5,4,1791.0,3,4,8,True
16423,Colombia,Bogotá D.C.,Bronce,True,False,True,1,0,0.0,38,12,4,False
16424,México,—,Bronce,True,False,True,7,5,3099.0,4,13,8,False
16425,Chile,—,Bronce,False,False,True,0,0,0.0,20,8,7,False
16426,Uruguay,—,Bronce,False,True,True,0,0,0.0,16,8,10,False
16427,México,—,Bronce,True,False,True,4,2,1057.0,10,1,9,True
16428,Ecuador,—,Bronce,False,True,True,0,0,0.0,31,12,9,False
16429,Perú,—,Bronce,True,False,False,1,0,0.0,34,6,5,True
16430,Colombia,Medellín,Bronce,True,True,False,1,0,0.0,34,3,1,True
16431,Uruguay,—,Bronce,False,True,True,1,0,0.0,56,2,8,True
16432,Colombia,Otras ciudades,Bronce,True,False,False,2,1,512.0,16,5,9,True
16433,México,—,Bronce,False,False,True,1,0,0.0,45,11,9,False
16434,México,—,Bronce,False,True,True,5,3,1561.0,28,2,10,True
16435,Colombia,Cali,Bronce,False,False,True,0,0,0.0,28,6,6,True
16436,Colombia,Bogotá D.C.,Plata,True,False,True,10,7,3081.0,15,0,4,True
16437,Colombia,Bogotá D.C.,Plata,False,True,False,10,7,2923.0,3,15,8,False
16438,Colombia,Bogotá D.C.,Bronce,False,True,True,6,4,1579.0,4,2,8,True
16439,Colombia,Cali,Bronce,True,False,False,5,4,1512.0,8,4,6,True
16440,Colombia,Bogotá D.C.,Bronce,False,False,True,2,1,465.0,42,0,5,True
16441,Ecuador,—,Bronce,True,True,True,2,1,545.0,45,1,7,True
16442,Colombia,Medellín,Bronce,True,True,True,2,1,674.0,21,6,10,True
16443,Colombia,Bogotá D.C.,Bronce,True,False,True,0,0,0.0,12,1,10,True
16444,Colombia,Cali,Bronce,False,False,True,7,6,3291.0,37,3,8,True
16445,Colombia,Barranquilla,Bronce,False,True,True,1,0,0.0,24,2,4,True
16446,Colombia,Bogotá D.C.,Bronce,True,False,True,0,0,0.0,18,8,6,False
16447,Colombia,Cali,Bronce,False,False,True,1,0,0.0,37,2,9,True
16448,Colombia,Manizales,Plata,False,False,True,10,8,3426.0,1,2,5,True
16449,Colombia,Cali,Bronce,True,False,True,2,1,456.0,20,14,10,False
16450,Colombia,Otras ciudades,Plata,True,True,True,11,9,4869.0,45,18,5,False
16451,México,—,Bronce,False,False,True,3,2,1537.0,26,3,3,True
16452,México,—,Bronce,False,False,True,3,1,333.0,75,2,5,True
16453,Perú,—,Bronce,False,False,False,3,2,721.0,20,4,4,True
16454,México,—,Bronce,False,True,True,0,0,0.0,6,11,7,False
16455,Colombia,Bogotá D.C.,Bronce,False,True,True,0,0,0.0,21,22,6,False
16456,Colombia,Cúcuta,Bronce,False,True,True,1,0,0.0,62,0,10,True
16457,Colombia,Medellín,Bronce,False,True,True,3,2,821.0,26,15,9,False
16458,Perú,—,Bronce,False,False,True,1,0,0.0,2,7,7,False
16459,Colombia,Bogotá D.C.,Bronce,True,False,True,5,3,1447.0,4,3,5,True
16460,Colombia,Medellín,Plata,False,False,True,9,7,4389.0,7,8,6,False
16461,Colombia,Cali,Bronce,False,True,True,0,0,0.0,4,12,10,False
16462,Colombia,Bogotá D.C.,Bronce,False,True,True,5,4,2091.0,28,5,6,True
16463,México,—,Bronce,False,False,True,0,0,0.0,17,11,8,False
16464,Ecuador,—,Bronce,True,True,True,1,0,0.0,26,5,9,True
16465,Colombia,Cali,Bronce,False,False,True,6,5,1699.0,20,1,7,True
16466,Ecuador,—,Plata,False,True,True,9,8,3554.0,19,4,10,True
16467,México,—,Bronce,False,False,False,6,4,2721.0,61,9,9,False
16468,Ecuador,—,Bronce,False,False,True,3,1,322.0,44,15,10,False
16469,Perú,—,Bronce,False,False,True,1,0,0.0,19,4,10,True
16470,México,—,Bronce,True,False,True,1,0,0.0,54,6,10,True
16471,México,—,Bronce,False,False,True,2,1,461.0,17,7,3,False
16472,México,—,Bronce,True,True,True,0,0,0.0,67,8,9,False
16473,Chile,—,Bronce,False,False,True,1,0,0.0,24,4,7,True
16474,Uruguay,—,Bronce,True,False,True,1,0,0.0,3,8,6,False
16475,Colombia,Pasto,Bronce,False,False,True,0,0,0.0,22,3,8,True
16476,Colombia,Medellín,Bronce,False,True,True,1,0,0.0,54,5,4,True
16477,México,—,Bronce,False,False,True,5,4,2612.0,53,0,10,True
16478,Colombia,Bucaramanga,Bronce,False,False,True,1,0,0.0,27,3,10,True
16479,Colombia,Bogotá D.C.,Bronce,True,False,True,0,0,0.0,8,4,5,True
16480,Colombia,Medellín,Bronce,True,False,True,1,0,0.0,36,0,7,True
16481,México,—,Bronce,False,False,True,0,0,0.0,83,5,8,True
16482,Colombia,Medellín,Bronce,True,False,True,0,0,0.0,11,2,8,True
16483,Colombia,Valledupar,Oro,False,False,False,45,30,13609.0,7,10,9,False
16484,Uruguay,—,Bronce,True,False,True,0,0,0.0,5,0,7,True
16485,Colombia,Barranquilla,Bronce,False,False,True,1,0,0.0,10,5,8,True
16486,Colombia,Bogotá D.C.,Bronce,False,False,False,0,0,0.0,23,13,10,False
16487,Colombia,Bogotá D.C.,Bronce,False,False,True,1,0,0.0,84,9,8,False
16488,Colombia,Barranquilla,Bronce,False,False,False,4,2,967.0,4,1,8,True
16489,México,—,Bronce,False,False,True,1,0,0.0,9,5,5,True
16490,Ecuador,—,Bronce,True,False,True,0,0,0.0,24,5,8,True
16491,Colombia,Medellín,Bronce,False,False,True,0,0,0.0,7,1,10,True
16492,Colombia,Santa Marta,Plata,True,False,True,8,5,2258.0,75,3,7,True
16493,México,—,Bronce,False,False,True,3,2,1286.0,56,4,1,True
16494,Colombia,Pereira,Bronce,True,True,False,0,0,0.0,43,12,8,False
16495,Colombia,Bogotá D.C.,Bronce,True,False,True,7,4,1984.0,69,2,9,True
16496,México,—,Bronce,True,False,True,0,0,0.0,4,9,9,False
16497,Colombia,Bogotá D.C.,Bronce,False,False,True,2,1,605.0,10,9,6,False
16498,México,—,Bronce,True,False,True,1,0,0.0,9,5,10,True
16499,Perú,—,Bronce,False,True,True,1,0,0.0,5,8,9,False
16500,Uruguay,—,Bronce,True,True,True,2,1,520.0,64,0,10,True
16501,Colombia,Ibagué,Bronce,False,False,False,2,1,565.0,23,4,9,True
16502,Ecuador,—,Bronce,False,True,True,0,0,0.0,28,19,8,False
16503,Colombia,Barranquilla,Bronce,True,True,False,3,2,436.0,37,0,7,True
16504,México,—,Bronce,True,True,True,4,3,1829.0,63,3,6,True
16505,Colombia,Bogotá D.C.,Bronce,False,False,False,3,1,504.0,10,2,7,True
16506,Uruguay,—,Bronce,False,False,True,0,0,0.0,4,5,4,True
16507,Colombia,Bogotá D.C.,Bronce,True,False,True,0,0,0.0,77,13,10,False
16508,México,—,Bronce,False,True,True,5,4,1726.0,12,7,8,False
16509,Colombia,Otras ciudades,Bronce,False,True,True,0,0,0.0,22,7,5,False
16510,Uruguay,—,Oro,False,False,True,31,21,12578.0,15,4,10,True
16511,Colombia,Bogotá D.C.,Oro,True,True,True,29,26,11095.0,61,1,4,True
16512,Chile,—,Bronce,True,True,False,0,0,0.0,3,7,7,False
16513,Colombia,Bogotá D.C.,Bronce,False,True,False,1,0,0.0,2,1,10,True
16514,Ecuador,—,Bronce,False,False,True,2,1,481.0,52,4,6,True
16515,Ecuador,—,Bronce,False,False,True,1,0,0.0,2,5,9,True
16516,Colombia,Cartagena,Bronce,True,True,False,4,3,1930.0,19,6,5,True
16517,Perú,—,Bronce,True,False,True,1,0,0.0,24,8,8,False
16518,México,—,Bronce,False,False,True,0,0,0.0,4,2,10,True
16519,Perú,—,Plata,False,False,True,13,8,4999.0,20,2,10,True
16520,Colombia,Popayán,Bronce,False,False,True,0,0,0.0,40,4,7,True
16521,Colombia,Bogotá D.C.,Bronce,False,False,True,1,0,0.0,40,11,8,False
16522,Colombia,Bogotá D.C.,Bronce,False,True,True,2,1,314.0,6,3,9,True
16523,Colombia,Cali,Plata,False,False,True,10,6,3335.0,23,22,8,False
16524,México,—,Bronce,False,False,True,1,0,0.0,5,0,6,True
16525,Perú,—,Bronce,True,False,True,2,1,339.0,4,8,6,False
16526,México,—,Plata,True,False,True,9,7,4016.0,14,4,9,True
16527,México,—,Bronce,True,True,False,3,2,841.0,10,3,7,True
16528,Colombia,Bogotá D.C.,Bronce,False,False,True,0,0,0.0,41,6,8,True
16529,Colombia,Bogotá D.C.,Bronce,True,False,True,0,0,0.0,40,4,9,True
16530,México,—,Bronce,False,True,True,5,3,2442.0,29,9,6,False
16531,México,—,Plata,False,False,True,16,11,3806.0,40,2,6,True
16532,Ecuador,—,Bronce,True,False,False,5,3,1059.0,13,3,5,True
16533,Colombia,Cali,Bronce,True,False,True,2,1,363.0,6,2,9,True
16534,Colombia,Santa Marta,Bronce,False,True,True,5,3,1286.0,19,18,8,False
16535,Colombia,Medellín,Plata,True,True,True,14,8,3148.0,3,7,5,False
16536,Colombia,Bogotá D.C.,Bronce,False,False,True,1,0,0.0,12,0,6,True
16537,Colombia,Popayán,Bronce,False,False,True,0,0,0.0,26,3,7,True
16538,Colombia,Otras ciudades,Bronce,False,False,True,1,0,0.0,10,0,5,True
16539,Ecuador,—,Bronce,True,False,False,0,0,0.0,21,1,6,True
16540,Colombia,Santa Marta,Bronce,False,False,True,0,0,0.0,62,5,6,True
16541,México,—,Bronce,True,False,True,3,2,955.0,37,6,6,True
16542,Uruguay,—,Bronce,True,True,True,4,2,1332.0,35,6,6,True
16543,Colombia,Montería,Bronce,True,False,True,0,0,0.0,59,0,10,True
16544,Colombia,Bogotá D.C.,Bronce,False,False,True,0,0,0.0,22,5,6,True
16545,México,—,Bronce,False,False,True,4,2,1355.0,13,3,4,True
16546,Perú,—,Bronce,False,True,True,2,1,416.0,29,6,9,True
16547,Colombia,Cali,Bronce,True,False,True,2,1,524.0,46,2,8,True
16548,Ecuador,—,Bronce,False,False,True,2,1,473.0,32,3,5,True
16549,Colombia,Pereira,Bronce,False,True,True,2,1,401.0,7,11,5,False
16550,México,—,Bronce,False,False,True,2,1,403.0,23,1,7,True
16551,Colombia,Otras ciudades,Bronce,True,False,True,5,3,1411.0,13,3,7,True
16552,México,—,Bronce,False,True,False,1,0,0.0,34,16,10,False
16553,Colombia,Bucaramanga,Bronce,False,False,True,2,1,511.0,37,2,7,True
16554,Colombia,Bogotá D.C.,Bronce,False,True,True,1,0,0.0,27,6,4,True
16555,México,—,Bronce,False,False,True,0,0,0.0,38,6,8,True
16556,Colombia,Cúcuta,Bronce,True,False,True,1,0,0.0,18,1,3,True
16557,Colombia,Sincelejo,Bronce,False,False,False,3,1,563.0,39,9,8,False
16558,México,—,Bronce,True,True,True,3,2,1026.0,15,19,10,False
16559,Colombia,Otras ciudades,Bronce,True,False,False,3,2,1006.0,7,5,8,True
16560,Colombia,Medellín,Bronce,True,True,True,0,0,0.0,39,0,9,True
16561,Colombia,Bucaramanga,Oro,True,False,True,52,42,15828.0,5,1,10,True
16562,Colombia,Bogotá D.C.,Bronce,True,True,True,1,0,0.0,44,9,10,False
16563,Ecuador,—,Bronce,True,False,True,4,3,1401.0,20,8,8,False
16564,Colombia,Pasto,Bronce,True,True,True,4,3,1501.0,16,4,9,True
16565,Colombia,Cali,Plata,True,False,False,21,15,7926.0,8,27,9,False
16566,México,—,Bronce,False,False,True,3,2,939.0,10,2,9,True
16567,Colombia,Bogotá D.C.,Plata,True,True,True,22,17,7950.0,5,4,10,True
16568,México,—,Bronce,False,False,False,0,0,0.0,43,4,9,True
16569,Colombia,Bogotá D.C.,Bronce,True,False,True,0,0,0.0,19,8,4,False
16570,Colombia,Cartagena,Bronce,True,False,True,1,0,0.0,48,5,8,True
16571,Colombia,Otras ciudades,Bronce,False,True,True,2,1,538.0,37,2,10,True
16572,Perú,—,Bronce,True,False,True,0,0,0.0,24,1,7,True
16573,Colombia,Cartagena,Plata,True,False,True,8,5,2574.0,16,13,8,False
16574,Colombia,Barranquilla,Bronce,False,False,True,0,0,0.0,76,13,9,False
16575,México,—,Platino,False,False,True,67,55,26106.0,15,2,9,True
16576,Colombia,Bogotá D.C.,Bronce,True,False,True,4,3,894.0,23,16,4,False
16577,Colombia,Bogotá D.C.,Bronce,False,False,True,4,3,1203.0,24,17,9,False
16578,Colombia,Medellín,Platino,False,True,False,64,55,25087.0,27,2,10,True
16579,Colombia,Otras ciudades,Bronce,True,False,False,0,0,0.0,2,15,10,False
16580,Colombia,Bogotá D.C.,Bronce,False,False,True,0,0,0.0,22,4,8,True
16581,Colombia,Bogotá D.C.,Bronce,True,False,True,0,0,0.0,14,14,7,False
16582,Colombia,Bogotá D.C.,Bronce,False,True,True,0,0,0.0,7,1,10,True
16583,Colombia,Bogotá D.C.,Bronce,False,True,False,1,0,0.0,9,4,10,True
16584,Colombia,Bogotá D.C.,Bronce,False,False,False,0,0,0.0,51,9,9,False
16585,Colombia,Cartagena,Bronce,True,True,False,0,0,0.0,43,4,7,True
16586,Perú,—,Bronce,False,False,True,1,0,0.0,39,13,8,False
16587,Colombia,Cali,Bronce,False,True,True,0,0,0.0,24,15,9,False
16588,Colombia,Bogotá D.C.,Bronce,True,True,True,4,2,1394.0,14,0,5,True
16589,Colombia,Barranquilla,Bronce,True,False,True,4,2,1023.0,91,8,6,False
16590,Colombia,Ibagué,Bronce,False,False,True,4,2,1049.0,12,16,8,False
16591,Perú,—,Bronce,False,False,True,4,2,1225.0,32,1,6,True
16592,Colombia,Cali,Bronce,False,True,True,0,0,0.0,8,12,7,False
16593,México,—,Plata,False,False,True,19,12,4880.0,30,7,8,False
16594,Colombia,Manizales,Bronce,False,False,True,1,0,0.0,88,6,6,True
16595,Ecuador,—,Bronce,True,False,True,2,1,459.0,15,1,8,True
16596,Ecuador,—,Oro,False,False,True,30,22,9341.0,11,8,9,False
16597,Colombia,Cúcuta,Bronce,False,False,True,0,0,0.0,26,2,8,True
16598,Colombia,Cali,Plata,False,False,True,8,5,1712.0,12,1,5,True
16599,México,—,Bronce,True,False,True,3,2,1102.0,75,4,10,True
16600,México,—,Bronce,False,False,True,2,1,415.0,10,3,10,True
16601,Colombia,Bogotá D.C.,Bronce,True,False,True,4,2,865.0,109,3,8,True
16602,Colombia,Cúcuta,Bronce,True,False,True,7,5,1678.0,1,1,10,True
16603,México,—,Bronce,True,False,True,1,0,0.0,7,9,10,False
16604,Ecuador,—,Bronce,True,False,True,1,0,0.0,77,5,1,True
16605,México,—,Bronce,False,False,False,0,0,0.0,51,19,5,False
16606,Colombia,Medellín,Bronce,False,True,True,0,0,0.0,26,2,6,True
16607,Colombia,Manizales,Bronce,True,True,False,0,0,0.0,3,5,5,True
16608,Ecuador,—,Bronce,True,False,True,2,1,557.0,28,2,10,True
16609,Colombia,Otras ciudades,Platino,False,False,True,96,76,36045.0,16,13,8,False
16610,Colombia,Armenia,Bronce,False,True,True,0,0,0.0,36,1,3,True
16611,Colombia,Popayán,Bronce,False,False,True,0,0,0.0,7,1,7,True
16612,Colombia,Bogotá D.C.,Bronce,False,True,True,5,3,938.0,39,20,4,False
16613,Colombia,Bucaramanga,Bronce,False,False,True,0,0,0.0,34,5,10,True
16614,México,—,Bronce,True,False,True,7,5,3213.0,8,3,6,True
16615,México,—,Bronce,True,False,True,1,0,0.0,23,13,8,False
16616,Colombia,Bogotá D.C.,Plata,True,False,False,13,10,4092.0,27,25,5,False
16617,Colombia,Bogotá D.C.,Bronce,False,False,False,2,1,429.0,29,14,6,False
16618,Colombia,Cartagena,Bronce,False,False,True,4,2,1094.0,31,2,7,True
16619,Colombia,Otras ciudades,Bronce,False,True,True,1,0,0.0,20,4,9,True
16620,Chile,—,Bronce,False,False,True,0,0,0.0,6,7,7,False
16621,Ecuador,—,Plata,False,False,True,17,11,3393.0,30,1,4,True
16622,Colombia,Bogotá D.C.,Bronce,True,True,True,1,0,0.0,43,9,8,False
16623,Colombia,Barranquilla,Plata,False,True,False,11,7,1981.0,19,16,9,False
16624,Colombia,Barranquilla,Bronce,False,True,True,2,1,351.0,20,2,5,True
16625,Colombia,Cali,Plata,False,False,False,15,10,4570.0,13,3,6,True
16626,México,—,Bronce,True,False,True,3,2,1142.0,30,12,5,False
16627,Colombia,Bogotá D.C.,Bronce,True,False,False,1,0,0.0,11,4,8,True
16628,Colombia,Pasto,Bronce,False,True,True,4,3,1478.0,16,3,10,True
16629,Ecuador,—,Bronce,False,False,True,3,2,869.0,55,5,8,True
16630,Colombia,Medellín,Bronce,False,False,True,1,0,0.0,15,7,6,False
16631,Colombia,Pereira,Bronce,True,False,False,1,0,0.0,34,6,7,True
16632,Ecuador,—,Bronce,True,False,True,2,1,438.0,40,7,5,False
16633,Colombia,Medellín,Bronce,False,False,True,3,2,1049.0,80,10,4,False
16634,Colombia,Medellín,Bronce,False,False,True,0,0,0.0,5,12,6,False
16635,Colombia,Cali,Plata,True,False,False,8,6,2821.0,99,10,6,False
16636,Colombia,Cali,Oro,False,False,False,26,20,6205.0,26,1,4,True
16637,Ecuador,—,Bronce,True,True,True,4,3,922.0,7,1,9,True
16638,Colombia,Otras ciudades,Bronce,True,True,False,1,0,0.0,31,2,7,True
16639,Colombia,Otras ciudades,Bronce,True,False,True,0,0,0.0,40,7,10,False
16640,Colombia,Bogotá D.C.,Bronce,True,True,True,1,0,0.0,5,2,9,True
16641,Colombia,Bogotá D.C.,Bronce,True,False,False,2,1,535.0,69,5,8,True
16642,Colombia,Valledupar,Plata,True,False,False,12,7,2475.0,23,2,3,True
16643,Colombia,Medellín,Bronce,False,True,False,0,0,0.0,14,0,5,True
16644,Colombia,Barranquilla,Bronce,True,False,True,0,0,0.0,54,6,7,True
16645,México,—,Bronce,False,False,True,1,0,0.0,54,6,10,True
16646,Colombia,Bogotá D.C.,Bronce,True,True,False,1,0,0.0,32,2,6,True
16647,Colombia,Medellín,Bronce,False,True,True,2,1,386.0,18,5,5,True
16648,México,—,Plata,False,False,True,12,11,4022.0,43,8,5,False
16649,Colombia,Medellín,Plata,True,True,True,14,12,4928.0,5,4,5,True
16650,Colombia,Bucaramanga,Bronce,False,True,True,4,3,1204.0,4,2,10,True
16651,México,—,Bronce,True,False,True,5,3,1030.0,12,5,5,True
16652,Colombia,Cali,Plata,True,True,True,14,12,4605.0,10,16,9,False
16653,Colombia,Cali,Bronce,True,False,True,1,0,0.0,35,4,5,True
16654,Colombia,Santa Marta,Bronce,False,True,False,0,0,0.0,45,10,6,False
16655,Ecuador,—,Bronce,False,False,True,0,0,0.0,4,5,7,True
16656,Colombia,Bogotá D.C.,Bronce,False,False,True,6,5,1701.0,14,1,10,True
16657,Colombia,Villavicencio,Bronce,False,False,True,1,0,0.0,76,20,10,False
16658,Colombia,Bogotá D.C.,Bronce,False,False,True,0,0,0.0,101,7,7,False
16659,Colombia,Barranquilla,Plata,True,False,True,12,7,3779.0,24,6,10,True
16660,México,—,Bronce,False,False,True,2,1,473.0,19,5,8,True
16661,Colombia,Bogotá D.C.,Bronce,True,True,True,0,0,0.0,8,8,10,False
16662,Ecuador,—,Bronce,True,False,True,1,0,0.0,25,11,5,False
16663,Colombia,Medellín,Bronce,False,False,True,5,3,1537.0,11,11,7,False
16664,Colombia,Otras ciudades,Plata,False,False,True,15,9,3537.0,15,8,9,False
16665,México,—,Bronce,False,True,True,0,0,0.0,16,3,10,True
16666,Colombia,Cali,Bronce,False,True,True,3,1,269.0,33,6,7,True
16667,Chile,—,Bronce,False,True,True,0,0,0.0,14,5,7,True
16668,Colombia,Bogotá D.C.,Bronce,False,False,True,0,0,0.0,25,16,10,False
16669,Colombia,Barranquilla,Bronce,True,False,True,1,0,0.0,75,8,10,False
16670,Colombia,Bogotá D.C.,Bronce,True,False,True,5,4,1518.0,101,4,6,True
16671,Colombia,Cali,Bronce,True,False,False,2,1,326.0,22,6,5,True
16672,Perú,—,Bronce,False,True,True,1,0,0.0,8,11,10,False
16673,Colombia,Bogotá D.C.,Bronce,True,False,True,1,0,0.0,38,2,10,True
16674,Colombia,Cúcuta,Bronce,False,False,True,4,3,1260.0,35,5,7,True
16675,México,—,Bronce,False,False,True,1,0,0.0,56,2,10,True
16676,Colombia,Medellín,Bronce,False,False,False,0,0,0.0,98,2,10,True
16677,Colombia,Cali,Bronce,True,True,True,2,1,505.0,28,13,10,False
16678,Chile,—,Bronce,False,False,True,1,0,0.0,29,8,5,False
16679,Uruguay,—,Bronce,True,True,False,1,0,0.0,27,11,7,False
16680,Ecuador,—,Bronce,False,False,True,1,0,0.0,18,20,8,False
16681,Perú,—,Bronce,True,False,True,2,1,449.0,20,2,8,True
16682,Ecuador,—,Bronce,False,True,True,0,0,0.0,17,12,2,False
16683,Ecuador,—,Bronce,False,False,True,1,0,0.0,11,7,5,False
16684,Colombia,Bogotá D.C.,Bronce,False,False,True,7,4,2080.0,40,3,8,True
16685,Colombia,Bogotá D.C.,Bronce,True,True,True,2,1,598.0,20,9,9,False
16686,Colombia,Cartagena,Bronce,False,False,True,0,0,0.0,15,8,8,False
16687,México,—,Bronce,True,True,False,6,3,1807.0,21,2,8,True
16688,Colombia,Cúcuta,Bronce,False,True,True,1,0,0.0,15,0,9,True
16689,Colombia,Cartagena,Plata,False,False,True,9,8,3338.0,9,3,5,True
16690,México,—,Oro,False,False,True,42,38,27397.0,57,6,4,True
16691,Perú,—,Bronce,True,False,True,0,0,0.0,34,3,8,True
16692,Colombia,Bogotá D.C.,Bronce,False,False,False,3,1,682.0,42,4,4,True
16693,Colombia,Otras ciudades,Plata,False,False,True,9,5,3709.0,79,2,3,True
16694,Uruguay,—,Bronce,True,False,True,0,0,0.0,24,1,7,True
16695,Colombia,Bogotá D.C.,Bronce,True,True,True,0,0,0.0,27,5,4,True
16696,Colombia,Bogotá D.C.,Bronce,False,True,True,0,0,0.0,4,6,7,True
16697,Colombia,Cartagena,Plata,True,False,True,11,10,3922.0,22,5,9,True
16698,Chile,—,Bronce,False,True,True,1,0,0.0,69,3,8,True
16699,Perú,—,Bronce,False,True,True,1,0,0.0,27,8,10,False
16700,México,—,Bronce,True,False,True,4,3,1935.0,20,9,10,False
16701,Perú,—,Bronce,True,False,True,0,0,0.0,18,1,7,True
16702,Colombia,Barranquilla,Plata,True,True,True,17,11,6411.0,13,8,6,False
16703,Uruguay,—,Plata,True,True,False,8,5,2208.0,42,1,3,True
16704,Colombia,Pasto,Bronce,False,False,True,0,0,0.0,39,4,6,True
16705,Colombia,Bogotá D.C.,Bronce,False,False,True,3,2,1067.0,19,1,8,True
16706,México,—,Bronce,True,False,True,0,0,0.0,30,3,4,True
16707,Colombia,Barranquilla,Bronce,True,False,False,4,2,716.0,30,17,5,False
16708,Colombia,Bogotá D.C.,Bronce,True,True,True,1,0,0.0,27,12,7,False
16709,Colombia,Cali,Bronce,False,False,True,6,3,1632.0,53,1,10,True
16710,Colombia,Otras ciudades,Bronce,True,False,False,2,1,413.0,3,3,8,True
16711,Colombia,Bucaramanga,Bronce,False,False,True,2,1,377.0,5,3,6,True
16712,Colombia,Medellín,Bronce,True,False,True,0,0,0.0,11,9,5,False
16713,Colombia,Medellín,Bronce,True,False,False,0,0,0.0,9,4,8,True
16714,Colombia,Cali,Bronce,False,False,True,6,3,1432.0,26,7,10,False
16715,Colombia,Bogotá D.C.,Bronce,False,True,True,2,1,525.0,53,1,7,True
16716,Colombia,Medellín,Bronce,True,False,False,0,0,0.0,85,3,9,True
16717,Perú,—,Bronce,False,False,False,2,1,484.0,59,2,7,True
16718,Colombia,Bogotá D.C.,Bronce,False,False,True,0,0,0.0,38,7,10,False
16719,Colombia,Bucaramanga,Plata,False,False,True,12,11,4766.0,99,7,8,False
16720,Colombia,Otras ciudades,Bronce,False,False,True,5,4,1596.0,9,1,8,True
16721,Colombia,Medellín,Plata,False,False,True,16,13,7087.0,50,1,7,True
16722,Colombia,Bucaramanga,Plata,True,True,True,8,7,3555.0,18,4,6,True
16723,Colombia,Bogotá D.C.,Bronce,True,False,True,2,1,318.0,5,17,6,False
16724,Colombia,Montería,Bronce,True,False,False,0,0,0.0,27,13,6,False
16725,Ecuador,—,Bronce,False,False,True,0,0,0.0,30,6,8,True
16726,Colombia,Bogotá D.C.,Bronce,False,False,True,0,0,0.0,2,4,8,True
16727,Colombia,Bogotá D.C.,Bronce,True,False,True,3,2,1097.0,11,2,4,True
16728,Colombia,Bogotá D.C.,Bronce,False,False,False,2,1,621.0,23,4,2,True
16729,México,—,Bronce,True,True,True,0,0,0.0,31,8,6,False
16730,México,—,Bronce,True,False,True,1,0,0.0,37,9,7,False
16731,Chile,—,Bronce,True,True,False,0,0,0.0,1,3,7,True
16732,Colombia,Bogotá D.C.,Bronce,False,False,False,0,0,0.0,47,6,7,True
16733,Uruguay,—,Bronce,True,False,True,3,1,704.0,26,4,7,True
16734,Colombia,Bucaramanga,Bronce,False,True,True,2,1,463.0,7,5,8,True
16735,Colombia,Medellín,Bronce,False,False,True,0,0,0.0,31,1,8,True
16736,Colombia,Medellín,Bronce,False,True,False,0,0,0.0,18,1,7,True
16737,Colombia,Medellín,Bronce,True,True,True,2,1,384.0,15,6,9,True
16738,Colombia,Cartagena,Bronce,False,False,True,3,2,768.0,4,0,5,True
16739,México,—,Plata,True,True,True,21,19,11700.0,5,8,7,False
16740,Uruguay,—,Bronce,False,False,True,0,0,0.0,34,0,6,True
16741,Colombia,Bucaramanga,Bronce,True,False,True,0,0,0.0,7,1,10,True
16742,Colombia,Bogotá D.C.,Bronce,False,False,True,0,0,0.0,4,1,9,True
16743,Colombia,Bogotá D.C.,Plata,True,False,False,10,7,2977.0,36,0,4,True
16744,Colombia,Neiva,Bronce,False,False,True,1,0,0.0,22,5,6,True
16745,Colombia,Valledupar,Bronce,False,False,False,1,0,0.0,24,12,3,False
16746,Colombia,Pasto,Oro,False,False,True,31,24,13246.0,12,10,7,False
16747,Colombia,Cartagena,Bronce,True,False,True,4,2,784.0,58,10,9,False
16748,Colombia,Pereira,Bronce,False,False,True,3,2,1153.0,9,7,5,False
16749,Colombia,Bogotá D.C.,Bronce,True,False,False,5,3,1622.0,16,3,5,True
16750,Uruguay,—,Bronce,False,False,True,7,5,3153.0,22,6,8,True
16751,Colombia,Bogotá D.C.,Bronce,True,False,False,1,0,0.0,49,4,8,True
16752,Ecuador,—,Bronce,True,False,True,6,4,1696.0,47,0,8,True
16753,Colombia,Bogotá D.C.,Bronce,True,False,True,2,1,490.0,23,7,8,False
16754,Ecuador,—,Bronce,True,False,True,0,0,0.0,5,19,5,False
16755,México,—,Bronce,False,True,False,0,0,0.0,11,3,6,True
16756,México,—,Bronce,False,False,True,0,0,0.0,52,1,8,True
16757,Colombia,Barranquilla,Oro,False,False,True,42,36,18728.0,30,5,7,True
16758,Colombia,Otras ciudades,Bronce,False,False,True,1,0,0.0,4,11,6,False
16759,Ecuador,—,Bronce,True,False,True,1,0,0.0,30,2,7,True
16760,Colombia,Medellín,Bronce,True,True,False,7,5,3073.0,3,7,7,False
16761,Colombia,Santa Marta,Bronce,False,False,True,3,2,771.0,7,11,4,False
16762,Colombia,Medellín,Bronce,True,True,False,2,1,693.0,20,0,7,True
16763,México,—,Bronce,True,True,False,0,0,0.0,57,9,10,False
16764,Perú,—,Bronce,True,False,True,1,0,0.0,48,1,9,True
16765,Colombia,Valledupar,Bronce,False,False,True,1,0,0.0,40,1,9,True
16766,Perú,—,Bronce,True,False,False,2,1,607.0,43,4,7,True
16767,México,—,Bronce,False,False,True,0,0,0.0,29,13,6,False
16768,Colombia,Bogotá D.C.,Bronce,True,False,True,1,0,0.0,8,3,8,True
16769,México,—,Plata,False,False,True,8,7,3601.0,14,5,7,True
16770,Colombia,Otras ciudades,Bronce,False,False,False,4,3,1482.0,15,3,7,True
16771,Colombia,Montería,Plata,False,True,True,14,8,3901.0,17,3,5,True
16772,México,—,Bronce,False,True,True,2,1,527.0,28,2,10,True
16773,México,—,Bronce,False,False,True,3,2,888.0,20,3,8,True
16774,Perú,—,Bronce,False,False,True,3,2,877.0,2,10,2,False
16775,Colombia,Pasto,Bronce,False,False,True,0,0,0.0,15,11,8,False
16776,Perú,—,Bronce,False,False,True,3,2,826.0,52,1,4,True
16777,Colombia,Armenia,Bronce,True,True,True,1,0,0.0,37,2,9,True
16778,Colombia,Barranquilla,Bronce,False,False,True,2,1,663.0,10,3,8,True
16779,Colombia,Otras ciudades,Bronce,True,False,True,4,3,1529.0,3,5,5,True
16780,México,—,Bronce,True,True,True,7,6,2869.0,25,4,9,True
16781,México,—,Bronce,True,True,False,1,0,0.0,6,7,6,False
16782,Colombia,Sincelejo,Plata,False,False,True,13,7,3283.0,33,1,8,True
16783,Colombia,Bogotá D.C.,Bronce,False,False,True,0,0,0.0,15,14,7,False
16784,Colombia,Cartagena,Bronce,False,False,False,6,3,1521.0,31,0,8,True
16785,Ecuador,—,Bronce,False,True,True,0,0,0.0,51,0,7,True
16786,Ecuador,—,Bronce,True,False,True,1,0,0.0,95,3,10,True
16787,Uruguay,—,Bronce,False,False,True,0,0,0.0,5,2,10,True
16788,Colombia,Otras ciudades,Bronce,False,True,True,0,0,0.0,14,1,8,True
16789,Colombia,Villavicencio,Bronce,False,True,False,1,0,0.0,12,6,9,True
16790,Colombia,Otras ciudades,Bronce,True,False,False,1,0,0.0,6,5,6,True
16791,Ecuador,—,Oro,True,False,True,32,24,15051.0,1,9,8,False
16792,Colombia,Cali,Bronce,False,True,True,1,0,0.0,23,3,6,True
16793,Uruguay,—,Plata,False,False,False,10,6,1830.0,41,4,10,True
16794,México,—,Bronce,False,False,True,0,0,0.0,96,5,10,True
16795,Colombia,Otras ciudades,Bronce,False,False,True,0,0,0.0,34,2,8,True
16796,Colombia,Bogotá D.C.,Bronce,True,False,True,2,1,436.0,34,5,7,True
16797,Colombia,Bogotá D.C.,Bronce,False,False,True,0,0,0.0,37,4,6,True
16798,México,—,Bronce,False,False,False,1,0,0.0,12,6,8,True
16799,Colombia,Bogotá D.C.,Bronce,False,False,True,2,1,541.0,19,15,10,False
16800,Colombia,Bogotá D.C.,Plata,True,False,True,8,7,3073.0,13,9,7,False
16801,Colombia,Bogotá D.C.,Bronce,False,False,True,4,2,894.0,17,0,9,True
16802,México,—,Bronce,True,False,True,3,2,1125.0,49,19,6,False
16803,Perú,—,Bronce,False,False,True,0,0,0.0,65,3,6,True
16804,Colombia,Otras ciudades,Bronce,False,True,True,2,1,384.0,147,5,6,True
16805,Colombia,Pereira,Bronce,False,False,True,0,0,0.0,24,16,7,False
16806,Colombia,Bogotá D.C.,Bronce,True,False,True,2,1,573.0,106,2,6,True
16807,México,—,Bronce,False,False,False,7,4,1532.0,50,1,8,True
16808,Colombia,Otras ciudades,Bronce,False,True,True,0,0,0.0,1,3,5,True
16809,Colombia,Bogotá D.C.,Bronce,False,True,False,2,1,606.0,13,3,5,True
16810,México,—,Bronce,True,False,True,3,2,1006.0,50,0,2,True
16811,Ecuador,—,Bronce,False,False,True,5,4,1097.0,12,2,5,True
16812,Colombia,Santa Marta,Plata,True,False,False,10,6,2721.0,34,1,10,True
16813,Colombia,Bogotá D.C.,Plata,True,False,True,13,7,3002.0,31,18,8,False
16814,Colombia,Cali,Bronce,False,True,True,2,1,480.0,62,4,7,True
16815,Colombia,Bogotá D.C.,Bronce,True,False,True,2,1,639.0,12,13,9,False
16816,Colombia,Otras ciudades,Bronce,False,False,True,7,6,2491.0,22,4,9,True
16817,Colombia,Medellín,Bronce,True,True,True,5,3,1599.0,52,3,8,True
16818,Uruguay,—,Plata,False,False,True,21,12,3530.0,20,3,9,True
16819,Ecuador,—,Plata,True,False,True,22,19,10414.0,16,25,9,False
16820,México,—,Bronce,False,True,True,2,1,454.0,37,7,9,False
16821,Perú,—,Bronce,False,False,True,0,0,0.0,47,4,5,True
16822,Colombia,Bogotá D.C.,Plata,False,False,False,10,7,3508.0,3,4,4,True
16823,Colombia,Bucaramanga,Bronce,True,False,True,0,0,0.0,28,4,5,True
16824,México,—,Bronce,True,False,True,0,0,0.0,26,1,8,True
16825,Colombia,Popayán,Bronce,False,True,True,0,0,0.0,36,2,10,True
16826,Colombia,Bogotá D.C.,Bronce,True,False,True,1,0,0.0,17,1,7,True
16827,Colombia,Medellín,Oro,False,False,False,46,34,16208.0,17,8,8,False
16828,Colombia,Sincelejo,Bronce,False,True,True,1,0,0.0,5,11,6,False
16829,Colombia,Barranquilla,Bronce,True,True,True,2,1,509.0,9,22,7,False
16830,Ecuador,—,Bronce,False,True,True,0,0,0.0,55,9,8,False
16831,Ecuador,—,Platino,True,True,True,69,42,24992.0,22,8,10,False
16832,Colombia,Otras ciudades,Bronce,False,False,True,0,0,0.0,9,6,6,True
16833,Colombia,Cartagena,Oro,False,True,False,27,21,8457.0,15,5,10,True
16834,México,—,Bronce,False,True,True,2,1,589.0,24,4,2,True
16835,Colombia,Bucaramanga,Bronce,False,False,True,4,2,823.0,58,3,7,True
16836,Colombia,Bogotá D.C.,Bronce,True,False,True,0,0,0.0,17,1,7,True
16837,Colombia,Bogotá D.C.,Bronce,False,True,True,2,1,525.0,10,4,6,True
16838,Perú,—,Bronce,False,True,True,6,3,1556.0,15,4,9,True
16839,México,—,Bronce,False,False,True,3,2,817.0,26,16,10,False
16840,México,—,Bronce,True,False,False,0,0,0.0,5,6,10,True
16841,Colombia,Bogotá D.C.,Bronce,False,False,False,1,0,0.0,46,3,6,True
16842,Colombia,Medellín,Oro,False,False,False,26,15,7423.0,117,35,9,False
16843,Colombia,Cali,Bronce,True,False,True,0,0,0.0,36,9,7,False
16844,Colombia,Villavicencio,Bronce,False,False,True,1,0,0.0,33,2,7,True
16845,Colombia,Cali,Plata,False,True,True,9,6,3942.0,51,2,10,True
16846,Colombia,Barranquilla,Bronce,True,False,False,0,0,0.0,57,5,6,True
16847,Colombia,Santa Marta,Plata,False,False,True,18,13,7865.0,4,6,7,True
16848,Colombia,Bogotá D.C.,Bronce,True,False,True,0,0,0.0,42,9,8,False
16849,México,—,Plata,False,False,False,11,7,3239.0,1,4,10,True
16850,Ecuador,—,Bronce,True,False,True,2,1,301.0,25,5,10,True
16851,Colombia,Bogotá D.C.,Bronce,True,False,True,0,0,0.0,21,3,10,True
16852,México,—,Bronce,True,True,True,1,0,0.0,50,4,6,True
16853,México,—,Bronce,False,False,True,1,0,0.0,20,4,7,True
16854,Colombia,Cali,Bronce,False,False,True,2,1,655.0,16,3,5,True
16855,México,—,Bronce,False,False,False,1,0,0.0,39,0,9,True
16856,Colombia,Cali,Bronce,False,False,False,7,5,2429.0,108,7,9,False
16857,Colombia,Bucaramanga,Bronce,True,False,False,0,0,0.0,30,1,7,True
16858,Colombia,Cali,Bronce,False,False,True,0,0,0.0,3,3,4,True
16859,Chile,—,Bronce,False,False,True,5,4,1354.0,3,2,9,True
16860,Ecuador,—,Bronce,True,True,True,0,0,0.0,6,4,8,True
16861,Colombia,Neiva,Plata,False,True,True,11,7,3409.0,64,4,9,True
16862,México,—,Bronce,False,False,True,1,0,0.0,35,9,9,False
16863,Ecuador,—,Bronce,False,False,True,0,0,0.0,76,9,10,False
16864,Colombia,Cali,Bronce,True,False,True,1,0,0.0,9,2,10,True
16865,Colombia,Bogotá D.C.,Bronce,False,False,True,1,0,0.0,25,1,7,True
16866,Colombia,Medellín,Bronce,True,False,False,0,0,0.0,27,2,6,True
16867,Colombia,Bogotá D.C.,Bronce,False,True,True,6,3,1553.0,15,1,9,True
16868,Colombia,Villavicencio,Bronce,False,False,True,1,0,0.0,33,1,10,True
16869,Colombia,Neiva,Oro,False,False,True,25,21,5597.0,49,9,7,False
16870,México,—,Bronce,False,False,True,1,0,0.0,33,3,3,True
16871,Ecuador,—,Bronce,False,False,True,3,2,840.0,4,6,6,True
16872,Uruguay,—,Bronce,False,False,True,6,5,3387.0,16,3,8,True
16873,Colombia,Valledupar,Bronce,False,False,True,1,0,0.0,22,3,7,True
16874,Ecuador,—,Bronce,False,True,True,6,3,1323.0,13,6,8,True
16875,México,—,Bronce,True,False,False,5,4,2541.0,35,0,9,True
16876,Colombia,Medellín,Bronce,True,False,True,0,0,0.0,36,10,10,False
16877,Colombia,Armenia,Bronce,False,False,True,0,0,0.0,11,3,9,True
16878,Colombia,Bogotá D.C.,Bronce,False,False,True,0,0,0.0,51,4,6,True
16879,México,—,Bronce,False,False,True,3,2,951.0,11,15,6,False
16880,México,—,Plata,False,False,True,19,17,8489.0,33,11,6,False
16881,Colombia,Medellín,Bronce,False,False,False,0,0,0.0,63,6,8,True
16882,México,—,Bronce,False,False,True,0,0,0.0,77,0,8,True
16883,Ecuador,—,Bronce,True,False,True,2,1,407.0,2,1,10,True
16884,Colombia,Medellín,Bronce,False,False,False,0,0,0.0,70,4,9,True
16885,Perú,—,Bronce,True,False,True,3,2,1062.0,19,1,6,True
16886,Colombia,Sincelejo,Bronce,True,False,True,0,0,0.0,56,0,8,True
16887,Colombia,Bucaramanga,Bronce,False,True,True,0,0,0.0,25,12,10,False
16888,Colombia,Medellín,Bronce,False,False,True,0,0,0.0,26,0,6,True
16889,Colombia,Bogotá D.C.,Plata,True,False,True,10,8,5760.0,18,10,7,False
16890,Colombia,Cartagena,Bronce,False,True,True,0,0,0.0,29,0,8,True
16891,Colombia,Bogotá D.C.,Bronce,False,False,True,3,2,1155.0,26,5,9,True
16892,México,—,Bronce,False,False,True,3,2,963.0,34,8,10,False
16893,Colombia,Bucaramanga,Plata,False,True,True,14,10,6118.0,4,4,7,True
16894,Colombia,Bogotá D.C.,Bronce,True,False,True,6,4,2685.0,11,3,9,True
16895,Uruguay,—,Bronce,True,False,False,4,2,1025.0,86,18,7,False
16896,Colombia,Armenia,Plata,False,True,True,9,8,3832.0,33,2,10,True
16897,Perú,—,Bronce,False,True,True,2,1,673.0,1,2,6,True
16898,Colombia,Bogotá D.C.,Bronce,False,False,True,3,2,1051.0,43,1,9,True
16899,Colombia,Bogotá D.C.,Bronce,False,True,True,1,0,0.0,64,15,1,False
16900,Ecuador,—,Bronce,True,False,True,2,1,538.0,70,4,8,True
16901,Colombia,Armenia,Bronce,False,True,True,5,4,2100.0,34,6,3,True
16902,Ecuador,—,Bronce,True,False,True,3,2,1177.0,59,8,10,False
16903,México,—,Bronce,True,False,False,1,0,0.0,6,3,2,True
16904,Colombia,Cali,Plata,False,False,False,9,7,3132.0,34,4,10,True
16905,Colombia,Medellín,Bronce,True,False,True,1,0,0.0,5,4,7,True
16906,Colombia,Popayán,Bronce,True,False,True,0,0,0.0,5,2,5,True
16907,Ecuador,—,Bronce,True,False,True,0,0,0.0,11,15,9,False
16908,Colombia,Manizales,Bronce,False,False,True,0,0,0.0,40,1,8,True
16909,Ecuador,—,Plata,False,False,True,8,6,2397.0,65,3,4,True
16910,Uruguay,—,Bronce,True,False,True,7,4,1736.0,6,2,6,True
16911,Colombia,Medellín,Bronce,True,False,True,1,0,0.0,8,9,9,False
16912,Colombia,Otras ciudades,Bronce,False,False,True,1,0,0.0,14,3,9,True
16913,Colombia,Bogotá D.C.,Bronce,True,False,True,0,0,0.0,30,12,10,False
16914,Ecuador,—,Bronce,False,True,True,0,0,0.0,37,8,3,False
16915,Chile,—,Bronce,False,False,True,3,2,1450.0,21,0,10,True
16916,Colombia,Montería,Platino,False,True,False,158,124,67572.0,29,3,9,True
16917,Chile,—,Bronce,False,False,True,6,4,2150.0,5,2,7,True
16918,Uruguay,—,Bronce,True,False,False,3,2,1107.0,3,10,9,False
16919,Colombia,Otras ciudades,Bronce,False,False,True,2,1,474.0,18,16,6,False
16920,Colombia,Bogotá D.C.,Bronce,False,True,True,1,0,0.0,42,8,6,False
16921,Colombia,Bogotá D.C.,Bronce,True,False,False,1,0,0.0,31,0,9,True
16922,Colombia,Otras ciudades,Bronce,False,True,True,1,0,0.0,20,2,7,True
16923,Colombia,Bogotá D.C.,Bronce,True,False,True,0,0,0.0,35,1,9,True
16924,Colombia,Medellín,Plata,True,False,True,10,8,2938.0,29,0,8,True
16925,Colombia,Medellín,Bronce,True,False,True,0,0,0.0,100,6,6,True
16926,México,—,Bronce,False,False,True,5,3,1390.0,46,8,5,False
16927,Colombia,Otras ciudades,Bronce,False,False,True,1,0,0.0,77,10,5,False
16928,Colombia,Cartagena,Bronce,False,True,True,5,4,1574.0,17,20,7,False
16929,Perú,—,Bronce,True,False,True,2,1,405.0,33,7,4,False
16930,México,—,Bronce,False,False,False,2,1,437.0,29,0,9,True
16931,Colombia,Montería,Bronce,False,True,True,6,3,1643.0,26,6,9,True
16932,Colombia,Cali,Bronce,False,False,True,1,0,0.0,17,15,10,False
16933,Colombia,Armenia,Bronce,True,False,True,0,0,0.0,7,9,10,False
16934,Colombia,Medellín,Bronce,True,False,True,0,0,0.0,8,2,4,True
16935,Colombia,Bogotá D.C.,Bronce,False,False,True,0,0,0.0,1,11,7,False
16936,Colombia,Medellín,Bronce,True,True,True,2,1,524.0,30,7,9,False
16937,Colombia,Bogotá D.C.,Bronce,True,False,True,0,0,0.0,16,7,8,False
16938,Colombia,Villavicencio,Bronce,True,True,True,0,0,0.0,28,9,9,False
16939,Colombia,Bogotá D.C.,Bronce,True,False,True,1,0,0.0,42,1,10,True
16940,Perú,—,Bronce,False,False,False,5,3,972.0,90,0,10,True
16941,Colombia,Cali,Bronce,False,True,True,0,0,0.0,8,9,6,False
16942,México,—,Bronce,True,False,True,4,3,1339.0,1,0,7,True
16943,Colombia,Montería,Bronce,True,True,True,0,0,0.0,28,3,8,True
16944,Uruguay,—,Oro,False,True,False,29,26,12668.0,14,0,8,True
16945,Colombia,Bogotá D.C.,Plata,False,False,True,22,15,8476.0,20,14,7,False
16946,Colombia,Bogotá D.C.,Bronce,False,True,True,0,0,0.0,33,5,7,True
16947,Perú,—,Bronce,True,False,True,1,0,0.0,13,1,6,True
16948,Colombia,Medellín,Oro,True,False,True,25,15,8363.0,30,10,7,False
16949,México,—,Bronce,True,True,False,2,1,461.0,6,1,3,True
16950,Uruguay,—,Bronce,False,True,True,1,0,0.0,20,4,6,True
16951,Colombia,Cali,Bronce,False,False,False,0,0,0.0,37,2,6,True
16952,México,—,Bronce,False,True,True,5,4,2171.0,21,6,10,True
16953,Ecuador,—,Bronce,False,False,True,0,0,0.0,21,5,10,True
16954,Colombia,Bogotá D.C.,Bronce,False,True,True,0,0,0.0,2,8,8,False
16955,Colombia,Cali,Bronce,True,False,False,0,0,0.0,6,4,8,True
16956,México,—,Plata,True,False,True,14,10,5290.0,27,1,10,True
16957,Colombia,Cali,Bronce,True,False,True,1,0,0.0,26,8,6,False
16958,Colombia,Cali,Bronce,True,False,True,0,0,0.0,25,14,6,False
16959,Colombia,Barranquilla,Bronce,True,False,True,0,0,0.0,13,11,6,False
16960,Colombia,Medellín,Bronce,False,True,True,2,1,286.0,60,12,8,False
16961,Colombia,Cali,Bronce,False,False,True,0,0,0.0,77,8,4,False
16962,Colombia,Bogotá D.C.,Bronce,True,True,True,5,4,1726.0,6,3,9,True
16963,Ecuador,—,Bronce,False,False,True,0,0,0.0,23,7,9,False
16964,Colombia,Bogotá D.C.,Bronce,False,True,True,2,1,381.0,33,1,10,True
16965,Colombia,Cali,Bronce,False,False,True,7,4,1245.0,24,9,6,False
16966,Colombia,Bogotá D.C.,Bronce,True,False,True,1,0,0.0,11,14,7,False
16967,Ecuador,—,Bronce,True,False,True,0,0,0.0,8,6,8,True
16968,Colombia,Medellín,Bronce,True,False,False,1,0,0.0,10,1,10,True
16969,México,—,Plata,False,False,False,17,12,5390.0,19,5,5,True
16970,Ecuador,—,Bronce,False,False,True,3,2,1084.0,13,8,9,False
16971,Perú,—,Bronce,False,True,True,3,2,1002.0,14,8,7,False
16972,Colombia,Cúcuta,Bronce,False,False,False,0,0,0.0,92,9,6,False
16973,México,—,Bronce,False,True,True,4,3,1649.0,17,4,6,True
16974,México,—,Bronce,False,True,True,0,0,0.0,26,3,4,True
16975,Colombia,Cúcuta,Bronce,False,True,False,0,0,0.0,17,5,6,True
16976,Colombia,Bogotá D.C.,Bronce,True,False,True,2,1,335.0,29,7,6,False
16977,México,—,Bronce,True,False,True,0,0,0.0,10,18,7,False
16978,México,—,Bronce,True,True,True,0,0,0.0,31,2,6,True
16979,Perú,—,Bronce,False,True,True,0,0,0.0,12,5,7,True
16980,Colombia,Medellín,Plata,True,False,False,17,10,6141.0,12,7,7,False
16981,Colombia,Bucaramanga,Oro,False,False,False,37,30,15702.0,72,20,7,False
16982,México,—,Bronce,False,False,True,0,0,0.0,15,5,10,True
16983,Ecuador,—,Bronce,True,True,True,1,0,0.0,15,6,4,True
16984,Ecuador,—,Bronce,False,False,True,1,0,0.0,23,0,7,True
16985,Colombia,Bogotá D.C.,Bronce,False,False,True,0,0,0.0,40,2,7,True
16986,Colombia,Sincelejo,Bronce,False,False,True,1,0,0.0,33,18,10,False
16987,Colombia,Bucaramanga,Bronce,False,False,True,1,0,0.0,14,2,5,True
16988,Ecuador,—,Bronce,True,False,True,1,0,0.0,22,15,6,False
16989,Colombia,Cartagena,Bronce,False,False,False,3,2,1219.0,93,8,7,False
16990,México,—,Oro,True,False,True,31,23,7473.0,1,17,8,False
16991,Colombia,Bogotá D.C.,Bronce,True,True,True,0,0,0.0,39,1,10,True
16992,Perú,—,Bronce,True,True,True,1,0,0.0,31,5,8,True
16993,Ecuador,—,Bronce,True,True,True,0,0,0.0,51,4,6,True
16994,México,—,Bronce,True,True,False,2,1,382.0,11,5,5,True
16995,Colombia,Otras ciudades,Plata,False,False,True,8,6,2940.0,50,7,9,False
16996,Colombia,Bogotá D.C.,Bronce,False,False,True,7,5,2957.0,38,5,4,True
16997,Colombia,Bogotá D.C.,Bronce,False,False,False,0,0,0.0,15,9,7,False
16998,México,—,Bronce,True,False,True,3,2,1035.0,8,0,10,True
16999,Colombia,Barranquilla,Plata,False,False,False,16,9,3982.0,6,8,7,False
17000,Colombia,Otras ciudades,Bronce,False,False,True,1,0,0.0,15,0,7,True
17001,Colombia,Bucaramanga,Bronce,False,False,True,1,0,0.0,3,9,7,False
17002,Colombia,Bogotá D.C.,Bronce,True,False,True,2,1,486.0,26,4,9,True
17003,Colombia,Otras ciudades,Bronce,False,False,True,5,3,2023.0,31,3,6,True
17004,Colombia,Otras ciudades,Bronce,False,False,True,3,1,345.0,45,9,4,False
17005,Colombia,Bogotá D.C.,Bronce,False,True,True,0,0,0.0,13,4,9,True
17006,Colombia,Bogotá D.C.,Bronce,False,False,True,5,4,1843.0,24,15,6,False
17007,Colombia,Bogotá D.C.,Bronce,True,False,True,0,0,0.0,9,2,7,True
17008,México,—,Bronce,False,True,True,0,0,0.0,37,5,10,True
17009,Colombia,Bucaramanga,Bronce,True,False,True,1,0,0.0,5,0,10,True
17010,Colombia,Medellín,Plata,False,False,True,16,13,7509.0,40,3,5,True
17011,Perú,—,Plata,False,False,True,12,8,4349.0,73,4,10,True
17012,Perú,—,Bronce,True,False,True,0,0,0.0,66,14,7,False
17013,Ecuador,—,Bronce,True,False,True,5,4,1874.0,72,3,4,True
17014,Colombia,Villavicencio,Bronce,False,True,False,2,1,541.0,26,1,8,True
17015,Uruguay,—,Bronce,False,False,False,0,0,0.0,47,4,7,True
17016,Ecuador,—,Bronce,False,True,True,5,4,1905.0,20,6,7,True
17017,Ecuador,—,Bronce,False,False,True,1,0,0.0,11,10,9,False
17018,Colombia,Barranquilla,Bronce,False,True,True,4,2,964.0,19,0,9,True
17019,Ecuador,—,Bronce,True,False,True,0,0,0.0,38,8,10,False
17020,Ecuador,—,Plata,False,False,True,9,6,2547.0,25,4,7,True
17021,Perú,—,Bronce,True,False,True,1,0,0.0,35,7,5,False
17022,Perú,—,Plata,False,True,True,13,11,6932.0,49,4,8,True
17023,Colombia,Pasto,Oro,False,False,True,34,26,13833.0,5,9,5,False
17024,Colombia,Bogotá D.C.,Bronce,False,True,True,2,1,542.0,47,3,6,True
17025,Ecuador,—,Bronce,True,False,True,0,0,0.0,35,13,10,False
17026,Colombia,Pereira,Bronce,False,False,True,3,2,999.0,10,7,5,False
17027,Perú,—,Bronce,False,False,True,0,0,0.0,21,13,8,False
17028,México,—,Plata,True,True,False,9,6,2912.0,71,1,8,True
17029,México,—,Bronce,True,False,True,7,5,2744.0,22,5,7,True
17030,Colombia,Ibagué,Bronce,True,False,True,0,0,0.0,50,0,7,True
17031,Colombia,Bogotá D.C.,Bronce,True,False,True,1,0,0.0,12,21,3,False
17032,Colombia,Manizales,Bronce,False,False,True,2,1,555.0,21,5,5,True
17033,Ecuador,—,Bronce,False,False,True,3,2,1087.0,14,8,10,False
17034,Ecuador,—,Bronce,False,True,True,0,0,0.0,31,13,4,False
17035,México,—,Bronce,False,False,True,2,1,620.0,5,12,8,False
17036,México,—,Plata,True,True,True,13,8,3496.0,12,6,8,True
17037,Colombia,Medellín,Plata,False,True,True,8,5,1990.0,20,2,9,True
17038,Colombia,Sincelejo,Bronce,False,True,True,1,0,0.0,10,5,7,True
17039,Chile,—,Bronce,True,False,True,2,1,601.0,17,10,7,False
17040,México,—,Bronce,False,True,False,0,0,0.0,17,2,5,True
17041,Uruguay,—,Bronce,False,False,True,0,0,0.0,69,14,10,False
17042,Colombia,Otras ciudades,Bronce,False,True,True,7,5,2949.0,30,4,9,True
17043,Colombia,Cartagena,Plata,False,True,True,22,16,5126.0,8,8,10,False
17044,Colombia,Bogotá D.C.,Bronce,True,False,True,1,0,0.0,6,3,6,True
17045,México,—,Bronce,False,False,True,4,3,995.0,42,11,8,False
17046,México,—,Bronce,False,True,True,1,0,0.0,8,6,10,True
17047,Colombia,Medellín,Bronce,False,True,True,0,0,0.0,11,5,4,True
17048,Colombia,Villavicencio,Bronce,False,True,True,4,3,1125.0,54,0,9,True
17049,México,—,Bronce,False,False,True,1,0,0.0,15,7,6,False
17050,México,—,Bronce,False,False,False,4,2,650.0,50,4,6,True
17051,Ecuador,—,Bronce,True,False,True,1,0,0.0,28,6,6,True
17052,Colombia,Neiva,Bronce,True,False,True,5,4,1798.0,29,9,9,False
17053,México,—,Bronce,True,False,True,1,0,0.0,1,14,9,False
17054,Colombia,Bogotá D.C.,Bronce,False,False,True,1,0,0.0,35,16,4,False
17055,Chile,—,Bronce,False,False,True,1,0,0.0,31,1,5,True
17056,Colombia,Barranquilla,Plata,False,False,True,8,6,3812.0,27,0,10,True
17057,Colombia,Manizales,Bronce,False,False,True,1,0,0.0,23,2,3,True
17058,Colombia,Otras ciudades,Bronce,True,True,False,7,5,1940.0,14,2,3,True
17059,México,—,Bronce,True,True,True,0,0,0.0,12,8,9,False
17060,Colombia,Valledupar,Bronce,False,False,True,0,0,0.0,51,16,9,False
17061,Perú,—,Bronce,False,False,True,4,2,791.0,48,6,10,True
17062,México,—,Bronce,True,False,True,0,0,0.0,82,0,9,True
17063,México,—,Bronce,True,False,True,6,4,1772.0,61,19,7,False
17064,Colombia,Otras ciudades,Plata,True,True,True,9,8,3704.0,77,1,6,True
17065,Colombia,Villavicencio,Bronce,False,False,True,0,0,0.0,33,0,6,True
17066,Colombia,Bogotá D.C.,Bronce,True,True,True,0,0,0.0,6,1,6,True
17067,Colombia,Bogotá D.C.,Bronce,False,False,True,0,0,0.0,42,6,6,True
17068,Colombia,Bogotá D.C.,Bronce,False,False,True,6,4,2099.0,17,11,8,False
17069,Colombia,Barranquilla,Plata,False,False,True,9,7,3563.0,12,9,8,False
17070,México,—,Bronce,True,False,True,4,2,1073.0,11,5,6,True
17071,Ecuador,—,Bronce,True,False,True,1,0,0.0,15,11,8,False
17072,Colombia,Bogotá D.C.,Plata,False,False,True,9,7,3103.0,28,1,6,True
17073,Colombia,Bogotá D.C.,Bronce,False,False,True,3,2,1175.0,57,0,8,True
17074,Colombia,Bogotá D.C.,Bronce,False,True,True,3,2,704.0,11,3,6,True
17075,Uruguay,—,Bronce,False,False,False,3,2,907.0,56,3,7,True
17076,Colombia,Bogotá D.C.,Bronce,False,True,True,0,0,0.0,21,3,8,True
17077,Colombia,Medellín,Bronce,True,False,True,3,1,557.0,13,2,4,True
17078,Colombia,Otras ciudades,Bronce,False,False,True,0,0,0.0,45,5,7,True
17079,Colombia,Cali,Bronce,False,False,True,4,3,965.0,82,2,7,True
17080,Colombia,Otras ciudades,Bronce,False,True,True,3,1,510.0,52,0,10,True
17081,México,—,Bronce,False,False,True,1,0,0.0,33,0,6,True
17082,Colombia,Bogotá D.C.,Bronce,False,False,True,7,6,3462.0,31,1,9,True
17083,México,—,Bronce,True,False,True,2,1,431.0,14,6,5,True
17084,Uruguay,—,Bronce,False,False,True,0,0,0.0,5,0,6,True
17085,México,—,Bronce,False,False,True,1,0,0.0,52,3,5,True
17086,México,—,Bronce,False,True,True,0,0,0.0,14,12,10,False
17087,Perú,—,Bronce,False,False,True,1,0,0.0,47,3,6,True
17088,Colombia,Bogotá D.C.,Bronce,False,False,True,0,0,0.0,94,4,9,True
17089,México,—,Bronce,False,False,True,4,2,906.0,2,2,6,True
17090,Colombia,Bogotá D.C.,Bronce,False,False,True,0,0,0.0,34,7,10,False
17091,Colombia,Ibagué,Oro,True,False,True,31,24,10904.0,32,6,7,True
17092,Colombia,Otras ciudades,Bronce,False,False,True,4,2,898.0,16,14,6,False
17093,Colombia,Cartagena,Bronce,True,False,True,0,0,0.0,14,2,10,True
17094,Colombia,Bogotá D.C.,Plata,True,True,True,8,6,3795.0,11,13,10,False
17095,Colombia,Bogotá D.C.,Bronce,False,True,True,0,0,0.0,15,5,5,True
17096,Colombia,Bogotá D.C.,Bronce,True,True,False,1,0,0.0,7,2,3,True
17097,Colombia,Bogotá D.C.,Bronce,False,False,True,6,5,2257.0,46,4,4,True
17098,Colombia,Pereira,Bronce,False,False,True,5,3,1063.0,14,6,10,True
17099,Colombia,Medellín,Bronce,False,True,False,3,1,408.0,7,2,10,True
17100,Ecuador,—,Bronce,True,False,True,0,0,0.0,39,3,10,True
17101,México,—,Oro,True,False,True,48,37,23476.0,92,12,8,False
17102,Colombia,Barranquilla,Bronce,True,False,True,0,0,0.0,2,4,6,True
17103,Colombia,Bogotá D.C.,Bronce,False,True,True,1,0,0.0,50,3,4,True
17104,Colombia,Bogotá D.C.,Bronce,False,False,False,3,2,695.0,46,40,8,False
17105,Colombia,Bogotá D.C.,Bronce,False,False,True,3,1,477.0,7,3,10,True
17106,Colombia,Cali,Plata,True,False,True,12,8,3837.0,54,3,10,True
17107,Colombia,Barranquilla,Bronce,False,False,True,0,0,0.0,43,14,7,False
17108,Colombia,Montería,Bronce,False,True,True,1,0,0.0,64,4,9,True
17109,Colombia,Cartagena,Bronce,False,True,True,2,1,572.0,22,3,9,True
17110,Colombia,Bogotá D.C.,Bronce,True,False,True,6,4,2020.0,9,0,5,True
17111,Colombia,Armenia,Bronce,False,False,True,4,3,1390.0,17,6,7,True
17112,Colombia,Bogotá D.C.,Bronce,True,False,True,0,0,0.0,32,1,10,True
17113,México,—,Bronce,False,False,True,1,0,0.0,21,1,7,True
17114,Perú,—,Plata,False,False,True,16,11,8028.0,67,4,4,True
17115,México,—,Bronce,True,False,True,0,0,0.0,78,5,10,True
17116,Colombia,Bogotá D.C.,Bronce,False,False,True,0,0,0.0,49,11,3,False
17117,Chile,—,Bronce,False,False,True,0,0,0.0,99,8,8,False
17118,Colombia,Cúcuta,Bronce,True,True,True,4,2,947.0,41,1,10,True
17119,Colombia,Cúcuta,Bronce,False,True,False,4,2,1123.0,25,1,8,True
17120,Colombia,Bogotá D.C.,Bronce,False,True,True,1,0,0.0,19,2,6,True
17121,Colombia,Bogotá D.C.,Plata,False,False,True,11,8,4197.0,15,6,9,True
17122,Uruguay,—,Bronce,False,True,True,0,0,0.0,15,2,5,True
17123,Colombia,Otras ciudades,Bronce,True,False,False,7,4,2134.0,13,10,9,False
17124,Chile,—,Bronce,True,False,False,1,0,0.0,8,18,4,False
17125,México,—,Bronce,True,False,True,0,0,0.0,11,4,5,True
17126,Perú,—,Bronce,True,False,False,0,0,0.0,5,16,6,False
17127,México,—,Bronce,True,False,False,0,0,0.0,30,4,7,True
17128,Colombia,Medellín,Bronce,False,False,True,1,0,0.0,15,10,7,False
17129,Colombia,Ibagué,Plata,True,True,True,10,8,3152.0,8,2,8,True
17130,Ecuador,—,Bronce,False,False,True,5,4,2112.0,38,1,8,True
17131,México,—,Bronce,True,False,True,0,0,0.0,12,1,9,True
17132,Colombia,Manizales,Bronce,False,False,True,3,1,466.0,30,10,8,False
17133,Colombia,Cúcuta,Bronce,True,False,False,5,3,1791.0,32,1,2,True
17134,Colombia,Medellín,Bronce,False,False,True,2,1,421.0,38,5,8,True
17135,Colombia,Cali,Bronce,False,False,True,4,3,1203.0,10,17,8,False
17136,México,—,Bronce,True,False,True,3,2,1158.0,23,9,7,False
17137,México,—,Bronce,True,True,True,0,0,0.0,18,4,8,True
17138,Colombia,Bogotá D.C.,Bronce,False,True,True,0,0,0.0,12,13,9,False
17139,Colombia,Bogotá D.C.,Plata,True,False,True,9,7,2607.0,32,12,4,False
17140,Colombia,Otras ciudades,Bronce,False,False,True,2,1,457.0,4,3,6,True
17141,México,—,Bronce,True,True,True,0,0,0.0,29,7,7,False
17142,Colombia,Bogotá D.C.,Plata,False,False,False,15,10,3346.0,6,15,7,False
17143,Colombia,Bogotá D.C.,Bronce,False,False,False,3,2,860.0,8,4,4,True
17144,México,—,Bronce,True,False,True,2,1,455.0,23,7,6,False
17145,Perú,—,Bronce,True,False,True,2,1,654.0,37,2,4,True
17146,Ecuador,—,Bronce,False,False,True,0,0,0.0,34,0,10,True
17147,Colombia,Cali,Bronce,False,False,True,0,0,0.0,8,8,9,False
17148,Colombia,Ibagué,Bronce,False,False,True,3,2,710.0,21,19,7,False
17149,México,—,Bronce,False,False,True,0,0,0.0,61,0,4,True
17150,Colombia,Cartagena,Bronce,False,False,False,2,1,513.0,52,7,7,False
17151,Chile,—,Plata,True,False,True,16,11,5237.0,13,7,6,False
17152,Colombia,Bogotá D.C.,Bronce,False,False,True,0,0,0.0,9,12,8,False
17153,Colombia,Medellín,Bronce,False,False,True,2,1,503.0,37,4,10,True
17154,México,—,Bronce,True,False,True,6,5,2360.0,15,0,8,True
17155,Colombia,Bogotá D.C.,Bronce,True,False,True,1,0,0.0,9,2,6,True
17156,Colombia,Bogotá D.C.,Bronce,False,False,True,2,1,405.0,24,1,7,True
17157,Colombia,Otras ciudades,Bronce,True,True,True,2,1,548.0,22,0,8,True
17158,Colombia,Cali,Bronce,False,False,True,2,1,627.0,9,2,9,True
17159,México,—,Bronce,False,False,True,0,0,0.0,7,11,7,False
17160,Perú,—,Bronce,True,True,True,5,3,1443.0,24,4,10,True
17161,México,—,Bronce,False,False,False,0,0,0.0,34,0,8,True
17162,Colombia,Bogotá D.C.,Bronce,True,True,True,0,0,0.0,12,11,3,False
17163,México,—,Bronce,False,False,False,0,0,0.0,55,2,8,True
17164,Colombia,Pereira,Bronce,False,True,True,7,5,2307.0,7,2,10,True
17165,Colombia,Santa Marta,Bronce,True,True,False,7,5,1778.0,46,0,7,True
17166,Ecuador,—,Plata,False,False,True,16,11,5212.0,33,11,10,False
17167,Colombia,Cali,Bronce,False,False,True,0,0,0.0,2,2,7,True
17168,Uruguay,—,Bronce,True,True,True,0,0,0.0,60,0,10,True
17169,Colombia,Medellín,Bronce,False,False,True,2,1,725.0,8,20,9,False
17170,México,—,Bronce,True,False,True,0,0,0.0,38,9,4,False
17171,Uruguay,—,Bronce,False,False,True,1,0,0.0,28,12,5,False
17172,México,—,Bronce,True,False,True,2,1,410.0,55,0,3,True
17173,Colombia,Medellín,Bronce,True,True,True,3,1,448.0,18,1,6,True
17174,Ecuador,—,Plata,True,True,True,8,7,2965.0,32,0,8,True
17175,México,—,Bronce,True,False,True,2,1,385.0,10,8,6,False
17176,Colombia,Cali,Bronce,False,True,True,1,0,0.0,93,2,10,True
17177,Ecuador,—,Plata,True,False,False,12,10,6490.0,46,5,6,True
17178,Colombia,Bogotá D.C.,Plata,False,True,True,13,9,3645.0,76,11,10,False
17179,Perú,—,Bronce,False,False,True,3,1,637.0,22,3,8,True
17180,Ecuador,—,Bronce,False,True,True,1,0,0.0,64,9,9,False
17181,Colombia,Manizales,Bronce,True,False,True,0,0,0.0,32,3,10,True
17182,Colombia,Bogotá D.C.,Bronce,True,False,False,3,1,554.0,7,2,6,True
17183,Perú,—,Bronce,False,False,True,4,2,1065.0,22,6,7,True
17184,México,—,Bronce,False,False,True,7,6,2724.0,46,12,9,False
17185,Colombia,Neiva,Bronce,True,True,True,2,1,420.0,55,4,10,True
17186,Colombia,Villavicencio,Bronce,True,True,True,7,6,2958.0,1,5,10,True
17187,Colombia,Cali,Bronce,False,False,True,1,0,0.0,1,12,7,False
17188,Colombia,Bogotá D.C.,Bronce,False,False,True,2,1,521.0,10,8,8,False
17189,México,—,Bronce,True,True,True,5,3,1876.0,57,14,9,False
17190,Ecuador,—,Bronce,True,True,True,1,0,0.0,74,2,6,True
17191,Colombia,Cartagena,Plata,False,False,True,12,8,3019.0,28,3,10,True
17192,México,—,Bronce,False,True,True,0,0,0.0,86,10,5,False
17193,Chile,—,Bronce,False,False,True,6,3,1734.0,10,3,8,True
17194,Uruguay,—,Bronce,True,True,True,7,6,2713.0,6,3,6,True
17195,Colombia,Bucaramanga,Bronce,False,True,True,0,0,0.0,30,2,9,True
17196,México,—,Bronce,False,False,True,0,0,0.0,14,5,2,True
17197,Colombia,Bucaramanga,Plata,True,True,True,8,4,1745.0,8,4,6,True
17198,Colombia,Bogotá D.C.,Plata,True,False,True,10,6,2909.0,14,3,5,True
17199,Colombia,Cartagena,Bronce,False,True,True,2,1,459.0,19,0,5,True
17200,Colombia,Otras ciudades,Bronce,False,True,False,1,0,0.0,79,7,5,False
17201,México,—,Bronce,True,True,True,5,4,2581.0,22,4,4,True
17202,México,—,Bronce,True,True,True,0,0,0.0,24,0,7,True
17203,México,—,Plata,True,True,True,23,20,9168.0,7,9,7,False
17204,Perú,—,Bronce,False,True,True,0,0,0.0,20,5,5,True
17205,Colombia,Otras ciudades,Bronce,True,True,True,6,3,1576.0,24,3,8,True
17206,Colombia,Bogotá D.C.,Oro,True,True,True,32,27,11629.0,3,6,6,True
17207,Perú,—,Bronce,False,False,True,7,4,1102.0,16,10,5,False
17208,Ecuador,—,Bronce,False,True,True,0,0,0.0,9,5,8,True
17209,Ecuador,—,Bronce,True,False,True,0,0,0.0,49,13,10,False
17210,Colombia,Barranquilla,Bronce,True,False,True,0,0,0.0,20,2,7,True
17211,Colombia,Medellín,Bronce,True,True,True,0,0,0.0,21,5,8,True
17212,Perú,—,Bronce,False,False,True,5,3,1837.0,27,1,9,True
17213,Colombia,Manizales,Bronce,False,False,True,0,0,0.0,34,3,9,True
17214,Colombia,Cúcuta,Bronce,True,False,False,1,0,0.0,43,4,7,True
17215,Colombia,Cali,Bronce,True,False,True,4,2,490.0,77,4,10,True
17216,Ecuador,—,Bronce,True,False,False,4,2,979.0,20,2,7,True
17217,Colombia,Bogotá D.C.,Bronce,True,True,True,3,2,995.0,11,3,5,True
17218,Colombia,Bogotá D.C.,Bronce,False,False,True,1,0,0.0,43,2,5,True
17219,Colombia,Cali,Bronce,True,False,True,0,0,0.0,1,4,10,True
17220,Colombia,Bogotá D.C.,Bronce,False,False,True,0,0,0.0,80,10,7,False
17221,Ecuador,—,Bronce,False,False,True,6,3,1232.0,23,5,10,True
17222,Colombia,Bucaramanga,Bronce,False,False,True,0,0,0.0,36,5,9,True
17223,México,—,Bronce,False,False,False,2,1,400.0,40,5,7,True
17224,México,—,Bronce,True,False,True,4,2,1223.0,26,0,10,True
17225,Colombia,Medellín,Bronce,True,True,True,1,0,0.0,10,10,9,False
17226,Colombia,Bucaramanga,Bronce,True,False,False,2,1,465.0,31,4,10,True
17227,Uruguay,—,Bronce,False,False,True,1,0,0.0,28,22,5,False
17228,Colombia,Bogotá D.C.,Bronce,True,False,True,0,0,0.0,20,4,7,True
17229,Colombia,Barranquilla,Bronce,False,False,True,0,0,0.0,33,0,7,True
17230,México,—,Bronce,False,False,False,5,4,1920.0,20,7,5,False
17231,México,—,Bronce,True,False,True,1,0,0.0,16,9,4,False
17232,Colombia,Medellín,Bronce,False,False,True,2,1,356.0,53,4,7,True
17233,Colombia,Ibagué,Plata,True,True,True,9,6,2960.0,32,1,7,True
17234,México,—,Bronce,True,False,False,7,4,1854.0,27,2,5,True
17235,México,—,Bronce,False,False,False,1,0,0.0,34,2,4,True
17236,Colombia,Pasto,Bronce,True,False,True,1,0,0.0,30,11,6,False
17237,Colombia,Bogotá D.C.,Bronce,False,True,True,1,0,0.0,5,3,7,True
17238,Colombia,Barranquilla,Bronce,True,False,True,4,2,1094.0,25,3,6,True
17239,México,—,Bronce,False,False,True,0,0,0.0,45,11,6,False
17240,México,—,Bronce,True,False,True,3,2,1172.0,53,6,10,True
17241,Colombia,Cartagena,Bronce,False,False,True,0,0,0.0,52,9,6,False
17242,México,—,Bronce,True,True,True,1,0,0.0,42,8,5,False
17243,México,—,Bronce,True,True,True,0,0,0.0,36,2,7,True
17244,Ecuador,—,Bronce,False,False,False,3,2,978.0,45,26,10,False
17245,Colombia,Cartagena,Plata,False,True,True,11,9,6181.0,8,4,7,True
17246,Colombia,Manizales,Bronce,False,False,False,0,0,0.0,17,5,9,True
17247,Perú,—,Bronce,True,False,True,1,0,0.0,12,3,9,True
17248,México,—,Bronce,True,False,True,4,2,970.0,3,0,9,True
17249,Colombia,Valledupar,Bronce,False,False,True,3,2,1128.0,23,1,10,True
17250,Colombia,Manizales,Bronce,False,False,True,0,0,0.0,88,5,9,True
17251,Colombia,Otras ciudades,Bronce,False,True,True,0,0,0.0,21,3,7,True
17252,Colombia,Bogotá D.C.,Oro,False,False,True,30,24,12935.0,14,4,4,True
17253,Colombia,Medellín,Bronce,False,True,True,1,0,0.0,9,9,7,False
17254,Perú,—,Bronce,True,False,True,0,0,0.0,13,0,8,True
17255,México,—,Bronce,False,True,False,1,0,0.0,14,2,5,True
17256,Colombia,Otras ciudades,Plata,False,False,False,15,11,5493.0,26,9,8,False
17257,Colombia,Medellín,Bronce,False,False,True,1,0,0.0,11,4,6,True
17258,Colombia,Bogotá D.C.,Bronce,False,False,True,0,0,0.0,47,2,10,True
17259,Colombia,Medellín,Bronce,False,False,True,3,1,393.0,95,0,6,True
17260,Ecuador,—,Bronce,True,False,True,0,0,0.0,60,7,10,False
17261,Colombia,Medellín,Bronce,True,True,True,6,5,2749.0,29,3,9,True
17262,Perú,—,Bronce,False,True,True,0,0,0.0,7,0,7,True
17263,Ecuador,—,Plata,True,False,True,21,18,8701.0,31,1,8,True
17264,México,—,Bronce,False,False,False,0,0,0.0,22,4,7,True
17265,Perú,—,Plata,True,False,True,10,5,2414.0,16,7,10,False
17266,Colombia,Bogotá D.C.,Bronce,True,False,False,0,0,0.0,90,2,9,True
17267,Colombia,Bucaramanga,Bronce,True,False,False,0,0,0.0,34,8,10,False
17268,Colombia,Bogotá D.C.,Bronce,False,True,True,3,2,1150.0,40,3,6,True
17269,México,—,Bronce,False,False,True,2,1,635.0,20,0,6,True
17270,Colombia,Cúcuta,Bronce,False,False,True,5,4,1041.0,26,1,6,True
17271,Colombia,Bogotá D.C.,Bronce,True,False,True,2,1,574.0,15,1,9,True
17272,México,—,Bronce,False,True,True,1,0,0.0,6,6,4,True
17273,Colombia,Bogotá D.C.,Bronce,True,True,True,0,0,0.0,5,4,10,True
17274,México,—,Bronce,False,True,True,1,0,0.0,31,8,10,False
17275,Colombia,Bogotá D.C.,Bronce,True,True,True,1,0,0.0,14,5,6,True
17276,Colombia,Bogotá D.C.,Bronce,True,True,True,0,0,0.0,57,3,8,True
17277,México,—,Bronce,False,True,True,5,4,1987.0,4,3,9,True
17278,México,—,Bronce,True,True,True,2,1,447.0,73,1,9,True
17279,Colombia,Otras ciudades,Bronce,False,False,True,0,0,0.0,73,3,8,True
17280,Perú,—,Bronce,False,True,True,3,1,596.0,49,8,6,False
17281,Chile,—,Bronce,True,True,True,0,0,0.0,49,5,8,True
17282,Colombia,Medellín,Bronce,True,True,True,0,0,0.0,30,8,6,False
17283,Colombia,Pasto,Bronce,False,False,True,0,0,0.0,24,10,5,False
17284,México,—,Bronce,False,True,True,0,0,0.0,12,1,9,True
17285,Colombia,Bogotá D.C.,Bronce,False,False,True,3,1,428.0,19,4,4,True
17286,Colombia,Bucaramanga,Bronce,False,False,True,0,0,0.0,58,2,10,True
17287,Colombia,Montería,Bronce,True,False,True,2,1,529.0,70,4,8,True
17288,Colombia,Cali,Bronce,False,False,True,2,1,512.0,45,6,5,True
17289,Colombia,Bogotá D.C.,Bronce,False,False,True,0,0,0.0,54,2,5,True
17290,Colombia,Cali,Bronce,False,True,False,1,0,0.0,9,3,9,True
17291,Ecuador,—,Bronce,True,False,True,4,3,1138.0,30,2,10,True
17292,Colombia,Santa Marta,Bronce,False,True,True,2,1,371.0,13,2,8,True
17293,Colombia,Cali,Bronce,False,False,True,0,0,0.0,9,2,9,True
17294,Uruguay,—,Bronce,True,False,True,1,0,0.0,29,8,10,False
17295,Ecuador,—,Bronce,True,False,True,2,1,447.0,17,8,6,False
17296,Colombia,Medellín,Bronce,True,False,True,1,0,0.0,23,5,3,True
17297,Colombia,Cali,Bronce,True,False,True,3,2,1021.0,26,6,7,True
17298,Colombia,Bogotá D.C.,Bronce,False,False,True,4,3,1410.0,9,5,7,True
17299,Colombia,Bogotá D.C.,Bronce,True,True,True,1,0,0.0,29,8,7,False
17300,Colombia,Medellín,Oro,True,True,False,33,24,11630.0,22,6,10,True
17301,Colombia,Bogotá D.C.,Bronce,True,True,True,1,0,0.0,50,1,8,True
17302,México,—,Bronce,False,False,True,1,0,0.0,44,7,8,False
17303,Uruguay,—,Bronce,False,False,False,1,0,0.0,13,21,7,False
17304,Colombia,Bogotá D.C.,Bronce,True,True,True,5,4,1941.0,28,9,6,False
17305,Colombia,Otras ciudades,Bronce,False,False,True,1,0,0.0,7,10,7,False
17306,Ecuador,—,Plata,True,True,True,17,11,5464.0,18,3,10,True
17307,Colombia,Medellín,Bronce,True,True,True,1,0,0.0,26,3,5,True
17308,Ecuador,—,Plata,False,False,True,22,20,9580.0,12,4,6,True
17309,Colombia,Bogotá D.C.,Bronce,False,False,True,3,2,811.0,55,3,10,True
17310,Colombia,Otras ciudades,Bronce,False,False,True,0,0,0.0,15,7,7,False
17311,Colombia,Cali,Bronce,False,False,True,1,0,0.0,26,4,5,True
17312,Colombia,Sincelejo,Bronce,False,True,True,1,0,0.0,16,5,10,True
17313,Ecuador,—,Bronce,True,False,True,0,0,0.0,61,1,7,True
17314,Colombia,Bucaramanga,Bronce,False,True,True,7,5,1775.0,34,11,5,False
17315,Ecuador,—,Bronce,False,True,True,0,0,0.0,39,5,7,True
17316,Colombia,Bogotá D.C.,Bronce,False,True,True,1,0,0.0,62,8,2,False
17317,Colombia,Pasto,Bronce,True,False,True,6,4,1958.0,21,1,7,True
17318,Colombia,Manizales,Bronce,True,False,False,5,3,1104.0,15,1,4,True
17319,México,—,Oro,True,True,True,29,21,8211.0,47,0,6,True
17320,México,—,Bronce,False,False,True,1,0,0.0,34,0,4,True
17321,Colombia,Barranquilla,Plata,False,False,True,22,20,9829.0,2,4,9,True
17322,Colombia,Armenia,Bronce,False,False,True,1,0,0.0,13,4,8,True
17323,Colombia,Bogotá D.C.,Bronce,True,True,False,5,3,1010.0,82,0,10,True
17324,México,—,Bronce,False,False,True,0,0,0.0,23,4,8,True
17325,Colombia,Bogotá D.C.,Bronce,True,False,True,3,2,978.0,11,7,10,False
17326,Colombia,Otras ciudades,Bronce,False,True,True,0,0,0.0,11,3,10,True
17327,México,—,Bronce,True,True,True,2,1,410.0,17,5,8,True
17328,Ecuador,—,Bronce,False,False,False,1,0,0.0,8,5,7,True
17329,Colombia,Cali,Bronce,False,True,False,0,0,0.0,18,6,10,True
17330,Colombia,Bogotá D.C.,Plata,True,False,True,10,6,2799.0,58,6,3,True
17331,Ecuador,—,Bronce,False,True,False,6,4,2784.0,32,4,10,True
17332,México,—,Bronce,False,True,False,1,0,0.0,68,20,7,False
17333,Colombia,Villavicencio,Bronce,True,True,False,1,0,0.0,40,1,7,True
17334,Colombia,Medellín,Bronce,False,True,True,5,4,2069.0,16,10,2,False
17335,Colombia,Otras ciudades,Bronce,False,False,True,4,3,1983.0,88,3,10,True
17336,Colombia,Valledupar,Bronce,True,True,True,0,0,0.0,32,3,5,True
17337,Colombia,Otras ciudades,Bronce,True,False,True,3,2,928.0,3,1,6,True
17338,Colombia,Medellín,Bronce,True,False,True,0,0,0.0,28,9,7,False
17339,Colombia,Cali,Bronce,False,False,False,0,0,0.0,14,3,6,True
17340,Colombia,Cartagena,Bronce,False,False,True,0,0,0.0,35,9,8,False
17341,México,—,Bronce,False,False,True,3,2,1076.0,7,13,10,False
17342,Ecuador,—,Bronce,False,False,True,2,1,557.0,33,5,10,True
17343,Colombia,Pereira,Plata,False,False,False,14,12,5859.0,34,3,6,True
17344,Perú,—,Bronce,True,True,False,3,2,1298.0,29,0,6,True
17345,Colombia,Pereira,Bronce,True,True,True,0,0,0.0,16,4,6,True
17346,Ecuador,—,Bronce,False,True,True,1,0,0.0,44,4,7,True
17347,Ecuador,—,Bronce,True,False,True,5,3,1973.0,14,2,9,True
17348,Ecuador,—,Bronce,True,True,True,2,1,472.0,15,6,9,True
17349,México,—,Bronce,False,False,True,1,0,0.0,3,1,7,True
17350,Colombia,Medellín,Bronce,True,False,True,2,1,532.0,31,3,9,True
17351,Perú,—,Bronce,True,True,True,4,2,815.0,1,6,7,True
17352,Uruguay,—,Oro,False,True,True,30,21,13324.0,60,17,8,False
17353,Colombia,Medellín,Plata,True,False,True,22,18,8070.0,22,10,4,False
17354,México,—,Bronce,False,True,True,7,5,3494.0,16,2,7,True
17355,Colombia,Bucaramanga,Platino,False,True,True,86,75,34745.0,4,2,6,True
17356,Colombia,Otras ciudades,Bronce,True,False,True,0,0,0.0,1,12,9,False
17357,Colombia,Bogotá D.C.,Bronce,False,False,True,2,1,514.0,18,12,6,False
17358,Colombia,Santa Marta,Bronce,True,False,True,6,4,2164.0,17,3,7,True
17359,Chile,—,Bronce,False,True,True,3,2,848.0,34,4,8,True
17360,Colombia,Otras ciudades,Oro,False,False,False,34,28,16078.0,23,0,6,True
17361,Colombia,Bogotá D.C.,Bronce,True,True,True,5,3,1352.0,32,12,8,False
17362,Colombia,Armenia,Bronce,False,True,False,6,3,1979.0,16,3,9,True
17363,Colombia,Medellín,Bronce,False,False,True,2,1,366.0,53,2,9,True
17364,Colombia,Bogotá D.C.,Bronce,False,True,False,0,0,0.0,57,14,6,False
17365,Colombia,Otras ciudades,Plata,True,False,True,16,10,4807.0,27,4,7,True
17366,Colombia,Barranquilla,Bronce,True,False,False,6,4,2244.0,9,23,8,False
17367,Colombia,Otras ciudades,Bronce,True,False,True,0,0,0.0,4,3,8,True
17368,Colombia,Otras ciudades,Bronce,True,False,True,0,0,0.0,49,11,6,False
17369,Colombia,Bucaramanga,Bronce,False,False,True,0,0,0.0,45,7,4,False
17370,Colombia,Otras ciudades,Bronce,False,False,True,0,0,0.0,16,5,6,True
17371,Perú,—,Bronce,True,False,True,0,0,0.0,16,8,4,False
17372,México,—,Bronce,False,False,False,7,4,2652.0,15,10,7,False
17373,Colombia,Santa Marta,Bronce,False,True,True,2,1,628.0,20,3,7,True
17374,Colombia,Otras ciudades,Bronce,True,False,True,0,0,0.0,27,1,7,True
17375,Colombia,Bogotá D.C.,Bronce,False,False,True,7,4,1960.0,6,2,10,True
17376,Colombia,Bogotá D.C.,Bronce,False,True,True,1,0,0.0,12,0,1,True
17377,Colombia,Montería,Bronce,False,False,True,5,4,2685.0,22,6,7,True
17378,Colombia,Cali,Bronce,True,False,False,3,2,895.0,48,1,2,True
17379,Colombia,Manizales,Bronce,True,False,True,0,0,0.0,80,3,4,True
17380,México,—,Plata,True,True,True,10,5,1648.0,53,0,7,True
17381,Colombia,Pereira,Bronce,True,False,True,0,0,0.0,15,4,9,True
17382,Ecuador,—,Bronce,False,False,True,1,0,0.0,51,6,3,True
17383,México,—,Bronce,False,True,True,0,0,0.0,10,2,10,True
17384,México,—,Bronce,True,False,False,0,0,0.0,17,2,6,True
17385,Colombia,Pereira,Oro,False,False,True,25,20,7278.0,1,4,5,True
17386,Colombia,Cartagena,Bronce,True,False,True,2,1,626.0,15,2,1,True
17387,México,—,Bronce,False,False,True,1,0,0.0,13,4,10,True
17388,Chile,—,Bronce,False,True,False,0,0,0.0,18,1,6,True
17389,Colombia,Medellín,Bronce,True,False,True,0,0,0.0,20,3,6,True
17390,Chile,—,Bronce,False,True,True,3,1,516.0,20,8,10,False
17391,Uruguay,—,Bronce,False,False,True,1,0,0.0,8,2,7,True
17392,México,—,Bronce,True,False,True,2,1,633.0,22,9,7,False
17393,Colombia,Otras ciudades,Bronce,False,False,False,1,0,0.0,1,5,4,True
17394,Colombia,Medellín,Bronce,True,False,True,2,1,830.0,17,2,6,True
17395,Colombia,Bogotá D.C.,Bronce,True,False,True,0,0,0.0,51,0,6,True
17396,Colombia,Cali,Bronce,True,False,True,2,1,467.0,77,4,7,True
17397,Ecuador,—,Bronce,True,True,False,0,0,0.0,10,21,9,False
17398,Ecuador,—,Oro,False,False,True,27,22,12262.0,8,10,9,False
17399,Colombia,Medellín,Bronce,True,True,True,3,2,899.0,33,11,10,False
17400,Uruguay,—,Platino,False,False,True,111,78,46714.0,28,0,7,True
17401,Colombia,Otras ciudades,Bronce,True,False,True,5,4,1765.0,8,6,10,True
17402,México,—,Oro,False,True,True,25,17,11391.0,15,12,6,False
17403,Colombia,Cali,Plata,True,True,True,14,11,4938.0,49,3,10,True
17404,Colombia,Bucaramanga,Bronce,True,False,True,3,2,743.0,13,6,5,True
17405,Ecuador,—,Bronce,True,False,True,2,1,449.0,21,23,9,False
17406,Chile,—,Bronce,False,False,True,1,0,0.0,27,9,10,False
17407,Colombia,Otras ciudades,Plata,False,True,True,9,7,3086.0,43,1,5,True
17408,México,—,Bronce,False,False,True,0,0,0.0,23,23,10,False
17409,Colombia,Cartagena,Bronce,False,False,True,3,2,933.0,48,8,6,False
17410,Ecuador,—,Bronce,True,False,True,1,0,0.0,2,17,6,False
17411,Colombia,Cúcuta,Bronce,True,True,True,2,1,430.0,29,7,6,False
17412,Colombia,Pereira,Bronce,True,False,True,0,0,0.0,47,3,10,True
17413,Colombia,Medellín,Bronce,True,True,True,0,0,0.0,14,8,10,False
17414,Ecuador,—,Bronce,True,False,True,0,0,0.0,30,2,5,True
17415,Colombia,Cali,Bronce,True,True,True,0,0,0.0,12,7,8,False
17416,Colombia,Cali,Plata,False,False,False,9,7,4090.0,37,1,9,True
17417,Colombia,Cali,Bronce,True,False,True,3,1,689.0,7,15,10,False
17418,México,—,Bronce,False,True,True,0,0,0.0,15,7,6,False
17419,Colombia,Armenia,Bronce,True,False,True,0,0,0.0,13,15,7,False
17420,Colombia,Cali,Bronce,False,False,True,0,0,0.0,12,13,9,False
17421,Colombia,Cúcuta,Oro,True,False,True,32,26,17370.0,28,6,4,True
17422,Colombia,Otras ciudades,Plata,True,True,True,11,8,4133.0,19,14,9,False
17423,Ecuador,—,Plata,False,True,True,13,11,4988.0,9,2,5,True
17424,Colombia,Cúcuta,Plata,True,False,True,13,7,3292.0,31,12,6,False
17425,Perú,—,Bronce,True,True,True,0,0,0.0,16,40,5,False
17426,Colombia,Manizales,Bronce,False,True,True,0,0,0.0,16,1,9,True
17427,Perú,—,Bronce,True,False,True,0,0,0.0,35,3,10,True
17428,México,—,Bronce,True,True,True,0,0,0.0,26,6,10,True
17429,Colombia,Cúcuta,Bronce,True,False,True,1,0,0.0,28,0,7,True
17430,México,—,Bronce,False,False,True,1,0,0.0,2,6,7,True
17431,Colombia,Bucaramanga,Bronce,False,True,True,0,0,0.0,20,11,3,False
17432,Colombia,Medellín,Bronce,True,True,True,2,1,550.0,5,1,7,True
17433,Colombia,Cali,Bronce,True,True,False,0,0,0.0,10,9,10,False
17434,Colombia,Otras ciudades,Bronce,False,True,False,1,0,0.0,28,3,8,True
17435,Colombia,Medellín,Bronce,True,False,True,4,2,1062.0,2,9,7,False
17436,Uruguay,—,Bronce,True,True,True,5,3,1779.0,2,4,1,True
17437,Ecuador,—,Bronce,True,False,True,1,0,0.0,46,6,9,True
17438,Colombia,Bogotá D.C.,Bronce,False,True,False,0,0,0.0,33,13,5,False
17439,Colombia,Bogotá D.C.,Bronce,False,True,True,6,3,1148.0,54,6,10,True
17440,Colombia,Popayán,Bronce,False,False,True,2,1,557.0,41,2,10,True
17441,Colombia,Barranquilla,Plata,True,True,False,12,11,5696.0,57,5,9,True
17442,México,—,Bronce,False,False,True,7,6,3537.0,74,17,8,False
17443,Colombia,Bogotá D.C.,Bronce,False,True,True,0,0,0.0,52,0,9,True
17444,Colombia,Otras ciudades,Plata,True,False,True,8,7,3554.0,2,3,8,True
17445,México,—,Bronce,False,True,True,0,0,0.0,15,1,5,True
17446,Colombia,Bogotá D.C.,Bronce,False,False,True,0,0,0.0,13,5,7,True
17447,Colombia,Cali,Bronce,True,False,True,0,0,0.0,20,6,10,True
17448,Ecuador,—,Oro,True,True,True,26,18,9034.0,61,7,1,False
17449,Colombia,Valledupar,Bronce,True,False,True,0,0,0.0,19,5,9,True
17450,Colombia,Barranquilla,Plata,False,False,True,9,8,3725.0,19,5,8,True
17451,Colombia,Bogotá D.C.,Bronce,False,False,True,3,2,1048.0,15,0,10,True
17452,Perú,—,Bronce,False,False,False,2,1,585.0,34,17,9,False
17453,Colombia,Otras ciudades,Bronce,False,False,True,1,0,0.0,44,5,7,True
17454,Colombia,Cúcuta,Bronce,False,False,True,3,2,722.0,30,0,8,True
17455,Ecuador,—,Oro,False,True,True,54,38,18845.0,1,10,7,False
17456,Colombia,Medellín,Bronce,False,False,True,1,0,0.0,6,5,10,True
17457,Colombia,Bogotá D.C.,Bronce,False,False,False,7,5,2590.0,20,8,10,False
17458,Ecuador,—,Bronce,True,False,True,0,0,0.0,17,5,7,True
17459,Colombia,Medellín,Bronce,True,False,True,1,0,0.0,6,1,3,True
17460,Colombia,Cali,Plata,False,False,True,12,9,4645.0,44,2,6,True
17461,México,—,Plata,True,True,True,11,6,2196.0,23,2,9,True
17462,Colombia,Bogotá D.C.,Bronce,True,False,True,5,4,2221.0,22,5,10,True
17463,Colombia,Bogotá D.C.,Bronce,False,True,True,2,1,393.0,36,5,8,True
17464,México,—,Bronce,True,False,True,2,1,516.0,7,0,10,True
17465,Colombia,Otras ciudades,Bronce,False,True,True,0,0,0.0,6,15,6,False
17466,Colombia,Otras ciudades,Bronce,True,False,False,0,0,0.0,150,4,7,True
17467,Colombia,Bogotá D.C.,Platino,True,False,True,63,52,28957.0,18,6,4,True
17468,Ecuador,—,Bronce,False,True,True,0,0,0.0,9,1,6,True
17469,Colombia,Bogotá D.C.,Bronce,False,False,True,1,0,0.0,73,21,5,False
17470,Colombia,Medellín,Bronce,False,True,True,1,0,0.0,19,8,7,False
17471,Perú,—,Bronce,True,True,True,2,1,385.0,10,1,6,True
17472,Colombia,Bogotá D.C.,Bronce,False,True,False,3,1,526.0,46,7,8,False
17473,Colombia,Ibagué,Bronce,True,True,True,1,0,0.0,14,16,4,False
17474,Uruguay,—,Bronce,True,False,True,5,3,1576.0,16,6,10,True
17475,Colombia,Bogotá D.C.,Bronce,True,False,False,0,0,0.0,11,11,8,False
17476,Colombia,Cali,Plata,True,False,True,17,15,7487.0,16,4,7,True
17477,México,—,Bronce,False,True,False,1,0,0.0,22,2,6,True
17478,Uruguay,—,Bronce,False,False,False,0,0,0.0,27,5,3,True
17479,Colombia,Barranquilla,Bronce,False,False,True,1,0,0.0,26,22,5,False
17480,Ecuador,—,Bronce,True,False,True,0,0,0.0,4,5,8,True
17481,Colombia,Montería,Bronce,True,False,True,1,0,0.0,48,3,4,True
17482,Colombia,Pasto,Bronce,True,True,True,3,1,517.0,13,2,4,True
17483,Colombia,Medellín,Bronce,False,True,True,0,0,0.0,54,12,6,False
17484,Colombia,Medellín,Bronce,False,False,True,1,0,0.0,76,7,3,False
17485,México,—,Bronce,True,False,True,3,2,1038.0,17,2,7,True
17486,Colombia,Bogotá D.C.,Plata,True,True,True,12,10,4921.0,32,1,10,True
17487,Uruguay,—,Bronce,False,True,False,2,1,382.0,13,1,8,True
17488,México,—,Plata,True,True,True,12,9,5441.0,28,2,7,True
17489,Colombia,Bucaramanga,Bronce,True,False,False,7,6,3309.0,22,2,9,True
17490,Colombia,Bogotá D.C.,Bronce,False,False,True,0,0,0.0,16,4,7,True
17491,Colombia,Otras ciudades,Bronce,True,False,True,0,0,0.0,6,6,4,True
17492,México,—,Plata,True,False,True,17,13,6197.0,5,5,6,True
17493,Colombia,Bucaramanga,Plata,False,False,True,22,18,7369.0,43,11,7,False
17494,Colombia,Bogotá D.C.,Bronce,False,True,True,0,0,0.0,11,5,7,True
17495,Perú,—,Bronce,False,True,True,6,4,1773.0,57,12,4,False
17496,Colombia,Cali,Bronce,False,True,True,0,0,0.0,24,1,10,True
17497,Colombia,Bogotá D.C.,Bronce,False,False,True,0,0,0.0,81,6,9,True
17498,Colombia,Bogotá D.C.,Bronce,False,False,False,7,4,2180.0,27,12,6,False
17499,Perú,—,Bronce,True,False,True,3,1,489.0,19,11,6,False
17500,México,—,Plata,False,False,False,10,8,3465.0,33,4,7,True
17501,Colombia,Medellín,Bronce,True,False,True,0,0,0.0,35,9,7,False
17502,Colombia,Medellín,Bronce,True,True,False,1,0,0.0,20,1,8,True
17503,México,—,Bronce,False,True,True,0,0,0.0,9,18,4,False
17504,México,—,Bronce,False,True,True,3,2,840.0,49,10,5,False
17505,México,—,Bronce,False,False,False,0,0,0.0,17,16,10,False
17506,Colombia,Bogotá D.C.,Bronce,False,False,True,1,0,0.0,54,3,6,True
17507,Colombia,Bogotá D.C.,Bronce,False,True,True,7,6,3382.0,32,2,1,True
17508,Colombia,Bogotá D.C.,Bronce,False,True,True,0,0,0.0,49,19,9,False
17509,Colombia,Montería,Bronce,False,True,False,0,0,0.0,11,3,4,True
17510,México,—,Bronce,False,False,True,1,0,0.0,23,4,7,True
17511,Colombia,Bogotá D.C.,Bronce,False,False,False,2,1,574.0,20,4,5,True
17512,México,—,Bronce,False,False,True,2,1,344.0,78,1,8,True
17513,Colombia,Montería,Bronce,False,False,False,0,0,0.0,33,3,5,True
17514,México,—,Plata,False,False,True,11,8,4800.0,13,1,1,True
17515,Colombia,Bogotá D.C.,Plata,False,False,True,18,10,6440.0,21,8,9,False
17516,México,—,Bronce,False,False,True,3,2,764.0,9,9,10,False
17517,Ecuador,—,Bronce,False,False,False,2,1,417.0,7,7,3,False
17518,Ecuador,—,Plata,True,True,True,8,5,1169.0,12,7,7,False
17519,Colombia,Bogotá D.C.,Bronce,False,False,True,0,0,0.0,8,14,10,False
17520,México,—,Bronce,False,True,False,5,3,1285.0,2,7,10,False
17521,Colombia,Barranquilla,Bronce,True,True,True,2,1,604.0,2,2,4,True
17522,Colombia,Medellín,Bronce,False,True,True,1,0,0.0,11,15,3,False
17523,México,—,Bronce,False,True,True,1,0,0.0,69,1,8,True
17524,Colombia,Cartagena,Bronce,False,True,False,0,0,0.0,41,3,7,True
17525,Colombia,Bogotá D.C.,Bronce,True,True,False,0,0,0.0,1,11,7,False
17526,Colombia,Bogotá D.C.,Plata,False,False,True,13,10,3360.0,76,5,6,True
17527,México,—,Bronce,True,False,True,6,5,2950.0,23,12,10,False
17528,México,—,Bronce,True,True,True,1,0,0.0,23,4,7,True
17529,Ecuador,—,Oro,False,False,True,26,19,11635.0,12,6,6,True
17530,Colombia,Medellín,Plata,False,False,True,12,8,2962.0,60,6,6,True
17531,México,—,Bronce,True,False,True,1,0,0.0,29,2,7,True
17532,Colombia,Bogotá D.C.,Bronce,False,False,True,1,0,0.0,15,7,7,False
17533,Colombia,Neiva,Bronce,False,False,True,3,2,1141.0,14,3,4,True
17534,Colombia,Bogotá D.C.,Bronce,False,False,True,0,0,0.0,20,3,8,True
17535,México,—,Bronce,True,True,True,0,0,0.0,37,0,7,True
17536,Colombia,Bogotá D.C.,Bronce,True,False,True,7,6,3024.0,10,4,3,True
17537,Uruguay,—,Bronce,False,False,True,1,0,0.0,22,2,6,True
17538,Colombia,Bogotá D.C.,Bronce,True,True,False,0,0,0.0,16,12,7,False
17539,Colombia,Bogotá D.C.,Bronce,False,True,True,3,2,990.0,38,19,5,False
17540,Colombia,Barranquilla,Bronce,False,True,True,2,1,384.0,48,7,4,False
17541,Perú,—,Bronce,True,True,True,1,0,0.0,35,13,8,False
17542,Colombia,Bogotá D.C.,Bronce,False,False,True,0,0,0.0,10,1,5,True
17543,Colombia,Valledupar,Bronce,True,True,True,2,1,617.0,15,2,7,True
17544,Chile,—,Bronce,False,False,True,1,0,0.0,10,0,7,True
17545,Ecuador,—,Bronce,True,True,True,0,0,0.0,43,13,6,False
17546,Colombia,Otras ciudades,Bronce,True,False,True,3,2,848.0,11,1,5,True
17547,México,—,Bronce,True,False,True,0,0,0.0,22,1,6,True
17548,Uruguay,—,Plata,False,False,True,12,9,5788.0,38,17,6,False
17549,Colombia,Bogotá D.C.,Bronce,False,False,False,7,4,2159.0,15,5,10,True
17550,Colombia,Cali,Bronce,False,False,False,1,0,0.0,18,2,3,True
17551,Colombia,Bogotá D.C.,Bronce,False,True,True,2,1,545.0,33,0,7,True
17552,Colombia,Bogotá D.C.,Bronce,True,False,True,2,1,602.0,90,15,10,False
17553,Colombia,Cúcuta,Bronce,False,False,True,0,0,0.0,36,3,6,True
17554,México,—,Bronce,True,False,True,0,0,0.0,27,4,10,True
17555,Perú,—,Bronce,False,False,True,1,0,0.0,25,4,8,True
17556,Colombia,Cali,Bronce,True,False,False,2,1,506.0,10,12,10,False
17557,Ecuador,—,Bronce,False,True,True,0,0,0.0,32,0,6,True
17558,Colombia,Medellín,Bronce,True,False,True,0,0,0.0,24,9,8,False
17559,México,—,Bronce,True,True,True,0,0,0.0,35,6,6,True
17560,México,—,Plata,True,False,True,10,6,3575.0,12,5,9,True
17561,Colombia,Bucaramanga,Plata,True,False,True,12,7,2442.0,16,9,6,False
17562,Uruguay,—,Bronce,False,False,True,0,0,0.0,40,7,7,False
17563,Colombia,Bogotá D.C.,Bronce,False,False,True,0,0,0.0,36,16,8,False
17564,Colombia,Cali,Bronce,True,False,True,0,0,0.0,5,1,5,True
17565,México,—,Oro,False,True,True,34,30,16275.0,21,1,9,True
17566,Colombia,Otras ciudades,Plata,False,False,True,8,6,3105.0,26,3,9,True
17567,México,—,Bronce,False,False,True,0,0,0.0,42,10,7,False
17568,Colombia,Barranquilla,Bronce,False,False,True,0,0,0.0,44,1,6,True
17569,Colombia,Cali,Bronce,False,False,True,0,0,0.0,107,12,6,False
17570,Colombia,Bogotá D.C.,Bronce,False,True,True,1,0,0.0,11,1,5,True
17571,Colombia,Bogotá D.C.,Bronce,False,True,True,0,0,0.0,14,4,4,True
17572,Perú,—,Bronce,False,True,True,1,0,0.0,17,19,6,False
17573,México,—,Bronce,False,True,True,0,0,0.0,86,6,10,True
17574,Colombia,Manizales,Bronce,True,False,True,4,3,1935.0,21,9,9,False
17575,México,—,Bronce,True,False,True,0,0,0.0,46,3,6,True
17576,Perú,—,Bronce,False,True,True,2,1,508.0,9,26,6,False
17577,Colombia,Medellín,Bronce,True,True,True,1,0,0.0,58,12,8,False
17578,Ecuador,—,Bronce,False,True,True,1,0,0.0,20,7,7,False
17579,Colombia,Barranquilla,Bronce,False,False,True,1,0,0.0,54,2,4,True
17580,Colombia,Bucaramanga,Bronce,True,True,True,1,0,0.0,32,7,10,False
17581,Colombia,Bogotá D.C.,Plata,False,True,True,11,6,2557.0,18,3,9,True
17582,Colombia,Otras ciudades,Bronce,True,True,True,1,0,0.0,9,0,0,True
17583,México,—,Plata,False,False,True,21,18,13064.0,52,0,6,True
17584,Perú,—,Plata,True,False,False,13,10,4789.0,21,0,7,True
17585,Perú,—,Bronce,False,False,False,0,0,0.0,37,2,9,True
17586,Colombia,Bogotá D.C.,Bronce,False,False,True,0,0,0.0,29,10,9,False
17587,México,—,Bronce,False,True,True,3,2,1038.0,52,0,4,True
17588,México,—,Bronce,False,False,True,1,0,0.0,47,14,10,False
17589,Colombia,Pereira,Bronce,False,False,False,0,0,0.0,1,4,10,True
17590,Colombia,Medellín,Bronce,False,True,True,1,0,0.0,37,2,9,True
17591,Colombia,Cúcuta,Bronce,False,True,True,0,0,0.0,15,0,6,True
17592,Ecuador,—,Plata,False,True,True,11,9,2967.0,99,16,6,False
17593,México,—,Bronce,True,True,True,0,0,0.0,29,22,6,False
17594,México,—,Bronce,False,False,False,5,3,1840.0,22,0,8,True
17595,Ecuador,—,Bronce,False,True,True,1,0,0.0,7,2,7,True
17596,Ecuador,—,Bronce,True,True,True,3,2,729.0,19,2,6,True
17597,Colombia,Otras ciudades,Bronce,False,False,True,0,0,0.0,47,8,4,False
17598,Perú,—,Bronce,False,True,True,4,2,1006.0,19,3,10,True
17599,Perú,—,Bronce,True,False,True,3,1,344.0,29,3,10,True
17600,México,—,Plata,False,False,True,9,6,2746.0,1,9,10,False
17601,Colombia,Bucaramanga,Bronce,True,False,False,3,1,430.0,8,0,9,True
17602,Colombia,Cali,Bronce,True,False,True,2,1,518.0,11,1,9,True
17603,Colombia,Cali,Bronce,True,False,True,1,0,0.0,8,1,10,True
17604,Colombia,Bogotá D.C.,Bronce,True,False,True,0,0,0.0,16,9,6,False
17605,México,—,Plata,False,False,False,8,5,3041.0,12,6,8,True
17606,Colombia,Santa Marta,Bronce,False,False,True,2,1,508.0,31,2,7,True
17607,Uruguay,—,Bronce,True,False,True,1,0,0.0,5,3,6,True
17608,Uruguay,—,Bronce,False,False,False,0,0,0.0,8,5,4,True
17609,Ecuador,—,Bronce,False,True,True,0,0,0.0,28,1,10,True
17610,Colombia,Cali,Bronce,False,False,False,1,0,0.0,17,12,9,False
17611,Colombia,Barranquilla,Bronce,True,False,True,2,1,344.0,6,8,8,False
17612,Colombia,Bogotá D.C.,Bronce,True,False,True,1,0,0.0,18,3,6,True
17613,Ecuador,—,Plata,True,False,True,8,6,3107.0,18,4,4,True
17614,México,—,Bronce,True,False,False,3,2,1165.0,26,2,8,True
17615,Colombia,Bogotá D.C.,Bronce,False,False,False,0,0,0.0,14,17,8,False
17616,Perú,—,Bronce,True,False,True,0,0,0.0,22,2,9,True
17617,Uruguay,—,Bronce,True,False,True,0,0,0.0,1,5,5,True
17618,Colombia,Cali,Bronce,True,False,True,0,0,0.0,16,2,9,True
17619,México,—,Bronce,False,False,False,0,0,0.0,22,4,9,True
17620,Colombia,Bogotá D.C.,Bronce,True,False,True,1,0,0.0,36,2,6,True
17621,Perú,—,Bronce,False,False,True,6,5,2882.0,43,5,10,True
17622,Colombia,Barranquilla,Bronce,False,True,True,1,0,0.0,8,2,9,True
17623,Ecuador,—,Bronce,True,False,True,0,0,0.0,12,5,7,True
17624,Colombia,Bogotá D.C.,Plata,True,False,True,13,8,4760.0,37,5,7,True
17625,Chile,—,Bronce,False,True,True,0,0,0.0,12,0,10,True
17626,Colombia,Otras ciudades,Bronce,False,False,True,0,0,0.0,49,4,10,True
17627,Colombia,Otras ciudades,Bronce,True,False,True,0,0,0.0,37,8,8,False
17628,Colombia,Bogotá D.C.,Bronce,False,False,True,1,0,0.0,69,11,10,False
17629,Colombia,Otras ciudades,Oro,False,False,True,39,34,16633.0,23,2,4,True
17630,Perú,—,Bronce,False,True,True,0,0,0.0,1,3,8,True
17631,Ecuador,—,Bronce,False,False,True,2,1,374.0,5,3,10,True
17632,Ecuador,—,Bronce,False,True,False,3,1,538.0,18,8,8,False
17633,Colombia,Ibagué,Bronce,False,False,True,0,0,0.0,64,1,2,True
17634,Uruguay,—,Bronce,True,False,True,5,3,1590.0,13,4,7,True
17635,México,—,Bronce,True,False,True,0,0,0.0,7,7,8,False
17636,Perú,—,Bronce,True,False,True,5,3,1436.0,46,3,8,True
17637,Colombia,Bogotá D.C.,Bronce,False,False,False,2,1,542.0,6,1,10,True
17638,Colombia,Villavicencio,Bronce,False,False,True,1,0,0.0,72,5,5,True
17639,Colombia,Bogotá D.C.,Bronce,False,False,True,0,0,0.0,13,9,5,False
17640,Colombia,Bogotá D.C.,Plata,False,False,True,8,7,4077.0,2,12,10,False
17641,Colombia,Barranquilla,Bronce,False,False,False,0,0,0.0,31,11,9,False
17642,Ecuador,—,Bronce,True,False,True,2,1,499.0,52,8,7,False
17643,México,—,Plata,False,False,False,8,7,2741.0,10,5,8,True
17644,Ecuador,—,Plata,False,True,True,10,6,2246.0,14,2,10,True
17645,Colombia,Cali,Bronce,True,True,True,2,1,476.0,31,5,9,True
17646,México,—,Bronce,False,False,True,1,0,0.0,55,0,3,True
17647,México,—,Bronce,True,True,True,2,1,526.0,32,2,7,True
17648,Ecuador,—,Bronce,False,True,True,1,0,0.0,27,3,10,True
17649,México,—,Platino,True,False,True,87,66,28534.0,26,8,4,False
17650,Perú,—,Bronce,True,False,True,1,0,0.0,18,8,7,False
17651,Colombia,Bogotá D.C.,Plata,True,False,False,9,5,2551.0,34,10,8,False
17652,Chile,—,Bronce,False,False,False,0,0,0.0,54,3,2,True
17653,México,—,Bronce,True,False,True,2,1,476.0,20,5,7,True
17654,Colombia,Barranquilla,Bronce,False,False,True,0,0,0.0,33,14,10,False
17655,Colombia,Bogotá D.C.,Bronce,True,False,True,4,3,1765.0,4,6,10,True
17656,México,—,Oro,True,True,True,25,14,5583.0,69,7,10,False
17657,Perú,—,Platino,False,False,True,60,43,20247.0,2,5,10,True
17658,Uruguay,—,Bronce,True,False,True,3,1,483.0,24,9,3,False
17659,Colombia,Bogotá D.C.,Plata,False,True,True,10,7,3993.0,16,27,8,False
17660,Ecuador,—,Bronce,False,True,True,4,2,1045.0,27,4,5,True
17661,Chile,—,Bronce,True,False,True,0,0,0.0,28,13,7,False
17662,Colombia,Bucaramanga,Bronce,False,False,True,1,0,0.0,129,15,5,False
17663,Colombia,Bucaramanga,Bronce,True,True,True,3,2,1320.0,9,5,10,True
17664,Colombia,Cartagena,Bronce,True,True,True,5,4,1833.0,70,3,7,True
17665,Colombia,Barranquilla,Bronce,False,True,False,5,3,1104.0,61,2,7,True
17666,Colombia,Medellín,Plata,True,False,False,9,6,2879.0,24,3,10,True
17667,Colombia,Cali,Bronce,False,True,True,2,1,622.0,18,0,5,True
17668,Colombia,Bogotá D.C.,Bronce,True,True,True,5,3,1124.0,38,3,7,True
17669,Colombia,Bogotá D.C.,Bronce,True,False,True,1,0,0.0,25,14,7,False
17670,Colombia,Barranquilla,Bronce,False,False,True,0,0,0.0,10,1,10,True
17671,Colombia,Bogotá D.C.,Bronce,True,False,True,3,1,331.0,36,6,6,True
17672,México,—,Bronce,True,False,False,1,0,0.0,14,8,10,False
17673,México,—,Bronce,True,True,True,0,0,0.0,25,5,9,True
17674,Colombia,Barranquilla,Bronce,True,False,True,3,2,1063.0,24,9,6,False
17675,México,—,Bronce,False,True,True,2,1,533.0,6,4,6,True
17676,Colombia,Bogotá D.C.,Bronce,True,False,True,2,1,684.0,54,3,6,True
17677,México,—,Bronce,True,True,True,1,0,0.0,14,11,10,False
17678,Colombia,Medellín,Bronce,False,False,True,0,0,0.0,49,5,7,True
17679,Ecuador,—,Bronce,False,False,True,0,0,0.0,10,0,8,True
17680,Colombia,Bogotá D.C.,Bronce,False,False,False,0,0,0.0,61,7,6,False
17681,Colombia,Manizales,Bronce,False,True,True,0,0,0.0,11,3,9,True
17682,Colombia,Bogotá D.C.,Bronce,False,False,True,1,0,0.0,24,0,7,True
17683,Colombia,Bogotá D.C.,Bronce,False,False,True,0,0,0.0,6,9,4,False
17684,Perú,—,Bronce,False,False,True,0,0,0.0,67,3,4,True
17685,Colombia,Medellín,Bronce,True,False,True,0,0,0.0,32,12,8,False
17686,Uruguay,—,Bronce,True,True,True,4,2,913.0,63,4,7,True
17687,Colombia,Bogotá D.C.,Bronce,True,True,True,1,0,0.0,28,1,10,True
17688,Colombia,Pereira,Bronce,True,True,True,7,5,1495.0,20,2,8,True
17689,Colombia,Otras ciudades,Bronce,False,False,True,1,0,0.0,4,4,10,True
17690,Perú,—,Bronce,False,True,True,2,1,444.0,63,7,7,False
17691,México,—,Bronce,False,False,True,0,0,0.0,10,9,6,False
17692,Colombia,Bogotá D.C.,Bronce,False,True,False,0,0,0.0,77,0,6,True
17693,Colombia,Cartagena,Bronce,False,False,True,3,2,1357.0,21,5,8,True
17694,México,—,Bronce,False,True,False,5,3,817.0,31,1,4,True
17695,Colombia,Bogotá D.C.,Bronce,False,False,True,0,0,0.0,21,2,4,True
17696,Colombia,Montería,Bronce,True,False,True,2,1,571.0,60,9,1,False
17697,México,—,Bronce,False,True,True,5,2,407.0,21,4,6,True
17698,Perú,—,Bronce,True,False,True,2,1,437.0,3,7,8,False
17699,Colombia,Bogotá D.C.,Bronce,False,False,False,2,1,343.0,9,3,10,True
17700,Colombia,Cali,Bronce,False,False,True,1,0,0.0,17,5,8,True
17701,México,—,Bronce,True,False,True,4,3,2013.0,22,9,8,False
17702,México,—,Bronce,False,False,True,0,0,0.0,11,3,7,True
17703,México,—,Bronce,False,False,True,0,0,0.0,10,1,9,True
17704,México,—,Bronce,False,False,True,0,0,0.0,59,8,5,False
17705,Colombia,Bucaramanga,Bronce,False,True,True,0,0,0.0,16,8,10,False
17706,Colombia,Otras ciudades,Plata,False,True,True,9,5,2498.0,41,8,10,False
17707,Colombia,Pasto,Bronce,False,False,True,1,0,0.0,28,0,8,True
17708,Perú,—,Bronce,False,False,False,2,1,475.0,12,5,5,True
17709,Uruguay,—,Oro,True,False,True,40,35,17262.0,7,2,10,True
17710,Colombia,Otras ciudades,Plata,False,False,True,20,18,10880.0,30,5,10,True
17711,Colombia,Cúcuta,Bronce,False,False,True,1,0,0.0,14,3,8,True
17712,Ecuador,—,Bronce,True,False,True,0,0,0.0,26,1,10,True
17713,Colombia,Bogotá D.C.,Bronce,True,True,True,1,0,0.0,1,7,8,False
17714,Colombia,Barranquilla,Bronce,False,False,True,2,1,580.0,45,7,6,False
17715,México,—,Bronce,True,False,True,5,4,1207.0,20,5,5,True
17716,México,—,Bronce,False,False,True,0,0,0.0,21,12,3,False
17717,México,—,Bronce,False,False,True,6,3,1914.0,7,3,10,True
17718,México,—,Plata,False,True,True,12,9,5648.0,37,15,6,False
17719,Colombia,Cali,Bronce,False,False,True,3,1,453.0,5,4,6,True
17720,Perú,—,Bronce,False,False,False,4,2,953.0,32,9,8,False
17721,Perú,—,Bronce,True,False,True,3,2,748.0,18,1,10,True
17722,Colombia,Barranquilla,Bronce,True,True,True,4,2,587.0,24,5,5,True
17723,México,—,Bronce,True,False,False,3,2,669.0,13,8,8,False
17724,Colombia,Otras ciudades,Plata,False,False,True,23,16,8588.0,42,2,6,True
17725,Colombia,Medellín,Bronce,True,False,True,0,0,0.0,11,4,5,True
17726,Colombia,Cúcuta,Bronce,False,False,False,3,2,1081.0,23,7,9,False
17727,Colombia,Medellín,Bronce,False,False,True,1,0,0.0,25,4,5,True
17728,Colombia,Medellín,Bronce,True,False,False,6,5,2741.0,6,0,7,True
17729,Colombia,Bucaramanga,Bronce,True,False,True,3,2,1219.0,66,8,7,False
17730,Colombia,Bogotá D.C.,Bronce,True,False,True,3,2,1099.0,50,2,9,True
17731,Ecuador,—,Bronce,False,False,True,1,0,0.0,1,11,6,False
17732,Colombia,Armenia,Bronce,True,False,True,1,0,0.0,32,1,5,True
17733,México,—,Bronce,True,False,True,1,0,0.0,24,14,0,False
17734,Colombia,Cali,Bronce,False,False,True,1,0,0.0,24,4,10,True
17735,Ecuador,—,Bronce,False,True,False,1,0,0.0,25,3,8,True
17736,Colombia,Pereira,Bronce,True,True,True,6,4,1663.0,43,5,7,True
17737,Ecuador,—,Bronce,True,True,True,0,0,0.0,26,7,7,False
17738,Uruguay,—,Bronce,True,True,True,6,3,1458.0,26,7,10,False
17739,Colombia,Medellín,Bronce,False,False,True,0,0,0.0,21,12,4,False
17740,Colombia,Medellín,Bronce,False,False,True,0,0,0.0,22,11,6,False
17741,Uruguay,—,Bronce,True,True,True,3,2,1153.0,43,4,7,True
17742,Uruguay,—,Bronce,False,True,True,0,0,0.0,22,16,7,False
17743,México,—,Bronce,False,True,True,2,1,518.0,20,7,7,False
17744,México,—,Platino,True,False,True,102,95,36745.0,18,10,6,False
17745,Colombia,Bogotá D.C.,Bronce,False,False,False,2,1,595.0,50,2,8,True
17746,Ecuador,—,Bronce,False,False,True,2,1,501.0,67,3,6,True
17747,Ecuador,—,Bronce,True,False,False,1,0,0.0,35,40,5,False
17748,Colombia,Bogotá D.C.,Bronce,False,True,False,6,4,2577.0,58,2,5,True
17749,Colombia,Santa Marta,Bronce,True,False,True,1,0,0.0,14,21,7,False
17750,México,—,Bronce,True,True,False,1,0,0.0,21,1,7,True
17751,Colombia,Bogotá D.C.,Bronce,False,False,True,6,5,1960.0,31,8,8,False
17752,Ecuador,—,Oro,True,False,True,33,24,10869.0,22,3,9,True
17753,México,—,Bronce,False,False,True,1,0,0.0,13,2,8,True
17754,Colombia,Bogotá D.C.,Bronce,False,False,True,3,2,719.0,30,0,6,True
17755,Perú,—,Plata,True,False,True,13,8,3698.0,30,3,8,True
17756,México,—,Bronce,False,False,True,2,1,585.0,11,6,9,True
17757,México,—,Bronce,True,True,True,4,2,1292.0,77,10,9,False
17758,Colombia,Medellín,Bronce,False,False,True,1,0,0.0,10,2,7,True
17759,Uruguay,—,Oro,False,False,True,40,31,18022.0,12,2,0,True
17760,Colombia,Armenia,Plata,False,False,True,18,15,6632.0,8,12,8,False
17761,Ecuador,—,Bronce,True,False,True,0,0,0.0,42,4,8,True
17762,Colombia,Bogotá D.C.,Bronce,True,False,True,0,0,0.0,36,2,3,True
17763,Ecuador,—,Bronce,True,False,True,0,0,0.0,8,3,7,True
17764,Colombia,Ibagué,Bronce,True,True,True,3,1,465.0,30,12,10,False
17765,Perú,—,Bronce,True,False,True,1,0,0.0,63,4,7,True
17766,Perú,—,Bronce,False,False,True,4,2,990.0,32,4,7,True
17767,México,—,Bronce,False,False,True,2,1,580.0,27,1,8,True
17768,México,—,Plata,False,True,True,8,5,2373.0,32,2,9,True
17769,México,—,Bronce,False,False,True,7,4,1909.0,16,2,7,True
17770,Colombia,Medellín,Bronce,True,False,True,0,0,0.0,19,8,10,False
17771,Colombia,Cartagena,Bronce,True,False,True,4,3,1805.0,21,3,8,True
17772,México,—,Plata,True,True,True,9,5,3471.0,5,4,7,True
17773,Perú,—,Bronce,True,False,True,0,0,0.0,12,2,6,True
17774,México,—,Plata,False,False,False,23,14,7519.0,37,6,8,True
17775,Colombia,Cali,Bronce,False,True,True,1,0,0.0,54,2,4,True
17776,Colombia,Cartagena,Bronce,False,False,True,1,0,0.0,28,12,7,False
17777,Colombia,Bogotá D.C.,Bronce,False,True,True,6,4,1925.0,40,5,10,True
17778,Uruguay,—,Bronce,True,True,True,0,0,0.0,16,3,9,True
17779,Colombia,Cali,Bronce,False,True,False,0,0,0.0,27,2,8,True
17780,Colombia,Montería,Bronce,False,False,True,1,0,0.0,62,9,6,False
17781,Colombia,Cali,Bronce,False,False,False,0,0,0.0,41,6,7,True
17782,México,—,Plata,True,False,True,12,11,5003.0,25,12,9,False
17783,Colombia,Manizales,Bronce,False,False,True,0,0,0.0,40,5,7,True
17784,Uruguay,—,Bronce,False,False,False,4,3,1733.0,58,3,9,True
17785,Perú,—,Plata,True,False,False,9,7,3523.0,19,8,6,False
17786,Uruguay,—,Bronce,True,False,True,0,0,0.0,8,8,6,False
17787,Colombia,Barranquilla,Bronce,False,False,True,0,0,0.0,53,15,10,False
17788,Colombia,Otras ciudades,Plata,False,False,True,11,9,3542.0,16,3,8,True
17789,Colombia,Cali,Bronce,False,False,True,1,0,0.0,6,1,7,True
17790,Colombia,Cartagena,Bronce,False,False,True,0,0,0.0,36,5,9,True
17791,Colombia,Bogotá D.C.,Bronce,False,False,True,4,2,797.0,25,2,8,True
17792,Ecuador,—,Bronce,True,False,True,4,3,1780.0,35,1,8,True
17793,Colombia,Bucaramanga,Oro,False,False,True,31,27,14224.0,23,13,7,False
17794,Colombia,Bogotá D.C.,Bronce,True,True,True,1,0,0.0,24,10,8,False
17795,México,—,Bronce,False,True,False,0,0,0.0,91,4,6,True
17796,Ecuador,—,Bronce,True,False,False,0,0,0.0,26,0,9,True
17797,Colombia,Otras ciudades,Bronce,False,True,True,2,1,403.0,13,5,10,True
17798,Colombia,Cali,Bronce,False,True,True,1,0,0.0,60,0,9,True
17799,Colombia,Ibagué,Bronce,False,False,False,6,4,1657.0,22,3,3,True
17800,Colombia,Bucaramanga,Bronce,False,False,True,0,0,0.0,3,3,9,True
17801,Colombia,Otras ciudades,Platino,False,False,True,210,165,76491.0,28,10,9,False
17802,Uruguay,—,Bronce,True,False,True,1,0,0.0,27,2,10,True
17803,Ecuador,—,Bronce,True,True,False,1,0,0.0,20,2,4,True
17804,Ecuador,—,Bronce,True,False,False,3,2,949.0,29,3,10,True
17805,Uruguay,—,Bronce,False,True,True,2,1,474.0,8,7,5,False
17806,Colombia,Bogotá D.C.,Plata,False,False,True,17,15,6487.0,57,4,6,True
17807,Colombia,Bucaramanga,Bronce,False,True,False,1,0,0.0,28,1,9,True
17808,Colombia,Villavicencio,Bronce,False,True,True,0,0,0.0,40,3,2,True
17809,Colombia,Bogotá D.C.,Bronce,False,False,True,5,4,1760.0,36,6,9,True
17810,Uruguay,—,Bronce,True,False,True,1,0,0.0,53,5,4,True
17811,Perú,—,Bronce,False,False,True,1,0,0.0,12,3,3,True
17812,Colombia,Ibagué,Bronce,False,False,True,5,3,1366.0,84,6,7,True
17813,Colombia,Bogotá D.C.,Bronce,False,True,True,4,2,1133.0,44,2,10,True
17814,México,—,Bronce,True,False,True,3,1,639.0,16,2,8,True
17815,México,—,Bronce,False,True,True,5,2,1245.0,33,4,8,True
17816,México,—,Oro,True,True,False,42,28,9682.0,20,6,4,True
17817,Colombia,Bogotá D.C.,Bronce,True,False,False,2,1,358.0,9,4,6,True
17818,Colombia,Pasto,Bronce,False,False,False,1,0,0.0,38,9,6,False
17819,Colombia,Cali,Bronce,True,False,True,6,3,1235.0,41,12,7,False
17820,México,—,Bronce,True,False,True,1,0,0.0,15,12,3,False
17821,Colombia,Bogotá D.C.,Bronce,False,False,True,5,4,1894.0,10,9,3,False
17822,México,—,Bronce,True,True,False,1,0,0.0,28,4,2,True
17823,Ecuador,—,Bronce,True,False,True,3,2,1097.0,22,2,6,True
17824,Colombia,Bogotá D.C.,Bronce,True,False,False,2,1,435.0,31,2,9,True
17825,Colombia,Bogotá D.C.,Bronce,False,False,True,0,0,0.0,22,3,7,True
17826,México,—,Bronce,True,False,True,0,0,0.0,31,11,7,False
17827,Ecuador,—,Bronce,True,False,True,0,0,0.0,55,8,9,False
17828,Colombia,Medellín,Bronce,False,False,True,0,0,0.0,7,10,7,False
17829,Colombia,Medellín,Bronce,False,False,False,5,4,1768.0,32,8,7,False
17830,Perú,—,Bronce,True,False,True,2,1,694.0,24,8,7,False
17831,Colombia,Otras ciudades,Bronce,False,False,True,0,0,0.0,11,4,10,True
17832,México,—,Bronce,False,False,True,3,2,1400.0,46,15,4,False
17833,Colombia,Bucaramanga,Bronce,False,False,True,2,1,488.0,32,3,8,True
17834,Colombia,Medellín,Bronce,True,False,True,0,0,0.0,28,4,10,True
17835,Ecuador,—,Bronce,False,False,True,0,0,0.0,29,6,5,True
17836,México,—,Bronce,True,False,True,0,0,0.0,118,2,7,True
17837,Perú,—,Bronce,True,False,True,0,0,0.0,13,2,7,True
17838,Colombia,Bogotá D.C.,Bronce,False,True,True,3,2,887.0,136,6,10,True
17839,Colombia,Pereira,Bronce,False,True,True,3,2,1050.0,4,1,8,True
17840,Colombia,Medellín,Bronce,False,True,True,4,3,1846.0,29,7,6,False
17841,Colombia,Bogotá D.C.,Bronce,False,False,True,7,4,2257.0,1,12,10,False
17842,Colombia,Barranquilla,Bronce,True,False,True,0,0,0.0,127,19,10,False
17843,Colombia,Cali,Bronce,True,False,True,6,3,1285.0,25,0,7,True
17844,Ecuador,—,Bronce,True,True,True,1,0,0.0,5,2,10,True
17845,Colombia,Barranquilla,Bronce,True,True,False,1,0,0.0,87,4,6,True
17846,Colombia,Bogotá D.C.,Bronce,True,False,True,0,0,0.0,45,5,7,True
17847,Colombia,Cali,Bronce,False,False,True,4,3,1598.0,1,8,10,False
17848,Colombia,Bogotá D.C.,Bronce,False,False,True,0,0,0.0,12,12,10,False
17849,Colombia,Cali,Bronce,True,False,True,1,0,0.0,57,5,5,True
17850,Colombia,Sincelejo,Bronce,True,True,True,3,2,633.0,70,12,5,False
17851,Colombia,Popayán,Bronce,True,False,False,2,1,476.0,12,4,7,True
17852,México,—,Bronce,False,False,True,3,2,963.0,9,12,7,False
17853,México,—,Plata,False,True,True,10,7,4485.0,22,16,8,False
17854,Uruguay,—,Bronce,False,True,True,7,6,2352.0,18,1,10,True
17855,México,—,Oro,False,False,True,27,16,7453.0,48,33,7,False
17856,Colombia,Bogotá D.C.,Bronce,False,False,False,2,1,810.0,20,2,7,True
17857,Colombia,Medellín,Bronce,False,False,True,0,0,0.0,14,0,6,True
17858,Colombia,Otras ciudades,Bronce,False,True,False,0,0,0.0,56,1,8,True
17859,Colombia,Cúcuta,Bronce,True,True,False,4,2,606.0,15,3,7,True
17860,México,—,Bronce,True,False,True,6,3,1785.0,1,3,2,True
17861,México,—,Bronce,False,False,True,0,0,0.0,20,4,5,True
17862,México,—,Plata,False,False,True,24,14,9597.0,7,6,9,True
17863,Colombia,Bogotá D.C.,Bronce,True,False,True,1,0,0.0,20,0,10,True
17864,Colombia,Cali,Bronce,True,True,True,1,0,0.0,25,11,7,False
17865,Colombia,Barranquilla,Bronce,True,False,True,1,0,0.0,59,20,9,False
17866,Colombia,Neiva,Bronce,False,False,True,0,0,0.0,45,5,7,True
17867,Colombia,Manizales,Bronce,True,False,True,7,6,3538.0,19,15,7,False
17868,México,—,Bronce,True,False,True,0,0,0.0,35,11,9,False
17869,Colombia,Bogotá D.C.,Bronce,False,False,False,3,2,742.0,14,3,5,True
17870,Colombia,Medellín,Bronce,False,True,True,0,0,0.0,6,10,10,False
17871,Ecuador,—,Plata,False,False,True,9,5,3308.0,34,15,6,False
17872,Ecuador,—,Bronce,True,True,True,1,0,0.0,109,2,8,True
17873,Colombia,Bogotá D.C.,Bronce,False,False,True,4,2,1038.0,140,4,10,True
17874,Colombia,Pereira,Bronce,True,False,True,4,2,1064.0,38,35,8,False
17875,Colombia,Popayán,Plata,False,True,False,8,6,3325.0,26,3,4,True
17876,Colombia,Bogotá D.C.,Plata,False,True,True,12,7,3779.0,41,4,4,True
17877,Colombia,Cali,Bronce,True,False,True,1,0,0.0,61,1,6,True
17878,Colombia,Cali,Bronce,False,False,True,0,0,0.0,45,7,5,False
17879,México,—,Plata,False,False,True,12,8,3423.0,14,2,3,True
17880,Colombia,Bogotá D.C.,Bronce,False,False,False,5,4,1970.0,43,0,8,True
17881,Colombia,Cartagena,Bronce,False,True,True,0,0,0.0,22,3,5,True
17882,Colombia,Bogotá D.C.,Bronce,True,False,False,0,0,0.0,53,4,4,True
17883,Colombia,Bogotá D.C.,Bronce,False,False,True,0,0,0.0,25,6,10,True
17884,México,—,Plata,False,False,True,12,8,4713.0,47,0,8,True
17885,Colombia,Medellín,Bronce,True,True,True,4,3,1880.0,22,2,7,True
17886,Perú,—,Bronce,True,False,False,1,0,0.0,4,8,10,False
17887,Colombia,Bogotá D.C.,Bronce,True,False,True,1,0,0.0,34,4,7,True
17888,Colombia,Otras ciudades,Bronce,True,False,False,0,0,0.0,25,16,2,False
17889,Ecuador,—,Oro,True,False,True,29,18,9526.0,23,9,7,False
17890,Uruguay,—,Bronce,False,False,True,6,4,1183.0,88,10,10,False
17891,Colombia,Neiva,Bronce,True,False,True,1,0,0.0,13,3,8,True
17892,Chile,—,Bronce,True,False,True,0,0,0.0,15,4,9,True
17893,México,—,Bronce,False,False,True,0,0,0.0,17,5,8,True
17894,Colombia,Ibagué,Bronce,True,False,False,1,0,0.0,19,6,10,True
17895,México,—,Bronce,False,False,True,0,0,0.0,3,3,5,True
17896,Colombia,Bucaramanga,Bronce,True,False,True,0,0,0.0,47,1,9,True
17897,México,—,Bronce,True,False,False,1,0,0.0,4,9,8,False
17898,Colombia,Cartagena,Bronce,False,False,True,2,1,681.0,2,3,10,True
17899,Perú,—,Bronce,True,True,True,0,0,0.0,72,5,7,True
17900,Colombia,Ibagué,Bronce,False,False,True,2,1,381.0,9,1,6,True
17901,México,—,Bronce,False,False,True,0,0,0.0,19,0,7,True
17902,Colombia,Barranquilla,Bronce,False,True,True,1,0,0.0,34,4,7,True
17903,Colombia,Medellín,Bronce,True,False,False,1,0,0.0,25,11,6,False
17904,Colombia,Ibagué,Plata,True,False,True,10,7,3685.0,40,1,10,True
17905,Colombia,Bogotá D.C.,Bronce,True,True,True,7,6,3362.0,35,1,5,True
17906,Ecuador,—,Bronce,True,True,True,0,0,0.0,9,8,5,False
17907,México,—,Bronce,True,False,True,3,2,1125.0,14,4,7,True
17908,Colombia,Medellín,Bronce,False,False,True,2,1,624.0,13,5,6,True
17909,Ecuador,—,Bronce,False,True,True,0,0,0.0,63,17,8,False
17910,Colombia,Cúcuta,Bronce,False,False,False,0,0,0.0,36,16,8,False
17911,Perú,—,Bronce,False,True,True,2,1,571.0,4,7,6,False
17912,Colombia,Otras ciudades,Bronce,True,False,False,0,0,0.0,31,6,4,True
17913,Colombia,Cali,Platino,False,False,False,174,158,70602.0,16,1,10,True
17914,Ecuador,—,Bronce,False,False,True,2,1,484.0,28,14,9,False
17915,Colombia,Barranquilla,Bronce,False,False,True,1,0,0.0,27,3,4,True
17916,Colombia,Cali,Bronce,False,False,True,4,2,565.0,22,3,7,True
17917,Ecuador,—,Bronce,True,False,True,0,0,0.0,61,20,10,False
17918,Colombia,Cartagena,Bronce,True,False,True,1,0,0.0,10,9,4,False
17919,Colombia,Valledupar,Bronce,True,False,False,1,0,0.0,26,6,10,True
17920,Colombia,Bogotá D.C.,Bronce,False,False,True,0,0,0.0,37,1,4,True
17921,Colombia,Otras ciudades,Bronce,False,False,True,0,0,0.0,63,2,10,True
17922,Colombia,Cali,Bronce,False,True,True,0,0,0.0,17,3,6,True
17923,Colombia,Bogotá D.C.,Bronce,True,True,True,5,4,1587.0,28,1,8,True
17924,Colombia,Bogotá D.C.,Plata,False,False,True,8,5,2009.0,22,3,10,True
17925,México,—,Bronce,True,False,True,0,0,0.0,7,9,10,False
17926,Colombia,Montería,Bronce,False,False,True,0,0,0.0,16,6,7,True
17927,Colombia,Cali,Bronce,True,False,False,0,0,0.0,14,11,9,False
17928,México,—,Bronce,False,True,False,0,0,0.0,23,11,8,False
17929,Colombia,Cali,Bronce,True,False,True,5,4,2539.0,22,1,10,True
17930,Colombia,Medellín,Bronce,False,False,False,0,0,0.0,16,8,7,False
17931,Ecuador,—,Bronce,True,True,True,0,0,0.0,7,7,4,False
17932,Colombia,Bogotá D.C.,Bronce,True,False,False,0,0,0.0,17,3,8,True
17933,Ecuador,—,Bronce,True,False,True,2,1,596.0,23,4,10,True
17934,Ecuador,—,Bronce,False,False,True,2,1,265.0,8,1,4,True
17935,Colombia,Armenia,Bronce,True,False,False,0,0,0.0,21,12,3,False
17936,Colombia,Otras ciudades,Bronce,False,True,True,0,0,0.0,13,8,4,False
17937,México,—,Bronce,False,False,True,1,0,0.0,8,1,8,True
17938,Colombia,Otras ciudades,Bronce,True,True,True,2,1,386.0,48,12,8,False
17939,Ecuador,—,Bronce,True,False,True,0,0,0.0,35,10,8,False
17940,Perú,—,Bronce,False,False,True,0,0,0.0,29,1,9,True
17941,México,—,Bronce,True,False,True,3,2,959.0,69,9,9,False
17942,Colombia,Medellín,Bronce,False,False,False,2,1,669.0,15,2,8,True
17943,Ecuador,—,Plata,False,True,True,10,9,4883.0,114,0,5,True
17944,Colombia,Cartagena,Bronce,True,False,True,0,0,0.0,20,7,10,False
17945,Colombia,Bogotá D.C.,Bronce,True,True,True,0,0,0.0,27,6,7,True
17946,Colombia,Cartagena,Bronce,True,True,True,2,1,420.0,110,2,7,True
17947,Uruguay,—,Bronce,True,False,True,4,3,2254.0,36,17,3,False
17948,Colombia,Medellín,Bronce,False,True,True,2,1,538.0,20,0,3,True
17949,Colombia,Neiva,Plata,True,False,True,11,9,4674.0,18,1,8,True
17950,Colombia,Medellín,Bronce,False,False,True,0,0,0.0,13,4,5,True
17951,Colombia,Medellín,Bronce,True,False,False,0,0,0.0,31,1,10,True
17952,Uruguay,—,Bronce,True,True,True,0,0,0.0,24,1,9,True
17953,Ecuador,—,Bronce,False,False,True,0,0,0.0,23,0,10,True
17954,Colombia,Bogotá D.C.,Bronce,True,False,True,0,0,0.0,39,2,5,True
17955,México,—,Bronce,False,True,False,2,1,237.0,44,14,8,False
17956,Colombia,Bucaramanga,Bronce,True,True,False,4,2,1295.0,6,3,5,True
17957,México,—,Bronce,True,True,True,0,0,0.0,42,4,10,True
17958,Colombia,Pasto,Bronce,False,True,True,0,0,0.0,40,12,6,False
17959,Colombia,Neiva,Bronce,False,False,True,2,1,318.0,55,15,8,False
17960,México,—,Plata,True,True,True,8,5,2555.0,21,4,3,True
17961,Colombia,Bogotá D.C.,Bronce,False,True,True,6,4,2294.0,39,5,10,True
17962,México,—,Bronce,True,True,True,1,0,0.0,40,1,7,True
17963,Colombia,Valledupar,Bronce,False,True,True,1,0,0.0,33,21,5,False
17964,México,—,Bronce,True,False,False,1,0,0.0,59,1,6,True
17965,Colombia,Bogotá D.C.,Bronce,False,False,False,0,0,0.0,60,4,5,True
17966,Colombia,Cúcuta,Bronce,True,False,True,1,0,0.0,8,0,9,True
17967,Colombia,Otras ciudades,Bronce,True,False,True,0,0,0.0,38,9,7,False
17968,México,—,Plata,True,False,True,16,13,4241.0,19,23,8,False
17969,Ecuador,—,Bronce,False,False,True,1,0,0.0,4,1,9,True
17970,Colombia,Medellín,Bronce,False,False,True,0,0,0.0,7,10,10,False
17971,Colombia,Medellín,Bronce,True,False,True,0,0,0.0,43,20,6,False
17972,Colombia,Medellín,Bronce,True,True,True,3,2,711.0,12,9,9,False
17973,Uruguay,—,Plata,False,True,True,17,12,5774.0,108,3,6,True
17974,Colombia,Medellín,Bronce,True,True,False,3,2,672.0,31,1,7,True
17975,Colombia,Bogotá D.C.,Bronce,True,False,True,1,0,0.0,22,5,9,True
17976,Colombia,Medellín,Bronce,True,True,True,1,0,0.0,1,5,10,True
17977,México,—,Bronce,False,True,True,0,0,0.0,8,7,9,False
17978,México,—,Plata,True,False,False,20,17,10093.0,11,0,8,True
17979,Colombia,Bogotá D.C.,Bronce,False,False,True,1,0,0.0,9,9,8,False
17980,Ecuador,—,Bronce,False,False,True,3,2,771.0,72,10,5,False
17981,Colombia,Otras ciudades,Bronce,False,True,True,0,0,0.0,10,12,4,False
17982,Colombia,Bogotá D.C.,Bronce,False,False,False,1,0,0.0,54,14,6,False
17983,Colombia,Cartagena,Bronce,True,True,True,0,0,0.0,1,3,4,True
17984,Colombia,Cali,Bronce,True,False,True,2,1,540.0,25,1,7,True
17985,Colombia,Medellín,Bronce,False,False,True,0,0,0.0,43,8,6,False
17986,México,—,Bronce,False,False,True,3,2,1354.0,28,12,7,False
17987,Colombia,Bucaramanga,Bronce,False,True,True,1,0,0.0,15,5,10,True
17988,Uruguay,—,Bronce,True,False,True,6,3,1389.0,69,2,5,True
17989,México,—,Bronce,False,False,True,3,2,1317.0,6,13,7,False
17990,Colombia,Barranquilla,Bronce,False,True,True,1,0,0.0,59,5,10,True
17991,Colombia,Bogotá D.C.,Bronce,False,False,False,0,0,0.0,43,12,4,False
17992,Colombia,Otras ciudades,Bronce,True,True,True,0,0,0.0,10,1,7,True
17993,Perú,—,Bronce,True,True,False,1,0,0.0,18,9,10,False
17994,Colombia,Medellín,Bronce,False,False,True,0,0,0.0,24,0,9,True
17995,Colombia,Valledupar,Bronce,True,False,False,1,0,0.0,26,6,7,True
17996,México,—,Bronce,False,False,True,0,0,0.0,33,6,9,True
17997,México,—,Bronce,False,False,True,0,0,0.0,27,15,10,False
17998,México,—,Bronce,False,True,True,3,2,707.0,24,6,8,True
17999,Colombia,Barranquilla,Bronce,True,False,True,0,0,0.0,10,16,10,False
18000,Perú,—,Bronce,True,False,True,3,1,535.0,6,6,10,True
18001,Colombia,Bogotá D.C.,Plata,True,True,True,12,9,5010.0,16,0,6,True
18002,Colombia,Bogotá D.C.,Bronce,True,True,True,0,0,0.0,8,1,8,True
18003,México,—,Bronce,True,False,True,1,0,0.0,31,11,10,False
18004,México,—,Bronce,False,False,False,3,2,896.0,1,6,7,True
18005,Colombia,Otras ciudades,Bronce,True,True,False,0,0,0.0,4,11,7,False
18006,Colombia,Medellín,Plata,False,False,True,9,6,1928.0,69,7,8,False
18007,Colombia,Bogotá D.C.,Bronce,False,False,True,0,0,0.0,13,0,10,True
18008,Colombia,Bogotá D.C.,Bronce,False,True,False,0,0,0.0,86,2,10,True
18009,Colombia,Bogotá D.C.,Bronce,False,False,False,0,0,0.0,40,10,9,False
18010,Colombia,Medellín,Bronce,True,False,True,0,0,0.0,9,0,10,True
18011,Colombia,Manizales,Bronce,True,False,True,0,0,0.0,50,5,5,True
18012,Colombia,Medellín,Bronce,False,True,False,1,0,0.0,2,21,10,False
18013,Uruguay,—,Bronce,True,False,True,0,0,0.0,30,5,7,True
18014,Colombia,Bogotá D.C.,Bronce,False,False,True,0,0,0.0,22,0,9,True
18015,Chile,—,Bronce,False,False,True,0,0,0.0,36,4,8,True
18016,México,—,Oro,False,False,True,40,23,14357.0,29,4,5,True
18017,Uruguay,—,Plata,False,True,False,14,9,4945.0,27,3,10,True
18018,Colombia,Bogotá D.C.,Bronce,False,False,True,1,0,0.0,11,14,4,False
18019,Colombia,Otras ciudades,Bronce,True,True,True,0,0,0.0,32,17,9,False
18020,Colombia,Cali,Bronce,True,True,True,0,0,0.0,35,5,7,True
18021,Colombia,Medellín,Bronce,False,False,True,3,2,926.0,21,7,7,False
18022,México,—,Bronce,False,True,True,2,1,477.0,2,3,8,True
18023,Colombia,Barranquilla,Bronce,True,True,True,7,5,2822.0,3,19,8,False
18024,Colombia,Cali,Bronce,False,False,True,4,2,1087.0,64,2,9,True
18025,Colombia,Cali,Bronce,False,False,True,6,3,1716.0,38,5,8,True
18026,Colombia,Cali,Bronce,False,True,True,3,1,183.0,24,6,7,True
18027,Colombia,Bogotá D.C.,Bronce,False,True,True,1,0,0.0,24,6,8,True
18028,Colombia,Medellín,Plata,False,False,True,12,9,4256.0,28,1,10,True
18029,México,—,Bronce,True,False,True,0,0,0.0,20,20,6,False
18030,Colombia,Otras ciudades,Plata,True,False,True,22,16,10602.0,17,3,8,True
18031,México,—,Bronce,True,False,True,1,0,0.0,100,5,5,True
18032,México,—,Bronce,False,False,False,1,0,0.0,16,4,7,True
18033,México,—,Bronce,False,False,True,0,0,0.0,26,8,5,False
18034,Colombia,Bogotá D.C.,Bronce,True,True,True,0,0,0.0,14,2,6,True
18035,Colombia,Medellín,Bronce,False,True,False,0,0,0.0,79,10,9,False
18036,México,—,Plata,False,False,True,13,7,4397.0,4,5,10,True
18037,México,—,Bronce,False,False,True,0,0,0.0,112,8,10,False
18038,Colombia,Neiva,Bronce,False,False,False,0,0,0.0,60,1,6,True
18039,México,—,Bronce,False,False,True,4,3,1840.0,25,3,2,True
18040,Colombia,Bogotá D.C.,Bronce,True,False,True,1,0,0.0,22,11,6,False
18041,Colombia,Otras ciudades,Bronce,True,False,True,0,0,0.0,16,2,6,True
18042,Colombia,Bogotá D.C.,Bronce,False,False,True,1,0,0.0,40,2,6,True
18043,México,—,Bronce,True,False,True,1,0,0.0,23,4,4,True
18044,Colombia,Otras ciudades,Bronce,True,False,True,0,0,0.0,37,6,10,True
18045,Colombia,Bogotá D.C.,Bronce,False,False,True,0,0,0.0,28,1,10,True
18046,Colombia,Bucaramanga,Bronce,True,False,True,6,5,3533.0,30,5,10,True
18047,Colombia,Manizales,Bronce,True,False,True,3,2,1026.0,6,5,9,True
18048,Colombia,Cali,Bronce,True,False,True,2,1,654.0,87,2,8,True
18049,Colombia,Bogotá D.C.,Bronce,True,False,True,3,2,835.0,42,11,8,False
18050,Ecuador,—,Bronce,False,False,False,3,2,1119.0,9,4,7,True
18051,Perú,—,Bronce,True,False,False,1,0,0.0,6,6,8,True
18052,Colombia,Bogotá D.C.,Bronce,True,False,True,0,0,0.0,3,5,7,True
18053,Colombia,Bucaramanga,Bronce,False,False,True,4,3,1590.0,48,9,6,False
18054,Colombia,Bogotá D.C.,Bronce,False,False,True,1,0,0.0,7,7,9,False
18055,Colombia,Bogotá D.C.,Bronce,True,False,False,1,0,0.0,89,4,6,True
18056,México,—,Bronce,True,False,False,1,0,0.0,50,13,9,False
18057,Colombia,Bogotá D.C.,Bronce,True,False,True,0,0,0.0,101,6,8,True
18058,México,—,Bronce,True,False,False,2,1,377.0,15,8,5,False
18059,Colombia,Bogotá D.C.,Bronce,True,False,False,0,0,0.0,34,7,3,False
18060,Ecuador,—,Plata,False,True,True,9,6,3078.0,19,4,8,True
18061,Colombia,Bogotá D.C.,Bronce,True,True,False,0,0,0.0,14,25,10,False
18062,México,—,Bronce,True,False,True,0,0,0.0,11,2,5,True
18063,México,—,Bronce,False,False,True,1,0,0.0,16,2,7,True
18064,Uruguay,—,Bronce,False,False,True,0,0,0.0,17,3,5,True
18065,Colombia,Bogotá D.C.,Bronce,True,False,True,1,0,0.0,32,15,9,False
18066,Perú,—,Bronce,True,False,True,4,3,1635.0,27,6,6,True
18067,México,—,Bronce,True,False,True,0,0,0.0,57,14,4,False
18068,Colombia,Bucaramanga,Bronce,True,True,True,3,2,999.0,10,1,9,True
18069,Colombia,Popayán,Bronce,False,False,False,0,0,0.0,58,4,6,True
18070,Colombia,Cartagena,Bronce,True,True,True,5,4,1771.0,15,2,7,True
18071,Colombia,Bogotá D.C.,Bronce,False,True,True,0,0,0.0,14,3,9,True
18072,Colombia,Otras ciudades,Bronce,True,False,True,0,0,0.0,24,7,7,False
18073,Colombia,Santa Marta,Bronce,False,False,True,4,3,1254.0,33,1,10,True
18074,México,—,Bronce,False,False,True,3,2,1107.0,24,10,7,False
18075,Colombia,Cúcuta,Plata,False,True,False,12,9,5278.0,8,21,1,False
18076,Uruguay,—,Bronce,True,True,False,1,0,0.0,35,4,7,True
18077,Colombia,Barranquilla,Bronce,False,True,True,0,0,0.0,18,23,7,False
18078,Colombia,Otras ciudades,Bronce,False,False,True,1,0,0.0,10,4,3,True
18079,Colombia,Bogotá D.C.,Bronce,True,False,False,1,0,0.0,36,5,8,True
18080,México,—,Bronce,False,False,False,0,0,0.0,60,6,8,True
18081,Ecuador,—,Bronce,False,False,False,0,0,0.0,42,10,9,False
18082,Chile,—,Bronce,False,False,True,0,0,0.0,9,0,7,True
18083,Colombia,Bogotá D.C.,Bronce,False,True,True,2,1,526.0,30,6,9,True
18084,Colombia,Bogotá D.C.,Platino,False,False,True,72,61,29018.0,78,3,10,True
18085,Colombia,Bogotá D.C.,Bronce,True,False,True,0,0,0.0,12,3,7,True
18086,Colombia,Medellín,Bronce,False,False,True,4,2,959.0,4,3,7,True
18087,Colombia,Bogotá D.C.,Bronce,False,False,True,4,2,1053.0,8,3,10,True
18088,Colombia,Barranquilla,Bronce,False,False,True,0,0,0.0,13,0,6,True
18089,Ecuador,—,Bronce,False,False,True,1,0,0.0,6,1,8,True
18090,Perú,—,Oro,True,True,True,59,46,17534.0,18,16,9,False
18091,Colombia,Neiva,Bronce,False,False,True,1,0,0.0,21,3,9,True
18092,Colombia,Cali,Bronce,True,False,True,7,5,3725.0,3,3,4,True
18093,México,—,Bronce,True,False,True,1,0,0.0,31,12,8,False
18094,Chile,—,Plata,False,False,True,9,5,3335.0,11,17,9,False
18095,Colombia,Villavicencio,Plata,True,False,True,19,13,6353.0,39,15,7,False
18096,México,—,Plata,True,False,True,23,21,10233.0,9,5,2,True
18097,Colombia,Otras ciudades,Bronce,True,True,True,0,0,0.0,36,2,3,True
18098,Uruguay,—,Plata,False,False,True,8,5,3142.0,24,3,3,True
18099,Perú,—,Bronce,True,False,True,0,0,0.0,18,1,6,True
18100,Colombia,Otras ciudades,Bronce,False,True,True,2,1,500.0,37,3,4,True
18101,Colombia,Medellín,Bronce,True,True,True,0,0,0.0,1,2,10,True
18102,México,—,Bronce,False,True,True,1,0,0.0,28,2,10,True
18103,Colombia,Bogotá D.C.,Bronce,False,False,True,0,0,0.0,19,2,8,True
18104,Uruguay,—,Bronce,False,False,True,3,2,870.0,10,6,9,True
18105,Colombia,Valledupar,Bronce,False,True,True,0,0,0.0,25,2,3,True
18106,Ecuador,—,Bronce,False,False,False,0,0,0.0,21,7,6,False
18107,Colombia,Pasto,Bronce,False,False,True,1,0,0.0,9,2,5,True
18108,Colombia,Cali,Bronce,True,True,True,1,0,0.0,2,7,7,False
18109,México,—,Bronce,True,False,True,2,1,350.0,15,7,5,False
18110,Perú,—,Bronce,False,False,True,4,3,1537.0,15,2,5,True
18111,México,—,Bronce,False,False,True,2,1,595.0,44,2,7,True
18112,Ecuador,—,Bronce,False,False,False,1,0,0.0,38,6,5,True
18113,Colombia,Bogotá D.C.,Bronce,True,False,True,1,0,0.0,76,3,10,True
18114,Colombia,Bogotá D.C.,Plata,True,False,True,11,7,1925.0,30,2,10,True
18115,Uruguay,—,Bronce,False,True,True,0,0,0.0,33,2,9,True
18116,Colombia,Cúcuta,Plata,False,True,True,8,4,2427.0,58,9,9,False
18117,Colombia,Neiva,Bronce,False,True,False,0,0,0.0,54,2,9,True
18118,México,—,Bronce,True,False,True,2,1,516.0,29,9,10,False
18119,Colombia,Popayán,Bronce,False,False,False,0,0,0.0,3,8,6,False
18120,México,—,Bronce,True,False,True,3,2,1157.0,23,2,9,True
18121,Colombia,Cartagena,Bronce,False,False,True,3,2,916.0,20,7,7,False
18122,Colombia,Cali,Bronce,True,False,True,0,0,0.0,4,1,8,True
18123,Colombia,Bogotá D.C.,Bronce,False,False,True,3,2,997.0,20,0,5,True
18124,Colombia,Barranquilla,Bronce,True,True,True,0,0,0.0,7,21,5,False
18125,Colombia,Cali,Bronce,True,True,True,1,0,0.0,14,2,9,True
18126,Perú,—,Plata,True,False,True,11,9,4006.0,22,9,9,False
18127,Colombia,Cali,Plata,False,False,True,21,18,8998.0,30,0,8,True
18128,Colombia,Bogotá D.C.,Bronce,False,True,False,3,2,1033.0,21,1,5,True
18129,Colombia,Cali,Bronce,True,False,True,0,0,0.0,22,8,10,False
18130,México,—,Bronce,True,True,True,0,0,0.0,27,2,6,True
18131,Colombia,Otras ciudades,Bronce,True,False,True,0,0,0.0,35,5,10,True
18132,Colombia,Bucaramanga,Bronce,True,False,True,1,0,0.0,21,6,6,True
18133,Colombia,Bogotá D.C.,Plata,True,True,True,12,9,5362.0,7,4,8,True
18134,Colombia,Barranquilla,Bronce,False,False,True,0,0,0.0,48,3,9,True
18135,México,—,Bronce,True,False,True,0,0,0.0,36,1,6,True
18136,Colombia,Cali,Bronce,True,True,False,6,5,2181.0,40,4,8,True
18137,México,—,Bronce,True,False,False,0,0,0.0,1,2,4,True
18138,Uruguay,—,Plata,True,True,True,15,9,4659.0,24,3,8,True
18139,Colombia,Bogotá D.C.,Bronce,False,True,True,1,0,0.0,3,3,10,True
18140,Colombia,Bogotá D.C.,Bronce,False,False,True,0,0,0.0,26,1,7,True
18141,Ecuador,—,Plata,True,False,False,10,6,2546.0,10,2,7,True
18142,Colombia,Bogotá D.C.,Plata,False,False,True,17,14,10228.0,34,3,8,True
18143,Colombia,Armenia,Bronce,True,False,True,0,0,0.0,56,1,10,True
18144,Colombia,Otras ciudades,Bronce,False,False,True,0,0,0.0,6,27,7,False
18145,Colombia,Santa Marta,Bronce,True,False,False,0,0,0.0,31,18,9,False
18146,México,—,Bronce,False,False,True,6,4,1579.0,101,6,10,True
18147,Colombia,Armenia,Bronce,True,False,True,1,0,0.0,8,0,6,True
18148,Colombia,Santa Marta,Bronce,False,True,True,2,1,530.0,24,2,7,True
18149,Colombia,Bogotá D.C.,Bronce,False,False,True,2,1,689.0,1,11,6,False
18150,Colombia,Barranquilla,Bronce,False,False,True,2,1,496.0,7,28,4,False
18151,México,—,Bronce,True,True,True,4,3,1574.0,23,3,10,True
18152,Colombia,Medellín,Bronce,True,True,True,0,0,0.0,2,6,5,True
18153,Ecuador,—,Bronce,True,True,True,0,0,0.0,11,6,8,True
18154,Ecuador,—,Bronce,False,True,True,0,0,0.0,24,10,8,False
18155,México,—,Bronce,True,False,True,1,0,0.0,17,8,5,False
18156,Colombia,Bogotá D.C.,Bronce,True,False,True,5,4,1880.0,34,2,9,True
18157,México,—,Plata,False,False,False,16,12,3270.0,23,6,7,True
18158,Colombia,Cali,Bronce,False,False,True,0,0,0.0,85,14,8,False
18159,Perú,—,Bronce,False,False,False,6,4,2023.0,14,9,9,False
18160,Colombia,Otras ciudades,Bronce,True,False,True,3,2,871.0,20,5,6,True
18161,Colombia,Barranquilla,Bronce,False,False,True,1,0,0.0,51,2,8,True
18162,Colombia,Cartagena,Bronce,False,False,True,0,0,0.0,7,12,10,False
18163,Colombia,Bogotá D.C.,Bronce,True,False,True,2,1,557.0,13,0,10,True
18164,Perú,—,Bronce,True,False,True,0,0,0.0,26,2,8,True
18165,Colombia,Bucaramanga,Bronce,True,False,False,0,0,0.0,31,5,9,True
18166,Colombia,Medellín,Plata,True,False,True,12,10,5716.0,12,5,9,True
18167,Colombia,Barranquilla,Bronce,False,True,True,2,1,514.0,11,18,8,False
18168,México,—,Bronce,False,False,True,3,2,702.0,17,8,7,False
18169,Colombia,Cartagena,Bronce,True,False,True,0,0,0.0,17,0,10,True
18170,Colombia,Popayán,Bronce,True,False,True,2,1,319.0,23,1,9,True
18171,México,—,Bronce,False,True,True,1,0,0.0,19,8,8,False
18172,Ecuador,—,Bronce,True,False,True,4,3,1687.0,7,1,5,True
18173,Colombia,Bogotá D.C.,Bronce,True,False,True,0,0,0.0,91,10,6,False
18174,México,—,Platino,True,True,True,79,51,40605.0,24,4,5,True
18175,Colombia,Bucaramanga,Platino,False,False,True,121,99,51629.0,32,8,8,False
18176,Colombia,Santa Marta,Bronce,False,False,True,0,0,0.0,34,6,10,True
18177,Colombia,Otras ciudades,Platino,False,False,True,76,56,27935.0,13,1,7,True
18178,Colombia,Cali,Bronce,False,False,True,0,0,0.0,55,1,6,True
18179,Ecuador,—,Bronce,False,True,True,2,1,483.0,33,11,8,False
18180,Colombia,Bogotá D.C.,Bronce,True,False,True,0,0,0.0,5,3,5,True
18181,Colombia,Bogotá D.C.,Plata,True,False,True,11,9,4496.0,23,7,7,False
18182,Colombia,Medellín,Bronce,True,False,True,2,1,406.0,7,4,7,True
18183,México,—,Bronce,False,False,True,1,0,0.0,36,8,6,False
18184,Colombia,Medellín,Bronce,False,False,True,0,0,0.0,34,1,6,True
18185,Colombia,Medellín,Bronce,True,False,True,0,0,0.0,82,8,6,False
18186,Colombia,Bogotá D.C.,Bronce,False,False,True,2,1,439.0,16,6,8,True
18187,Colombia,Bogotá D.C.,Bronce,True,False,True,0,0,0.0,10,9,6,False
18188,Colombia,Bogotá D.C.,Bronce,False,False,False,5,4,1556.0,26,8,5,False
18189,Colombia,Otras ciudades,Oro,True,True,True,30,26,12333.0,6,2,5,True
18190,México,—,Bronce,False,True,True,2,1,575.0,16,10,6,False
18191,Colombia,Bucaramanga,Bronce,False,False,True,4,2,818.0,37,1,9,True
18192,Colombia,Medellín,Bronce,True,True,True,0,0,0.0,41,3,10,True
18193,Colombia,Cartagena,Bronce,False,False,True,0,0,0.0,6,1,5,True
18194,Colombia,Bogotá D.C.,Bronce,False,False,True,5,4,1106.0,37,7,7,False
18195,Colombia,Bogotá D.C.,Plata,False,False,True,14,12,7831.0,28,13,8,False
18196,Ecuador,—,Bronce,True,True,False,2,1,799.0,31,7,5,False
18197,Colombia,Bogotá D.C.,Bronce,False,False,True,1,0,0.0,4,1,7,True
18198,Colombia,Cúcuta,Bronce,False,False,False,5,4,2105.0,3,3,8,True
18199,México,—,Bronce,True,True,True,2,1,618.0,30,13,8,False
18200,Colombia,Bogotá D.C.,Plata,False,True,False,8,6,2520.0,54,0,8,True
18201,Colombia,Santa Marta,Bronce,False,False,True,1,0,0.0,35,5,7,True
18202,Chile,—,Bronce,False,True,True,1,0,0.0,33,12,7,False
18203,Colombia,Manizales,Bronce,True,True,True,0,0,0.0,29,4,10,True
18204,Colombia,Ibagué,Bronce,False,False,False,0,0,0.0,17,9,10,False
18205,Colombia,Otras ciudades,Bronce,False,False,True,0,0,0.0,3,2,9,True
18206,Colombia,Neiva,Bronce,True,True,True,0,0,0.0,31,9,6,False
18207,México,—,Bronce,True,False,True,0,0,0.0,2,8,4,False
18208,Colombia,Otras ciudades,Bronce,False,False,True,0,0,0.0,26,5,7,True
18209,México,—,Bronce,False,True,True,2,1,530.0,18,17,9,False
18210,Perú,—,Bronce,False,True,True,0,0,0.0,19,6,8,True
18211,Colombia,Cali,Bronce,False,False,True,1,0,0.0,48,0,9,True
18212,Colombia,Bogotá D.C.,Bronce,False,True,True,0,0,0.0,61,3,6,True
18213,México,—,Bronce,False,True,True,1,0,0.0,14,3,10,True
18214,México,—,Plata,True,False,True,18,14,3225.0,24,1,6,True
18215,Colombia,Cúcuta,Plata,False,True,True,18,10,5799.0,17,10,5,False
18216,Colombia,Cali,Bronce,False,True,False,0,0,0.0,6,11,10,False
18217,Colombia,Cali,Bronce,False,False,True,1,0,0.0,16,8,6,False
18218,Colombia,Bogotá D.C.,Bronce,False,False,True,0,0,0.0,98,1,10,True
18219,Colombia,Cali,Bronce,False,False,True,4,3,1049.0,25,5,10,True
18220,México,—,Bronce,True,True,True,2,1,479.0,35,13,10,False
18221,Colombia,Santa Marta,Bronce,False,False,True,3,1,510.0,8,2,3,True
18222,Colombia,Barranquilla,Oro,False,False,False,32,18,10210.0,15,4,6,True
18223,Colombia,Barranquilla,Bronce,True,False,True,0,0,0.0,2,11,5,False
18224,Colombia,Cali,Bronce,True,False,False,1,0,0.0,38,5,6,True
18225,Chile,—,Bronce,True,True,True,0,0,0.0,16,6,5,True
18226,Ecuador,—,Bronce,True,True,True,0,0,0.0,64,0,9,True
18227,Colombia,Cartagena,Bronce,False,False,True,6,5,2807.0,21,15,10,False
18228,Colombia,Cúcuta,Bronce,True,False,True,0,0,0.0,17,10,7,False
18229,Colombia,Pasto,Bronce,False,True,True,0,0,0.0,39,0,5,True
18230,Colombia,Bogotá D.C.,Bronce,True,False,True,0,0,0.0,13,10,7,False
18231,Colombia,Bogotá D.C.,Bronce,True,False,False,2,1,501.0,6,0,6,True
18232,Colombia,Bogotá D.C.,Bronce,False,False,True,0,0,0.0,21,2,10,True
18233,Colombia,Manizales,Bronce,True,False,True,0,0,0.0,39,6,5,True
18234,Colombia,Bogotá D.C.,Oro,True,True,False,43,34,16235.0,47,6,7,True
18235,México,—,Bronce,False,False,False,3,2,781.0,21,5,8,True
18236,Colombia,Cali,Oro,False,False,True,28,24,11438.0,23,4,8,True
18237,Ecuador,—,Bronce,True,True,True,2,1,525.0,28,6,8,True
18238,México,—,Bronce,True,False,True,0,0,0.0,49,10,6,False
18239,Uruguay,—,Bronce,True,False,True,2,1,591.0,43,4,7,True
18240,México,—,Bronce,True,False,True,2,1,648.0,36,13,8,False
18241,Chile,—,Bronce,False,False,True,4,3,1466.0,14,3,7,True
18242,Colombia,Villavicencio,Bronce,True,False,True,1,0,0.0,34,12,4,False
18243,Colombia,Neiva,Bronce,True,False,False,2,1,293.0,89,6,5,True
18244,Colombia,Cali,Plata,False,False,True,21,14,6072.0,15,14,6,False
18245,Colombia,Barranquilla,Bronce,True,False,True,0,0,0.0,7,11,5,False
18246,México,—,Plata,False,True,True,10,7,4116.0,13,5,7,True
18247,Ecuador,—,Plata,True,False,True,24,16,9847.0,26,7,10,False
18248,Colombia,Medellín,Oro,False,False,True,26,16,7595.0,26,3,9,True
18249,México,—,Bronce,False,False,True,0,0,0.0,24,5,8,True
18250,Colombia,Cali,Plata,True,False,False,9,5,2465.0,14,3,5,True
18251,México,—,Bronce,False,True,False,0,0,0.0,3,6,8,True
18252,Colombia,Cali,Oro,False,False,True,52,30,10352.0,19,1,8,True
18253,Perú,—,Bronce,True,False,True,3,2,885.0,49,11,7,False
18254,Colombia,Cali,Oro,False,False,True,34,20,8082.0,6,2,10,True
18255,Colombia,Medellín,Bronce,False,False,True,1,0,0.0,66,2,9,True
18256,Colombia,Otras ciudades,Bronce,False,False,True,7,5,1741.0,35,2,9,True
18257,México,—,Bronce,False,False,True,1,0,0.0,59,3,9,True
18258,Colombia,Medellín,Bronce,False,False,True,1,0,0.0,2,1,5,True
18259,Colombia,Bogotá D.C.,Bronce,False,False,True,1,0,0.0,4,6,7,True
18260,Colombia,Otras ciudades,Bronce,False,False,True,0,0,0.0,16,5,10,True
18261,Colombia,Bogotá D.C.,Bronce,False,False,True,2,1,355.0,24,10,6,False
18262,Colombia,Manizales,Bronce,False,False,True,3,2,1046.0,21,2,7,True
18263,México,—,Plata,False,False,True,9,5,2226.0,48,13,6,False
18264,Colombia,Bogotá D.C.,Bronce,False,False,True,0,0,0.0,27,10,9,False
18265,Uruguay,—,Bronce,True,False,False,5,4,1865.0,8,5,4,True
18266,Ecuador,—,Bronce,True,False,True,4,2,1357.0,15,35,6,False
18267,Perú,—,Bronce,False,False,True,0,0,0.0,2,2,9,True
18268,Ecuador,—,Bronce,False,False,True,1,0,0.0,32,21,9,False
18269,Colombia,Bucaramanga,Bronce,True,True,True,1,0,0.0,21,8,4,False
18270,Uruguay,—,Bronce,False,False,True,0,0,0.0,64,1,8,True
18271,México,—,Plata,False,False,True,10,6,3315.0,41,11,5,False
18272,Colombia,Bucaramanga,Bronce,True,False,True,0,0,0.0,69,5,8,True
18273,Colombia,Neiva,Bronce,False,False,False,0,0,0.0,7,5,9,True
18274,Chile,—,Plata,False,False,True,11,7,3437.0,28,9,8,False
18275,Uruguay,—,Bronce,False,False,True,1,0,0.0,18,2,7,True
18276,México,—,Bronce,True,True,True,1,0,0.0,6,4,7,True
18277,Colombia,Bogotá D.C.,Bronce,False,False,False,0,0,0.0,8,8,9,False
18278,Colombia,Cartagena,Bronce,True,True,True,3,1,508.0,29,1,10,True
18279,México,—,Bronce,False,True,True,2,1,473.0,2,8,7,False
18280,Colombia,Bogotá D.C.,Bronce,False,False,True,4,3,1489.0,7,0,7,True
18281,Colombia,Cartagena,Bronce,True,False,False,0,0,0.0,43,3,6,True
18282,Colombia,Medellín,Bronce,True,True,True,6,5,2599.0,20,11,10,False
18283,Ecuador,—,Bronce,True,True,True,2,1,582.0,22,14,9,False
18284,Colombia,Otras ciudades,Bronce,False,False,True,1,0,0.0,6,2,7,True
18285,México,—,Bronce,True,False,True,1,0,0.0,21,12,9,False
18286,Ecuador,—,Oro,False,False,False,54,38,19953.0,21,5,9,True
18287,México,—,Bronce,True,False,True,0,0,0.0,13,5,7,True
18288,México,—,Bronce,True,True,True,2,1,368.0,6,1,10,True
18289,Colombia,Otras ciudades,Oro,False,True,True,47,32,15280.0,31,2,4,True
18290,Colombia,Bogotá D.C.,Bronce,False,True,False,4,3,1117.0,25,7,10,False
18291,Colombia,Medellín,Bronce,False,False,True,1,0,0.0,11,9,9,False
18292,Colombia,Bucaramanga,Bronce,True,False,True,0,0,0.0,15,3,6,True
18293,Uruguay,—,Bronce,True,True,True,0,0,0.0,35,2,6,True
18294,Perú,—,Plata,True,False,False,8,5,2772.0,23,9,7,False
18295,México,—,Bronce,False,False,True,1,0,0.0,22,5,10,True
18296,Ecuador,—,Plata,False,True,True,14,10,4856.0,33,7,6,False
18297,Colombia,Otras ciudades,Bronce,True,False,False,0,0,0.0,9,2,8,True
18298,Perú,—,Bronce,False,False,True,0,0,0.0,15,5,7,True
18299,Ecuador,—,Plata,False,True,False,22,15,6544.0,21,5,7,True
18300,Ecuador,—,Bronce,False,False,True,0,0,0.0,29,2,5,True
18301,Colombia,Barranquilla,Bronce,False,False,True,0,0,0.0,4,2,8,True
18302,Colombia,Armenia,Plata,True,True,False,18,14,4971.0,8,4,7,True
18303,Colombia,Bogotá D.C.,Bronce,True,False,True,0,0,0.0,56,1,9,True
18304,Colombia,Sincelejo,Bronce,True,True,True,4,3,1353.0,10,21,8,False
18305,Colombia,Ibagué,Bronce,False,True,True,0,0,0.0,63,7,9,False
18306,México,—,Bronce,False,False,True,1,0,0.0,16,6,10,True
18307,Colombia,Bogotá D.C.,Bronce,False,False,False,2,1,475.0,17,2,5,True
18308,Ecuador,—,Bronce,False,False,True,0,0,0.0,42,3,10,True
18309,Colombia,Ibagué,Plata,True,True,True,24,21,13492.0,48,2,10,True
18310,Colombia,Bogotá D.C.,Bronce,False,False,True,0,0,0.0,28,8,6,False
18311,Perú,—,Bronce,True,False,True,0,0,0.0,46,1,10,True
18312,Colombia,Bogotá D.C.,Bronce,False,False,True,5,3,1197.0,26,4,4,True
18313,Ecuador,—,Bronce,False,True,False,4,3,1470.0,28,2,7,True
18314,Ecuador,—,Bronce,True,False,True,1,0,0.0,133,1,7,True
18315,Colombia,Pasto,Bronce,False,False,True,4,2,815.0,7,7,9,False
18316,Chile,—,Bronce,True,True,True,0,0,0.0,15,1,10,True
18317,México,—,Bronce,False,True,True,3,2,1213.0,10,14,8,False
18318,Colombia,Cartagena,Bronce,True,True,False,0,0,0.0,6,21,5,False
18319,Colombia,Otras ciudades,Bronce,True,True,True,0,0,0.0,54,5,10,True
18320,Colombia,Cúcuta,Bronce,False,False,True,0,0,0.0,54,6,10,True
18321,Colombia,Bogotá D.C.,Bronce,False,False,False,0,0,0.0,14,3,8,True
18322,Uruguay,—,Bronce,False,False,True,1,0,0.0,19,2,10,True
18323,Colombia,Medellín,Bronce,True,True,True,2,1,458.0,44,5,7,True
18324,Ecuador,—,Bronce,False,True,True,2,1,381.0,65,1,8,True
18325,Colombia,Santa Marta,Bronce,False,False,True,0,0,0.0,72,2,8,True
18326,Ecuador,—,Bronce,True,False,True,0,0,0.0,9,12,9,False
18327,Colombia,Medellín,Bronce,False,False,True,0,0,0.0,56,12,5,False
18328,Colombia,Bogotá D.C.,Plata,True,False,True,11,10,5340.0,46,16,4,False
18329,Colombia,Otras ciudades,Bronce,True,False,True,6,4,1874.0,5,7,8,False
18330,Colombia,Medellín,Bronce,False,False,True,1,0,0.0,11,7,9,False
18331,Colombia,Bogotá D.C.,Bronce,True,False,True,0,0,0.0,3,3,10,True
18332,Colombia,Bogotá D.C.,Bronce,False,False,True,3,2,1100.0,5,3,7,True
18333,Chile,—,Platino,True,False,True,293,215,104632.0,31,10,6,False
18334,Colombia,Barranquilla,Bronce,False,False,True,0,0,0.0,19,5,9,True
18335,Colombia,Bogotá D.C.,Bronce,True,False,False,0,0,0.0,57,0,6,True
18336,Ecuador,—,Bronce,False,True,True,0,0,0.0,119,0,1,True
18337,Colombia,Medellín,Plata,False,True,True,18,13,4563.0,3,2,3,True
18338,Colombia,Bogotá D.C.,Bronce,True,True,True,2,1,511.0,1,14,7,False
18339,México,—,Plata,True,False,False,16,14,7639.0,32,13,7,False
18340,Colombia,Cali,Oro,False,False,True,37,29,14077.0,17,2,6,True
18341,México,—,Bronce,True,False,True,0,0,0.0,60,4,9,True
18342,Perú,—,Oro,False,False,True,25,17,7567.0,51,1,10,True
18343,Colombia,Montería,Bronce,False,False,True,1,0,0.0,17,0,4,True
18344,Uruguay,—,Bronce,False,False,True,1,0,0.0,50,3,8,True
18345,Ecuador,—,Bronce,False,False,True,2,1,485.0,9,3,8,True
18346,México,—,Plata,False,False,True,8,6,2292.0,11,9,10,False
18347,Ecuador,—,Plata,False,False,True,9,8,4101.0,8,5,6,True
18348,Colombia,Bogotá D.C.,Bronce,False,False,True,1,0,0.0,46,7,9,False
18349,Colombia,Medellín,Bronce,False,False,True,1,0,0.0,26,4,1,True
18350,Perú,—,Bronce,True,False,True,0,0,0.0,29,4,10,True
18351,Ecuador,—,Bronce,True,True,False,0,0,0.0,55,3,7,True
18352,Perú,—,Bronce,False,False,True,0,0,0.0,11,11,9,False
18353,Colombia,Cali,Bronce,False,False,True,1,0,0.0,29,22,5,False
18354,México,—,Bronce,True,True,True,0,0,0.0,5,2,7,True
18355,Colombia,Medellín,Bronce,True,True,True,4,3,1820.0,18,1,3,True
18356,Colombia,Bucaramanga,Bronce,True,True,True,1,0,0.0,77,1,6,True
18357,Colombia,Bogotá D.C.,Bronce,False,False,True,0,0,0.0,45,4,9,True
18358,Ecuador,—,Bronce,False,False,True,4,3,1548.0,3,5,9,True
18359,Colombia,Pereira,Bronce,False,True,True,4,2,1286.0,16,0,7,True
18360,Colombia,Manizales,Plata,False,False,True,16,12,4257.0,25,6,8,True
18361,Colombia,Bogotá D.C.,Bronce,False,False,True,7,5,2587.0,77,9,9,False
18362,Colombia,Medellín,Bronce,True,False,True,0,0,0.0,24,2,8,True
18363,Colombia,Barranquilla,Bronce,True,True,False,1,0,0.0,25,6,10,True
18364,México,—,Bronce,False,False,False,0,0,0.0,38,1,8,True
18365,Chile,—,Bronce,True,False,True,4,3,1697.0,16,2,10,True
18366,Colombia,Cartagena,Bronce,True,False,True,0,0,0.0,22,2,4,True
18367,Colombia,Bogotá D.C.,Bronce,True,False,True,1,0,0.0,12,2,8,True
18368,Uruguay,—,Bronce,False,False,False,1,0,0.0,16,8,9,False
18369,México,—,Bronce,False,False,False,1,0,0.0,40,2,8,True
18370,Colombia,Bucaramanga,Bronce,True,False,False,7,4,1800.0,28,3,10,True
18371,Colombia,Manizales,Bronce,False,False,False,0,0,0.0,24,24,8,False
18372,México,—,Bronce,False,False,True,0,0,0.0,25,1,8,True
18373,México,—,Bronce,False,False,False,2,1,400.0,11,2,10,True
18374,Colombia,Otras ciudades,Bronce,True,False,True,6,4,2119.0,6,2,5,True
18375,Perú,—,Bronce,True,True,True,1,0,0.0,35,20,4,False
18376,México,—,Bronce,True,False,True,7,5,2742.0,5,1,10,True
18377,Colombia,Montería,Bronce,False,False,True,2,1,535.0,2,2,9,True
18378,Perú,—,Bronce,False,False,False,1,0,0.0,2,2,7,True
18379,Colombia,Barranquilla,Bronce,False,False,True,0,0,0.0,10,4,5,True
18380,Colombia,Cartagena,Bronce,False,False,True,1,0,0.0,35,1,6,True
18381,Colombia,Bogotá D.C.,Bronce,False,True,True,0,0,0.0,22,7,9,False
18382,México,—,Bronce,False,False,True,3,1,530.0,15,14,7,False
18383,Colombia,Cúcuta,Bronce,False,True,False,2,1,670.0,15,6,10,True
18384,Colombia,Bogotá D.C.,Bronce,False,False,False,1,0,0.0,25,6,10,True
18385,Ecuador,—,Bronce,False,False,True,0,0,0.0,69,3,10,True
18386,México,—,Bronce,True,True,True,5,4,1581.0,78,3,10,True
18387,Colombia,Cúcuta,Bronce,True,False,True,1,0,0.0,82,1,9,True
18388,Colombia,Manizales,Plata,False,False,True,14,12,6766.0,64,6,10,True
18389,México,—,Plata,True,False,True,18,14,7145.0,21,4,10,True
18390,Colombia,Bogotá D.C.,Plata,False,False,True,15,11,7055.0,3,4,10,True
18391,Perú,—,Bronce,False,False,True,6,4,1772.0,48,8,8,False
18392,Colombia,Medellín,Bronce,True,True,True,5,3,1880.0,36,1,7,True
18393,Uruguay,—,Bronce,False,False,True,3,2,770.0,16,7,5,False
18394,Colombia,Bogotá D.C.,Oro,False,False,True,56,38,17411.0,9,7,6,False
18395,México,—,Bronce,True,False,False,7,4,1260.0,11,7,5,False
18396,México,—,Bronce,True,False,True,0,0,0.0,1,6,6,True
18397,Colombia,Cali,Bronce,True,False,True,0,0,0.0,4,0,8,True
18398,Colombia,Bogotá D.C.,Bronce,True,False,True,2,1,646.0,1,2,7,True
18399,Colombia,Barranquilla,Plata,True,False,True,8,6,3899.0,91,7,7,False
18400,Perú,—,Bronce,True,False,True,6,5,2357.0,30,11,2,False
18401,Ecuador,—,Bronce,False,False,True,4,2,1255.0,62,7,4,False
18402,Colombia,Cali,Plata,False,False,True,11,6,3705.0,31,5,4,True
18403,Colombia,Cartagena,Bronce,False,False,False,0,0,0.0,33,8,10,False
18404,Colombia,Cali,Plata,False,False,True,10,7,3622.0,2,4,8,True
18405,Colombia,Bogotá D.C.,Bronce,True,False,True,2,1,497.0,58,6,9,True
18406,Colombia,Neiva,Bronce,False,False,True,4,3,1497.0,15,17,7,False
18407,Colombia,Armenia,Bronce,True,False,True,0,0,0.0,38,7,8,False
18408,México,—,Bronce,True,False,True,1,0,0.0,27,0,10,True
18409,Colombia,Bogotá D.C.,Oro,True,False,True,44,27,12151.0,13,20,5,False
18410,México,—,Bronce,False,False,False,4,3,1298.0,8,3,6,True
18411,Colombia,Cúcuta,Plata,True,False,True,12,9,5184.0,13,3,7,True
18412,Colombia,Medellín,Oro,False,False,True,38,25,12090.0,44,8,10,False
18413,Colombia,Bogotá D.C.,Bronce,False,False,True,1,0,0.0,19,1,7,True
18414,Colombia,Manizales,Oro,True,False,False,42,38,20264.0,112,4,7,True
18415,Colombia,Bucaramanga,Bronce,True,True,True,0,0,0.0,11,1,7,True
18416,Colombia,Otras ciudades,Bronce,False,False,True,0,0,0.0,94,15,6,False
18417,Colombia,Cali,Bronce,False,False,True,1,0,0.0,19,4,8,True
18418,Perú,—,Bronce,True,False,False,1,0,0.0,11,5,4,True
18419,Colombia,Cúcuta,Bronce,False,False,True,1,0,0.0,16,5,7,True
18420,Colombia,Bogotá D.C.,Bronce,True,False,True,4,3,908.0,29,2,7,True
18421,Ecuador,—,Bronce,False,False,True,3,2,673.0,53,12,7,False
18422,Colombia,Medellín,Bronce,True,False,True,6,3,1999.0,12,2,8,True
18423,Colombia,Otras ciudades,Bronce,False,False,True,0,0,0.0,35,2,6,True
18424,México,—,Bronce,True,False,True,0,0,0.0,4,1,6,True
18425,Colombia,Bogotá D.C.,Bronce,True,False,True,1,0,0.0,79,6,9,True
18426,Colombia,Bogotá D.C.,Bronce,True,False,True,0,0,0.0,18,1,9,True
18427,Colombia,Bogotá D.C.,Bronce,False,True,True,0,0,0.0,14,11,6,False
18428,Chile,—,Bronce,True,False,True,2,1,547.0,6,6,8,True
18429,Colombia,Cali,Bronce,False,False,True,4,3,1414.0,33,5,9,True
18430,Colombia,Cali,Bronce,True,False,True,6,4,1961.0,8,6,5,True
18431,Colombia,Manizales,Plata,True,False,True,10,7,2597.0,22,2,1,True
18432,México,—,Bronce,False,False,True,1,0,0.0,13,9,5,False
18433,Colombia,Popayán,Bronce,True,False,True,3,2,698.0,1,2,8,True
18434,México,—,Bronce,True,False,False,6,3,1116.0,13,13,7,False
18435,Uruguay,—,Bronce,True,False,True,2,1,478.0,39,12,4,False
18436,Colombia,Bogotá D.C.,Bronce,True,False,True,2,1,544.0,41,6,4,True
18437,Colombia,Popayán,Bronce,True,False,True,0,0,0.0,51,10,4,False
18438,Uruguay,—,Bronce,False,True,True,2,1,638.0,69,11,7,False
18439,Colombia,Bucaramanga,Bronce,False,False,True,0,0,0.0,47,1,10,True
18440,Perú,—,Bronce,False,True,True,0,0,0.0,41,3,10,True
18441,Colombia,Cali,Bronce,False,False,True,0,0,0.0,9,10,7,False
18442,Colombia,Bogotá D.C.,Plata,True,False,True,11,10,3306.0,59,3,3,True
18443,Colombia,Otras ciudades,Bronce,True,True,True,0,0,0.0,78,0,6,True
18444,Colombia,Cali,Bronce,False,True,True,0,0,0.0,11,10,6,False
18445,Colombia,Medellín,Bronce,False,False,True,1,0,0.0,18,0,10,True
18446,Colombia,Medellín,Bronce,True,False,True,1,0,0.0,14,1,8,True
18447,Perú,—,Bronce,False,False,True,0,0,0.0,11,7,5,False
18448,Uruguay,—,Oro,False,True,True,42,37,10651.0,11,14,9,False
18449,Colombia,Bogotá D.C.,Bronce,True,False,True,3,2,1373.0,23,8,10,False
18450,Colombia,Bucaramanga,Bronce,False,True,True,0,0,0.0,20,3,9,True
18451,México,—,Bronce,True,False,True,2,1,397.0,16,3,7,True
18452,Colombia,Cali,Bronce,False,False,True,0,0,0.0,28,4,4,True
18453,Colombia,Otras ciudades,Bronce,False,False,True,0,0,0.0,58,1,8,True
18454,México,—,Bronce,False,False,True,0,0,0.0,25,10,10,False
18455,Colombia,Bogotá D.C.,Bronce,False,True,True,1,0,0.0,90,3,9,True
18456,Colombia,Medellín,Bronce,False,True,False,0,0,0.0,16,4,6,True
18457,Colombia,Bogotá D.C.,Bronce,False,False,True,3,2,1322.0,6,14,9,False
18458,Uruguay,—,Bronce,True,False,True,1,0,0.0,35,4,10,True
18459,Colombia,Bogotá D.C.,Bronce,True,False,True,3,2,1056.0,3,7,6,False
18460,Colombia,Otras ciudades,Plata,False,False,True,13,11,5912.0,47,10,3,False
18461,Colombia,Medellín,Bronce,False,True,True,1,0,0.0,28,5,9,True
18462,Ecuador,—,Bronce,False,False,True,6,3,1727.0,25,3,8,True
18463,Colombia,Medellín,Plata,True,False,False,10,8,5029.0,76,4,5,True
18464,Colombia,Bogotá D.C.,Bronce,False,True,False,2,1,572.0,43,4,6,True
18465,Colombia,Cúcuta,Bronce,True,False,True,2,1,496.0,33,10,3,False
18466,Colombia,Medellín,Bronce,False,False,True,4,3,1604.0,19,10,8,False
18467,México,—,Bronce,True,True,True,0,0,0.0,59,18,5,False
18468,Colombia,Bogotá D.C.,Bronce,True,False,True,0,0,0.0,40,3,6,True
18469,Colombia,Bogotá D.C.,Bronce,True,False,True,0,0,0.0,45,5,2,True
18470,Colombia,Santa Marta,Bronce,True,False,True,0,0,0.0,6,8,5,False
18471,Colombia,Bogotá D.C.,Bronce,False,False,True,0,0,0.0,1,3,4,True
18472,Colombia,Manizales,Bronce,False,True,True,3,2,994.0,34,6,3,True
18473,Colombia,Valledupar,Bronce,False,True,False,0,0,0.0,24,4,6,True
18474,Perú,—,Bronce,True,False,True,0,0,0.0,56,7,4,False
18475,Colombia,Cali,Bronce,False,False,False,5,4,2270.0,25,2,6,True
18476,Colombia,Bogotá D.C.,Bronce,False,False,True,3,1,486.0,9,2,10,True
18477,Colombia,Sincelejo,Bronce,False,False,True,1,0,0.0,7,3,4,True
18478,Colombia,Bogotá D.C.,Bronce,False,False,True,2,1,601.0,45,3,6,True
18479,México,—,Plata,False,False,True,9,6,2849.0,54,8,10,False
18480,Colombia,Bogotá D.C.,Bronce,False,False,True,3,1,342.0,38,2,9,True
18481,México,—,Bronce,False,False,True,4,2,857.0,9,19,8,False
18482,Colombia,Bogotá D.C.,Bronce,False,False,True,0,0,0.0,17,7,7,False
18483,Colombia,Bogotá D.C.,Bronce,True,False,True,2,1,450.0,12,0,7,True
18484,Colombia,Medellín,Bronce,False,True,True,1,0,0.0,32,2,10,True
18485,México,—,Bronce,True,True,True,4,2,872.0,134,13,4,False
18486,Colombia,Otras ciudades,Bronce,False,True,True,5,4,2275.0,13,0,5,True
18487,México,—,Bronce,False,False,True,0,0,0.0,44,1,4,True
18488,Ecuador,—,Bronce,False,False,True,0,0,0.0,7,8,4,False
18489,Colombia,Cali,Bronce,False,False,True,0,0,0.0,10,3,9,True
18490,Colombia,Barranquilla,Bronce,True,False,True,2,1,577.0,19,4,10,True
18491,Perú,—,Bronce,False,False,True,1,0,0.0,7,1,9,True
18492,Ecuador,—,Bronce,False,False,True,6,5,2352.0,15,11,8,False
18493,Colombia,Montería,Bronce,True,False,True,0,0,0.0,46,3,4,True
18494,México,—,Plata,False,False,True,16,12,5453.0,10,4,8,True
18495,Colombia,Cartagena,Bronce,True,True,True,1,0,0.0,7,13,10,False
18496,Colombia,Pereira,Bronce,False,False,True,6,4,2365.0,5,8,3,False
18497,México,—,Bronce,True,False,True,0,0,0.0,45,8,9,False
18498,Perú,—,Bronce,False,False,True,0,0,0.0,8,1,7,True
18499,Colombia,Barranquilla,Plata,True,False,True,11,6,2031.0,8,12,10,False
18500,Colombia,Cúcuta,Bronce,True,False,True,0,0,0.0,31,15,10,False
18501,Colombia,Medellín,Bronce,True,True,True,2,1,552.0,31,8,8,False
18502,Colombia,Cali,Bronce,True,False,True,0,0,0.0,25,5,10,True
18503,Colombia,Otras ciudades,Bronce,True,False,True,0,0,0.0,28,3,10,True
18504,Colombia,Bogotá D.C.,Bronce,False,True,True,4,3,1798.0,28,11,4,False
18505,Colombia,Neiva,Bronce,False,False,True,3,2,1132.0,10,6,10,True
18506,Colombia,Valledupar,Plata,False,False,True,21,17,7682.0,15,3,5,True
18507,México,—,Bronce,False,False,True,2,1,680.0,14,14,6,False
18508,México,—,Bronce,True,False,True,0,0,0.0,14,16,6,False
18509,Ecuador,—,Bronce,False,True,True,1,0,0.0,18,3,7,True
18510,Colombia,Pereira,Bronce,True,False,False,0,0,0.0,56,17,0,False
18511,Colombia,Manizales,Bronce,False,False,True,2,1,503.0,30,14,9,False
18512,Colombia,Cali,Plata,False,False,True,14,10,5863.0,7,6,4,True
18513,Ecuador,—,Plata,True,False,True,16,14,5676.0,10,1,10,True
18514,México,—,Bronce,True,False,True,0,0,0.0,22,9,8,False
18515,Colombia,Bucaramanga,Plata,False,False,True,14,12,6930.0,22,1,5,True
18516,México,—,Plata,False,False,True,16,12,6436.0,42,10,6,False
18517,Colombia,Bogotá D.C.,Bronce,False,False,False,1,0,0.0,62,5,6,True
18518,México,—,Bronce,True,False,False,0,0,0.0,35,0,10,True
18519,Colombia,Bogotá D.C.,Bronce,False,False,True,3,2,875.0,12,5,7,True
18520,Colombia,Medellín,Bronce,False,True,True,3,2,919.0,19,12,8,False
18521,Colombia,Bogotá D.C.,Bronce,False,False,True,0,0,0.0,60,8,9,False
18522,Colombia,Medellín,Bronce,True,True,False,0,0,0.0,24,5,6,True
18523,Perú,—,Bronce,True,True,True,3,2,1010.0,34,1,7,True
18524,Colombia,Bogotá D.C.,Bronce,True,False,True,0,0,0.0,26,16,5,False
18525,Colombia,Bogotá D.C.,Bronce,True,False,False,0,0,0.0,13,3,8,True
18526,Perú,—,Bronce,False,False,True,2,1,598.0,53,3,10,True
18527,Colombia,Bogotá D.C.,Bronce,False,False,True,4,3,1735.0,16,0,4,True
18528,México,—,Bronce,False,False,True,0,0,0.0,2,6,7,True
18529,Colombia,Medellín,Plata,False,False,True,21,17,11486.0,25,10,10,False
18530,Colombia,Cúcuta,Oro,False,True,True,59,41,22136.0,35,3,7,True
18531,Colombia,Medellín,Bronce,True,False,True,0,0,0.0,41,1,8,True
18532,Perú,—,Bronce,False,False,False,0,0,0.0,10,4,8,True
18533,Colombia,Bogotá D.C.,Bronce,True,False,False,4,2,911.0,34,6,8,True
18534,Colombia,Bogotá D.C.,Bronce,False,True,True,1,0,0.0,19,0,9,True
18535,Colombia,Bogotá D.C.,Bronce,False,False,True,6,5,3440.0,17,5,8,True
18536,Colombia,Bogotá D.C.,Bronce,True,True,False,7,6,2253.0,64,4,5,True
18537,Colombia,Bogotá D.C.,Bronce,False,False,True,0,0,0.0,17,4,10,True
18538,Colombia,Barranquilla,Plata,False,False,True,17,13,7787.0,18,20,9,False
18539,Colombia,Bogotá D.C.,Bronce,True,False,True,1,0,0.0,43,0,6,True
18540,Colombia,Bogotá D.C.,Bronce,True,False,False,5,3,1224.0,42,6,9,True
18541,Colombia,Bogotá D.C.,Bronce,False,True,True,3,2,983.0,75,11,9,False
18542,México,—,Bronce,False,False,False,4,3,1109.0,13,19,10,False
18543,Colombia,Valledupar,Bronce,True,False,True,4,3,1546.0,8,4,10,True
18544,Colombia,Bogotá D.C.,Bronce,False,False,True,2,1,397.0,10,1,8,True
18545,Colombia,Bogotá D.C.,Plata,False,False,True,24,20,12583.0,15,13,5,False
18546,Colombia,Montería,Bronce,True,False,True,0,0,0.0,53,6,9,True
18547,México,—,Plata,True,False,True,9,7,4084.0,15,3,9,True
18548,Colombia,Medellín,Bronce,True,False,True,2,1,618.0,12,4,7,True
18549,Colombia,Cali,Bronce,True,False,True,2,1,425.0,3,1,6,True
18550,Colombia,Bogotá D.C.,Bronce,True,False,False,2,1,481.0,1,1,6,True
18551,México,—,Bronce,False,False,True,3,1,453.0,2,5,9,True
18552,Colombia,Cali,Bronce,False,False,True,0,0,0.0,19,4,10,True
18553,Colombia,Barranquilla,Bronce,False,True,True,0,0,0.0,4,1,5,True
18554,Colombia,Bogotá D.C.,Bronce,False,True,True,1,0,0.0,63,11,6,False
18555,Colombia,Bogotá D.C.,Bronce,True,False,False,0,0,0.0,69,14,9,False
18556,Colombia,Bogotá D.C.,Bronce,True,False,True,4,3,1294.0,38,23,7,False
18557,Ecuador,—,Bronce,False,False,True,0,0,0.0,41,0,10,True
18558,México,—,Plata,True,False,True,24,17,7597.0,13,3,8,True
18559,Perú,—,Bronce,False,False,True,1,0,0.0,26,2,3,True
18560,Uruguay,—,Bronce,False,False,True,0,0,0.0,41,2,10,True
18561,Ecuador,—,Bronce,True,False,True,2,1,669.0,7,10,4,False
18562,Colombia,Cali,Bronce,True,True,True,5,3,2042.0,12,1,5,True
18563,Colombia,Bucaramanga,Bronce,False,False,True,2,1,436.0,108,13,9,False
18564,Colombia,Bucaramanga,Bronce,False,False,True,2,1,492.0,34,3,6,True
18565,Colombia,Bogotá D.C.,Bronce,False,True,True,1,0,0.0,45,3,5,True
18566,Colombia,Cartagena,Bronce,False,False,True,0,0,0.0,4,8,7,False
18567,Perú,—,Bronce,False,True,True,2,1,586.0,23,6,8,True
18568,Colombia,Otras ciudades,Plata,True,True,True,9,5,840.0,61,7,6,False
18569,Colombia,Armenia,Bronce,True,False,True,2,1,554.0,28,4,4,True
18570,México,—,Bronce,False,False,True,0,0,0.0,67,1,6,True
18571,Colombia,Manizales,Bronce,True,False,True,6,4,1697.0,75,6,8,True
18572,Colombia,Neiva,Bronce,True,False,True,2,1,444.0,10,5,5,True
18573,Colombia,Otras ciudades,Plata,True,True,True,17,10,4834.0,30,12,5,False
18574,Perú,—,Bronce,False,False,True,0,0,0.0,34,1,5,True
18575,Colombia,Medellín,Plata,True,True,True,9,7,3767.0,29,2,10,True
18576,Colombia,Cali,Bronce,False,False,True,1,0,0.0,2,1,10,True
18577,Colombia,Bogotá D.C.,Bronce,False,False,True,0,0,0.0,28,5,5,True
18578,México,—,Plata,False,False,True,9,7,4434.0,56,14,8,False
18579,Chile,—,Plata,False,True,False,8,7,4190.0,11,3,10,True
18580,Colombia,Sincelejo,Plata,False,False,True,22,18,9996.0,65,5,5,True
18581,Colombia,Bogotá D.C.,Bronce,True,False,False,0,0,0.0,75,9,4,False
18582,Perú,—,Bronce,False,False,True,2,1,643.0,18,5,7,True
18583,Colombia,Cartagena,Bronce,True,False,True,3,1,672.0,7,7,8,False
18584,Colombia,Sincelejo,Oro,True,False,True,27,22,14764.0,21,10,9,False
18585,Colombia,Ibagué,Bronce,True,False,True,0,0,0.0,84,3,3,True
18586,Colombia,Bogotá D.C.,Oro,False,False,True,28,19,6923.0,24,2,9,True
18587,Colombia,Bucaramanga,Bronce,False,True,True,2,1,416.0,7,12,7,False
18588,Colombia,Cartagena,Bronce,False,False,True,0,0,0.0,4,0,10,True
18589,México,—,Bronce,False,False,True,4,2,1268.0,32,2,6,True
18590,Colombia,Bucaramanga,Bronce,False,True,True,3,2,956.0,25,11,8,False
18591,Colombia,Ibagué,Bronce,True,False,True,0,0,0.0,28,6,9,True
18592,Colombia,Cúcuta,Bronce,False,True,True,0,0,0.0,28,28,10,False
18593,Colombia,Barranquilla,Plata,True,False,False,24,20,9574.0,9,2,7,True
18594,México,—,Bronce,False,False,False,1,0,0.0,12,11,9,False
18595,Colombia,Barranquilla,Plata,False,False,True,20,11,4922.0,56,4,9,True
18596,Colombia,Montería,Bronce,True,True,True,7,4,2034.0,54,3,6,True
18597,Ecuador,—,Plata,True,False,True,8,6,3876.0,6,6,7,True
18598,México,—,Oro,False,False,True,57,36,25494.0,21,6,3,True
18599,Colombia,Bogotá D.C.,Bronce,False,False,True,0,0,0.0,26,1,10,True
18600,Ecuador,—,Bronce,True,False,True,3,2,722.0,55,5,7,True
18601,Perú,—,Bronce,True,False,False,3,2,1129.0,9,3,8,True
18602,México,—,Bronce,True,False,True,0,0,0.0,24,4,9,True
18603,México,—,Bronce,False,False,True,4,3,1362.0,42,1,7,True
18604,Colombia,Bogotá D.C.,Bronce,False,False,True,2,1,465.0,23,4,8,True
18605,México,—,Bronce,False,False,True,1,0,0.0,6,10,10,False
18606,México,—,Bronce,True,False,False,5,3,1786.0,70,8,10,False
18607,Colombia,Armenia,Bronce,True,True,True,1,0,0.0,24,2,6,True
18608,México,—,Bronce,False,False,True,0,0,0.0,30,6,5,True
18609,Colombia,Bogotá D.C.,Bronce,False,False,True,1,0,0.0,37,0,6,True
18610,Colombia,Pereira,Bronce,True,False,True,1,0,0.0,40,0,10,True
18611,Colombia,Pereira,Bronce,False,False,True,4,2,911.0,42,23,6,False
18612,Colombia,Otras ciudades,Bronce,True,False,True,0,0,0.0,22,21,8,False
18613,Colombia,Bucaramanga,Bronce,True,False,True,6,4,1554.0,23,0,8,True
18614,Colombia,Barranquilla,Bronce,True,True,True,2,1,590.0,27,7,7,False
18615,Colombia,Bogotá D.C.,Bronce,False,True,True,5,3,1387.0,4,9,7,False
18616,México,—,Bronce,False,True,True,3,2,908.0,53,20,8,False
18617,Colombia,Valledupar,Bronce,True,True,True,0,0,0.0,26,7,10,False
18618,Colombia,Cartagena,Plata,False,True,True,18,16,7304.0,77,10,10,False
18619,Colombia,Cali,Bronce,False,False,True,6,3,1137.0,27,1,7,True
18620,Colombia,Cali,Bronce,False,False,True,1,0,0.0,35,9,6,False
18621,Colombia,Bogotá D.C.,Bronce,True,False,True,0,0,0.0,8,1,7,True
18622,Colombia,Santa Marta,Bronce,False,False,True,1,0,0.0,96,2,10,True
18623,México,—,Bronce,True,True,True,0,0,0.0,11,5,4,True
18624,México,—,Bronce,True,True,True,5,3,1296.0,19,4,4,True
18625,Colombia,Bogotá D.C.,Bronce,True,False,True,0,0,0.0,32,9,7,False
18626,Colombia,Bogotá D.C.,Bronce,True,False,True,5,3,1903.0,76,3,10,True
18627,Uruguay,—,Bronce,True,False,True,5,4,2052.0,16,5,10,True
18628,Colombia,Bogotá D.C.,Bronce,False,False,True,1,0,0.0,41,9,10,False
18629,México,—,Bronce,False,False,True,2,1,525.0,41,9,7,False
18630,Colombia,Medellín,Bronce,False,False,True,0,0,0.0,13,1,10,True
18631,México,—,Bronce,False,False,True,2,1,468.0,14,2,8,True
18632,Colombia,Villavicencio,Bronce,True,False,True,3,2,1221.0,16,2,1,True
18633,Ecuador,—,Bronce,False,False,True,4,2,1351.0,16,10,10,False
18634,Colombia,Bogotá D.C.,Bronce,True,False,True,1,0,0.0,105,5,9,True
18635,Colombia,Cúcuta,Plata,False,False,False,14,9,5367.0,27,3,6,True
18636,Uruguay,—,Bronce,True,True,True,1,0,0.0,26,5,8,True
18637,Ecuador,—,Oro,False,False,True,45,37,17254.0,14,2,9,True
18638,Colombia,Bogotá D.C.,Bronce,False,False,True,1,0,0.0,20,0,5,True
18639,Colombia,Cali,Bronce,True,False,True,2,1,475.0,14,5,7,True
18640,Colombia,Medellín,Bronce,False,False,True,2,1,352.0,38,1,1,True
18641,Colombia,Bogotá D.C.,Bronce,False,False,False,0,0,0.0,10,6,8,True
18642,México,—,Bronce,True,False,True,1,0,0.0,28,6,9,True
18643,Colombia,Cali,Bronce,False,False,True,3,2,1040.0,101,1,5,True
18644,México,—,Bronce,False,False,True,2,1,611.0,7,1,7,True
18645,Colombia,Bogotá D.C.,Bronce,False,True,True,0,0,0.0,32,6,6,True
18646,Colombia,Medellín,Bronce,False,False,True,1,0,0.0,11,2,9,True
18647,Chile,—,Bronce,False,False,True,3,2,986.0,14,4,3,True
18648,México,—,Plata,True,False,False,8,6,3436.0,11,18,6,False
18649,Colombia,Barranquilla,Bronce,True,False,True,1,0,0.0,30,14,8,False
18650,Colombia,Bogotá D.C.,Bronce,False,False,True,2,1,357.0,51,9,9,False
18651,Ecuador,—,Bronce,False,False,True,0,0,0.0,101,3,7,True
18652,Perú,—,Bronce,True,True,True,1,0,0.0,14,1,10,True
18653,Colombia,Cúcuta,Bronce,False,False,False,1,0,0.0,11,0,8,True
18654,Ecuador,—,Bronce,True,False,True,0,0,0.0,20,5,9,True
18655,Colombia,Bucaramanga,Bronce,False,False,False,0,0,0.0,26,4,8,True
18656,Colombia,Bogotá D.C.,Plata,False,False,True,10,7,3266.0,85,1,10,True
18657,Colombia,Medellín,Bronce,True,False,True,3,2,954.0,2,18,4,False
18658,Colombia,Bogotá D.C.,Bronce,True,True,True,1,0,0.0,56,4,8,True
18659,México,—,Bronce,False,False,False,1,0,0.0,1,2,10,True
18660,Colombia,Barranquilla,Bronce,True,False,True,1,0,0.0,32,11,6,False
18661,Colombia,Ibagué,Plata,False,False,True,8,6,2945.0,21,15,5,False
18662,Uruguay,—,Bronce,False,False,True,0,0,0.0,30,1,10,True
18663,Colombia,Sincelejo,Plata,True,False,False,11,7,3665.0,21,5,6,True
18664,México,—,Bronce,True,True,True,0,0,0.0,9,6,8,True
18665,México,—,Bronce,False,False,True,0,0,0.0,42,4,8,True
18666,Colombia,Medellín,Bronce,True,True,True,1,0,0.0,69,9,10,False
18667,Colombia,Cúcuta,Bronce,False,True,True,1,0,0.0,41,4,5,True
18668,Colombia,Villavicencio,Bronce,True,False,True,1,0,0.0,15,2,9,True
18669,Colombia,Bogotá D.C.,Bronce,False,True,False,0,0,0.0,20,2,4,True
18670,Ecuador,—,Plata,True,False,True,12,7,4061.0,82,4,7,True
18671,Colombia,Medellín,Bronce,True,False,False,1,0,0.0,15,3,9,True
18672,Colombia,Bogotá D.C.,Bronce,True,False,True,0,0,0.0,19,5,4,True
18673,Colombia,Bogotá D.C.,Bronce,False,True,False,0,0,0.0,9,0,8,True
18674,Colombia,Cali,Bronce,False,False,False,0,0,0.0,35,10,6,False
18675,México,—,Bronce,False,False,True,1,0,0.0,89,0,8,True
18676,Colombia,Barranquilla,Bronce,True,False,True,7,4,2206.0,40,6,9,True
18677,Colombia,Bucaramanga,Bronce,True,True,True,2,1,489.0,36,4,5,True
18678,México,—,Bronce,False,True,False,0,0,0.0,53,19,5,False
18679,México,—,Bronce,True,True,True,4,3,1057.0,17,3,4,True
18680,México,—,Bronce,False,False,False,0,0,0.0,43,18,3,False
18681,Colombia,Otras ciudades,Bronce,True,True,True,4,3,1595.0,70,0,9,True
18682,Colombia,Villavicencio,Bronce,False,False,True,2,1,528.0,7,0,9,True
18683,Colombia,Bucaramanga,Bronce,True,False,True,3,1,544.0,53,14,10,False
18684,Colombia,Villavicencio,Bronce,False,False,False,0,0,0.0,5,0,7,True
18685,Colombia,Bogotá D.C.,Plata,False,False,True,14,9,3978.0,8,23,10,False
18686,Colombia,Barranquilla,Bronce,False,True,True,0,0,0.0,78,3,7,True
18687,Ecuador,—,Bronce,True,True,True,3,1,404.0,56,1,8,True
18688,Perú,—,Bronce,False,False,True,0,0,0.0,24,2,10,True
18689,Colombia,Otras ciudades,Bronce,True,False,True,2,1,619.0,140,4,7,True
18690,Colombia,Cali,Bronce,False,False,False,0,0,0.0,26,2,8,True
18691,Colombia,Cali,Bronce,True,True,True,4,3,1985.0,67,7,9,False
18692,Colombia,Bogotá D.C.,Bronce,True,False,True,0,0,0.0,3,3,10,True
18693,Colombia,Medellín,Bronce,False,False,True,0,0,0.0,63,7,10,False
18694,México,—,Bronce,False,True,True,1,0,0.0,7,7,7,False
18695,Colombia,Bogotá D.C.,Bronce,True,False,True,1,0,0.0,17,4,8,True
18696,Colombia,Sincelejo,Oro,False,False,False,41,29,15451.0,29,2,7,True
18697,Colombia,Medellín,Bronce,True,True,False,1,0,0.0,19,12,8,False
18698,Colombia,Otras ciudades,Bronce,True,True,True,0,0,0.0,18,6,10,True
18699,Uruguay,—,Plata,True,True,True,11,6,2520.0,56,4,7,True
18700,Colombia,Medellín,Bronce,True,False,True,1,0,0.0,32,6,7,True
18701,México,—,Bronce,False,False,True,0,0,0.0,19,9,8,False
18702,Ecuador,—,Bronce,True,False,False,2,1,422.0,38,8,7,False
18703,Perú,—,Bronce,True,False,False,1,0,0.0,61,10,10,False
18704,México,—,Bronce,False,False,True,1,0,0.0,9,16,8,False
18705,Colombia,Bogotá D.C.,Bronce,False,True,True,1,0,0.0,15,11,8,False
18706,Colombia,Armenia,Plata,True,False,True,15,9,4256.0,57,5,8,True
18707,Colombia,Cali,Plata,False,True,False,11,8,4234.0,42,2,9,True
18708,Ecuador,—,Bronce,False,False,True,7,5,2799.0,37,5,10,True
18709,Colombia,Cúcuta,Bronce,False,True,False,2,1,367.0,19,23,8,False
18710,Colombia,Bogotá D.C.,Bronce,False,False,True,0,0,0.0,21,14,0,False
18711,Colombia,Santa Marta,Bronce,False,True,True,0,0,0.0,32,8,5,False
18712,México,—,Bronce,True,False,True,0,0,0.0,19,0,6,True
18713,México,—,Bronce,False,True,True,1,0,0.0,16,4,10,True
18714,Colombia,Bogotá D.C.,Bronce,False,False,True,1,0,0.0,31,9,4,False
18715,Colombia,Otras ciudades,Plata,False,False,True,24,19,5935.0,74,8,8,False
18716,Perú,—,Bronce,True,True,True,1,0,0.0,1,20,9,False
18717,México,—,Bronce,True,False,True,0,0,0.0,22,23,10,False
18718,Colombia,Bogotá D.C.,Bronce,False,False,True,0,0,0.0,38,6,10,True
18719,Ecuador,—,Bronce,True,True,True,2,1,347.0,17,21,10,False
18720,Colombia,Medellín,Bronce,False,False,True,6,4,2630.0,2,1,10,True
18721,Colombia,Pereira,Oro,True,False,False,40,33,14859.0,4,4,10,True
18722,Colombia,Otras ciudades,Bronce,True,True,False,7,6,3796.0,8,1,6,True
18723,Colombia,Otras ciudades,Bronce,False,False,True,2,1,581.0,19,5,6,True
18724,Colombia,Medellín,Bronce,False,False,False,0,0,0.0,42,2,6,True
18725,Colombia,Bogotá D.C.,Bronce,True,False,True,1,0,0.0,8,12,7,False
18726,Colombia,Pereira,Bronce,False,True,False,2,1,613.0,51,6,8,True
18727,Colombia,Bogotá D.C.,Bronce,False,False,True,0,0,0.0,9,0,7,True
18728,Perú,—,Bronce,True,False,True,4,2,971.0,11,3,10,True
18729,Perú,—,Bronce,False,False,True,0,0,0.0,138,11,4,False
18730,Ecuador,—,Bronce,False,True,True,1,0,0.0,13,0,10,True
18731,Ecuador,—,Bronce,False,False,True,0,0,0.0,8,21,7,False
18732,Colombia,Cali,Plata,False,False,False,8,5,2403.0,7,5,10,True
18733,Uruguay,—,Bronce,True,False,True,5,3,1019.0,21,5,6,True
18734,Colombia,Cartagena,Bronce,True,True,True,1,0,0.0,10,9,10,False
18735,Colombia,Bogotá D.C.,Bronce,False,False,False,0,0,0.0,7,3,6,True
18736,Uruguay,—,Bronce,True,False,True,0,0,0.0,25,10,6,False
18737,Colombia,Otras ciudades,Bronce,False,False,True,1,0,0.0,11,23,6,False
18738,Colombia,Ibagué,Bronce,False,True,True,7,5,1854.0,24,1,8,True
18739,Colombia,Bogotá D.C.,Plata,False,False,True,9,5,1891.0,19,0,9,True
18740,Colombia,Bucaramanga,Bronce,True,True,True,1,0,0.0,1,2,6,True
18741,Colombia,Bogotá D.C.,Bronce,True,True,True,0,0,0.0,11,4,7,True
18742,Perú,—,Bronce,True,True,True,4,2,726.0,20,8,7,False
18743,México,—,Bronce,True,False,False,5,3,2302.0,34,0,10,True
18744,México,—,Plata,True,False,True,15,8,4056.0,7,5,9,True
18745,México,—,Plata,False,False,True,18,12,5302.0,27,3,10,True
18746,México,—,Bronce,True,True,True,0,0,0.0,16,4,8,True
18747,México,—,Bronce,True,True,True,1,0,0.0,6,22,10,False
18748,México,—,Plata,True,False,False,21,13,4654.0,11,16,10,False
18749,Perú,—,Bronce,True,False,True,1,0,0.0,8,6,8,True
18750,Colombia,Bogotá D.C.,Bronce,False,False,True,2,1,418.0,22,6,6,True
18751,Perú,—,Plata,False,False,False,14,9,4846.0,50,8,9,False
18752,Colombia,Pereira,Bronce,False,False,True,2,1,362.0,76,6,8,True
18753,Perú,—,Bronce,False,True,False,0,0,0.0,26,2,8,True
18754,Colombia,Montería,Bronce,True,False,True,7,5,2880.0,127,16,9,False
18755,Perú,—,Bronce,False,False,True,0,0,0.0,38,9,5,False
18756,México,—,Bronce,False,True,True,0,0,0.0,40,0,7,True
18757,Colombia,Bogotá D.C.,Bronce,False,False,True,3,2,1067.0,4,12,7,False
18758,Colombia,Bogotá D.C.,Bronce,False,False,True,0,0,0.0,22,5,10,True
18759,Colombia,Bogotá D.C.,Bronce,True,True,True,4,2,724.0,52,0,7,True
18760,Colombia,Ibagué,Bronce,True,False,True,3,1,330.0,30,7,7,False
18761,Chile,—,Bronce,False,False,True,6,4,1342.0,1,2,9,True
18762,Colombia,Ibagué,Bronce,False,False,True,1,0,0.0,15,4,5,True
18763,Colombia,Bogotá D.C.,Bronce,True,True,True,0,0,0.0,5,7,8,False
18764,Colombia,Bogotá D.C.,Bronce,False,True,True,4,3,1155.0,44,4,8,True
18765,Colombia,Bogotá D.C.,Bronce,False,False,True,1,0,0.0,10,0,7,True
18766,Perú,—,Bronce,False,False,True,3,2,1458.0,41,9,6,False
18767,México,—,Bronce,False,True,True,6,4,1305.0,36,2,6,True
18768,México,—,Bronce,False,False,True,0,0,0.0,39,8,3,False
18769,México,—,Bronce,True,False,True,0,0,0.0,57,2,8,True
18770,Colombia,Cali,Bronce,False,True,True,2,1,414.0,4,2,10,True
18771,Colombia,Cali,Bronce,True,False,True,2,1,674.0,44,11,9,False
18772,México,—,Oro,True,False,True,40,28,16748.0,36,6,4,True
18773,Uruguay,—,Bronce,True,False,True,2,1,393.0,11,3,9,True
18774,Colombia,Barranquilla,Bronce,True,False,False,5,4,1757.0,28,9,9,False
18775,Uruguay,—,Bronce,True,False,True,1,0,0.0,36,4,9,True
18776,Colombia,Medellín,Plata,True,False,False,11,9,4420.0,32,3,9,True
18777,Colombia,Bogotá D.C.,Bronce,False,True,True,2,1,350.0,11,2,8,True
18778,Colombia,Valledupar,Bronce,False,False,True,2,1,594.0,90,2,7,True
18779,Colombia,Cúcuta,Bronce,False,False,True,1,0,0.0,52,5,10,True
18780,Colombia,Medellín,Plata,False,False,True,9,6,2915.0,34,0,10,True
18781,Colombia,Medellín,Bronce,False,False,True,5,3,866.0,16,1,8,True
18782,Colombia,Bogotá D.C.,Bronce,True,False,True,0,0,0.0,28,2,7,True
18783,Ecuador,—,Bronce,True,False,False,0,0,0.0,32,3,8,True
18784,Colombia,Villavicencio,Plata,True,True,False,20,18,6816.0,43,5,5,True
18785,Colombia,Bogotá D.C.,Bronce,True,False,True,5,4,1087.0,14,15,9,False
18786,México,—,Bronce,False,False,True,0,0,0.0,91,5,6,True
18787,Colombia,Bogotá D.C.,Plata,False,False,True,8,7,3804.0,29,12,5,False
18788,México,—,Bronce,True,False,True,2,1,522.0,21,9,7,False
18789,Colombia,Otras ciudades,Plata,False,True,True,9,6,2538.0,1,5,6,True
18790,México,—,Bronce,False,False,True,1,0,0.0,8,1,7,True
18791,México,—,Bronce,True,False,True,1,0,0.0,1,3,5,True
18792,Ecuador,—,Bronce,True,False,True,6,5,2294.0,3,12,10,False
18793,Ecuador,—,Bronce,True,False,True,7,5,2112.0,3,7,7,False
18794,México,—,Plata,False,False,False,15,9,5622.0,28,6,6,True
18795,Ecuador,—,Bronce,False,False,True,2,1,364.0,12,1,4,True
18796,Colombia,Bucaramanga,Plata,True,False,True,8,5,2471.0,12,7,8,False
18797,Ecuador,—,Bronce,True,False,True,0,0,0.0,48,2,8,True
18798,Colombia,Cali,Bronce,False,True,True,1,0,0.0,126,3,8,True
18799,Ecuador,—,Bronce,True,True,False,0,0,0.0,21,22,10,False
18800,México,—,Bronce,True,False,False,0,0,0.0,2,13,7,False
18801,Colombia,Bogotá D.C.,Bronce,True,False,True,7,5,2495.0,15,8,8,False
18802,Uruguay,—,Bronce,False,False,False,3,1,446.0,97,35,6,False
18803,Colombia,Ibagué,Platino,True,True,True,130,84,41815.0,21,8,6,False
18804,Colombia,Medellín,Bronce,True,False,False,3,2,1057.0,29,3,10,True
18805,Colombia,Barranquilla,Bronce,False,False,True,1,0,0.0,36,0,9,True
18806,Colombia,Bogotá D.C.,Bronce,True,True,True,2,1,439.0,26,5,9,True
18807,Colombia,Bogotá D.C.,Plata,False,True,False,12,7,3584.0,9,5,8,True
18808,México,—,Bronce,True,True,True,3,1,385.0,14,7,8,False
18809,Colombia,Ibagué,Bronce,True,True,True,1,0,0.0,91,2,4,True
18810,Uruguay,—,Bronce,False,False,True,0,0,0.0,11,5,6,True
18811,Colombia,Cartagena,Bronce,False,False,False,3,1,503.0,23,1,9,True
18812,Perú,—,Bronce,False,False,False,1,0,0.0,21,8,7,False
18813,Colombia,Pereira,Bronce,True,True,True,4,3,1561.0,8,3,3,True
18814,Colombia,Otras ciudades,Plata,True,False,True,19,15,7619.0,106,15,8,False
18815,Colombia,Otras ciudades,Bronce,True,False,True,2,1,776.0,22,5,4,True
18816,Colombia,Bogotá D.C.,Bronce,False,False,False,4,3,1298.0,43,1,3,True
18817,México,—,Plata,False,False,False,9,5,2487.0,64,1,9,True
18818,Colombia,Pereira,Bronce,True,True,True,2,1,625.0,29,14,8,False
18819,México,—,Bronce,True,False,False,1,0,0.0,58,0,9,True
18820,Colombia,Popayán,Bronce,False,True,False,0,0,0.0,8,10,10,False
18821,México,—,Bronce,False,True,True,1,0,0.0,14,4,8,True
18822,Colombia,Medellín,Bronce,False,False,True,0,0,0.0,13,5,4,True
18823,Colombia,Bogotá D.C.,Bronce,False,False,True,7,5,1558.0,29,2,5,True
18824,México,—,Bronce,False,False,False,6,4,2100.0,77,1,6,True
18825,Colombia,Bogotá D.C.,Bronce,False,False,True,1,0,0.0,11,4,10,True
18826,Ecuador,—,Plata,False,False,True,21,12,5451.0,23,0,7,True
18827,Colombia,Barranquilla,Plata,True,True,True,23,14,7146.0,12,12,7,False
18828,Colombia,Bucaramanga,Plata,False,True,False,15,10,5544.0,48,1,6,True
18829,Colombia,Cali,Bronce,False,False,True,0,0,0.0,22,4,7,True
18830,Colombia,Cúcuta,Bronce,True,False,True,0,0,0.0,15,7,9,False
18831,Colombia,Otras ciudades,Bronce,False,True,True,0,0,0.0,27,14,10,False
18832,Colombia,Bogotá D.C.,Bronce,True,False,True,3,2,1340.0,9,3,10,True
18833,México,—,Plata,False,False,False,19,13,6065.0,22,5,6,True
18834,México,—,Bronce,True,False,True,4,3,963.0,25,1,5,True
18835,Colombia,Barranquilla,Bronce,False,False,True,1,0,0.0,26,8,10,False
18836,Colombia,Cartagena,Bronce,True,False,True,3,2,1017.0,63,4,8,True
18837,Colombia,Otras ciudades,Bronce,False,False,True,0,0,0.0,3,0,6,True
18838,Colombia,Otras ciudades,Bronce,False,False,True,3,2,1031.0,91,10,9,False
18839,México,—,Bronce,True,False,True,0,0,0.0,15,12,3,False
18840,Colombia,Bogotá D.C.,Bronce,True,False,True,1,0,0.0,54,13,9,False
18841,Colombia,Otras ciudades,Plata,False,True,False,17,10,5514.0,5,0,10,True
18842,Perú,—,Bronce,False,False,False,1,0,0.0,64,4,10,True
18843,Colombia,Bogotá D.C.,Bronce,True,True,True,0,0,0.0,21,3,8,True
18844,Colombia,Bogotá D.C.,Bronce,False,True,False,1,0,0.0,26,6,4,True
18845,Colombia,Bogotá D.C.,Bronce,False,True,True,4,3,1338.0,55,5,7,True
18846,México,—,Oro,False,True,True,34,21,10525.0,49,1,6,True
18847,Colombia,Medellín,Plata,False,False,True,13,8,4144.0,37,0,7,True
18848,Colombia,Bogotá D.C.,Bronce,False,True,False,0,0,0.0,11,6,10,True
18849,Ecuador,—,Bronce,False,True,True,0,0,0.0,26,1,6,True
18850,Colombia,Bogotá D.C.,Bronce,False,False,True,0,0,0.0,40,8,8,False
18851,México,—,Bronce,False,False,False,0,0,0.0,85,12,9,False
18852,Colombia,Medellín,Bronce,False,True,True,0,0,0.0,13,3,6,True
18853,Perú,—,Bronce,True,False,False,1,0,0.0,6,1,10,True
18854,Colombia,Barranquilla,Bronce,True,False,True,0,0,0.0,4,4,10,True
18855,Colombia,Medellín,Bronce,False,True,False,0,0,0.0,8,1,3,True
18856,México,—,Bronce,False,False,True,0,0,0.0,7,20,8,False
18857,Chile,—,Bronce,True,False,True,2,1,434.0,41,9,10,False
18858,Colombia,Santa Marta,Oro,False,False,True,48,30,20740.0,14,2,10,True
18859,Colombia,Otras ciudades,Bronce,False,False,True,0,0,0.0,7,15,7,False
18860,Colombia,Pereira,Bronce,True,False,True,1,0,0.0,3,5,10,True
18861,Colombia,Bogotá D.C.,Plata,False,False,False,12,9,3646.0,49,1,7,True
18862,Ecuador,—,Oro,True,True,True,32,21,9982.0,5,5,5,True
18863,Colombia,Neiva,Bronce,True,False,True,5,3,980.0,8,7,7,False
18864,Ecuador,—,Bronce,False,False,True,0,0,0.0,39,11,9,False
18865,Colombia,Bogotá D.C.,Bronce,False,False,True,2,1,215.0,21,4,5,True
18866,México,—,Bronce,True,False,True,1,0,0.0,30,7,9,False
18867,Colombia,Otras ciudades,Bronce,False,True,True,1,0,0.0,35,14,7,False
18868,Colombia,Medellín,Bronce,False,False,True,0,0,0.0,15,8,10,False
18869,Colombia,Otras ciudades,Bronce,False,False,True,4,2,739.0,43,6,10,True
18870,Colombia,Bogotá D.C.,Bronce,False,False,False,7,6,3427.0,18,0,6,True
18871,Colombia,Bogotá D.C.,Oro,False,False,False,28,18,12589.0,95,1,7,True
18872,México,—,Bronce,False,False,False,3,2,600.0,34,2,10,True
18873,Uruguay,—,Bronce,True,False,True,1,0,0.0,49,8,4,False
18874,Colombia,Medellín,Bronce,False,False,True,2,1,543.0,25,8,8,False
18875,Colombia,Medellín,Bronce,False,False,False,0,0,0.0,18,5,7,True
18876,Uruguay,—,Bronce,True,False,True,5,4,1494.0,13,2,10,True
18877,Colombia,Bogotá D.C.,Bronce,False,False,True,3,2,896.0,46,10,4,False
18878,Uruguay,—,Bronce,False,False,True,0,0,0.0,21,5,7,True
18879,Colombia,Cali,Bronce,True,True,True,5,3,1601.0,21,0,7,True
18880,Colombia,Bogotá D.C.,Bronce,True,False,False,1,0,0.0,11,3,8,True
18881,Colombia,Barranquilla,Bronce,True,True,True,1,0,0.0,18,7,5,False
18882,Colombia,Bogotá D.C.,Bronce,True,True,True,1,0,0.0,8,5,6,True
18883,Colombia,Cartagena,Bronce,False,False,True,1,0,0.0,28,8,9,False
18884,Uruguay,—,Plata,False,True,False,15,9,3937.0,20,0,5,True
18885,México,—,Plata,True,True,False,12,8,4465.0,26,3,9,True
18886,México,—,Bronce,False,False,True,1,0,0.0,18,17,9,False
18887,Colombia,Barranquilla,Bronce,False,False,False,1,0,0.0,55,12,10,False
18888,Colombia,Medellín,Bronce,False,True,True,1,0,0.0,19,4,9,True
18889,Colombia,Sincelejo,Bronce,False,False,False,3,2,1032.0,31,9,5,False
18890,México,—,Bronce,False,True,True,2,1,370.0,37,4,6,True
18891,Perú,—,Bronce,True,False,True,1,0,0.0,31,11,9,False
18892,Colombia,Barranquilla,Bronce,False,False,False,1,0,0.0,7,5,8,True
18893,Colombia,Cúcuta,Platino,False,True,False,77,58,31356.0,33,3,6,True
18894,Colombia,Bucaramanga,Bronce,False,False,True,0,0,0.0,18,1,10,True
18895,Colombia,Montería,Bronce,False,False,True,0,0,0.0,10,3,9,True
18896,Colombia,Otras ciudades,Bronce,False,True,False,0,0,0.0,31,33,5,False
18897,Colombia,Bogotá D.C.,Bronce,False,False,False,2,1,392.0,3,1,7,True
18898,Colombia,Bogotá D.C.,Bronce,False,False,True,0,0,0.0,64,2,7,True
18899,Colombia,Bogotá D.C.,Bronce,True,False,False,6,5,1438.0,82,23,9,False
18900,México,—,Bronce,True,True,True,2,1,444.0,60,0,7,True
18901,México,—,Bronce,False,False,True,0,0,0.0,10,4,5,True
18902,Colombia,Bogotá D.C.,Bronce,False,False,True,3,1,471.0,60,3,10,True
18903,Colombia,Bogotá D.C.,Bronce,False,True,True,0,0,0.0,44,1,10,True
18904,Uruguay,—,Bronce,False,False,False,2,1,378.0,28,3,8,True
18905,Colombia,Bogotá D.C.,Bronce,True,False,False,0,0,0.0,34,0,9,True
18906,Colombia,Sincelejo,Plata,False,False,True,11,9,1512.0,51,4,8,True
18907,Colombia,Cartagena,Bronce,False,False,True,1,0,0.0,60,11,7,False
18908,Perú,—,Bronce,False,True,True,6,5,1581.0,13,0,7,True
18909,Perú,—,Bronce,True,False,True,7,6,2699.0,32,2,9,True
18910,México,—,Bronce,False,False,True,0,0,0.0,9,2,6,True
18911,Colombia,Bogotá D.C.,Bronce,False,False,True,0,0,0.0,14,11,6,False
18912,Colombia,Bogotá D.C.,Bronce,True,True,True,0,0,0.0,31,1,6,True
18913,Colombia,Cali,Bronce,True,True,True,0,0,0.0,7,19,7,False
18914,México,—,Bronce,False,False,True,0,0,0.0,28,3,6,True
18915,Colombia,Medellín,Bronce,True,False,True,1,0,0.0,48,1,10,True
18916,Colombia,Bogotá D.C.,Platino,True,True,True,61,41,22124.0,49,2,4,True
18917,Ecuador,—,Bronce,True,False,False,1,0,0.0,28,4,4,True
18918,Colombia,Bogotá D.C.,Plata,True,False,True,10,6,2687.0,41,10,6,False
18919,Colombia,Bogotá D.C.,Bronce,False,False,True,6,3,1774.0,35,1,7,True
18920,Colombia,Cúcuta,Bronce,False,True,True,0,0,0.0,22,2,9,True
18921,Colombia,Otras ciudades,Bronce,False,False,True,0,0,0.0,40,3,7,True
18922,México,—,Bronce,False,False,True,1,0,0.0,14,0,9,True
18923,Colombia,Bogotá D.C.,Bronce,False,False,False,1,0,0.0,16,2,3,True
18924,Ecuador,—,Bronce,True,False,True,2,1,520.0,41,2,5,True
18925,Colombia,Bogotá D.C.,Bronce,True,False,True,0,0,0.0,5,4,7,True
18926,Colombia,Medellín,Plata,False,True,True,11,6,2868.0,24,5,8,True
18927,Colombia,Medellín,Bronce,True,False,True,1,0,0.0,9,2,8,True
18928,Colombia,Cali,Bronce,False,True,True,2,1,374.0,24,8,6,False
18929,México,—,Plata,True,True,True,11,7,4023.0,15,0,9,True
18930,México,—,Bronce,True,False,True,3,2,1073.0,2,7,4,False
18931,Colombia,Barranquilla,Bronce,True,True,False,4,2,1210.0,18,4,2,True
18932,Colombia,Pereira,Bronce,False,False,False,4,3,1329.0,13,2,6,True
18933,Colombia,Otras ciudades,Plata,True,False,True,8,5,2779.0,40,0,6,True
18934,Colombia,Medellín,Bronce,True,True,True,6,5,2460.0,13,5,6,True
18935,Chile,—,Bronce,False,True,True,5,2,994.0,63,8,8,False
18936,Perú,—,Bronce,False,False,True,0,0,0.0,9,3,7,True
18937,Colombia,Bogotá D.C.,Bronce,True,True,True,0,0,0.0,32,8,10,False
18938,Colombia,Medellín,Bronce,True,True,True,0,0,0.0,7,20,4,False
18939,Colombia,Otras ciudades,Bronce,True,False,True,0,0,0.0,45,0,8,True
18940,Colombia,Cali,Bronce,True,False,True,1,0,0.0,32,4,10,True
18941,Colombia,Cali,Bronce,False,False,True,1,0,0.0,12,4,8,True
18942,Colombia,Santa Marta,Bronce,False,True,False,1,0,0.0,4,8,10,False
18943,Ecuador,—,Bronce,True,False,True,0,0,0.0,35,10,7,False
18944,Colombia,Otras ciudades,Bronce,False,False,True,1,0,0.0,104,7,6,False
18945,Colombia,Barranquilla,Bronce,True,False,True,1,0,0.0,1,1,8,True
18946,Colombia,Cali,Plata,False,False,True,24,17,9002.0,45,4,4,True
18947,México,—,Bronce,False,False,True,0,0,0.0,32,13,8,False
18948,Ecuador,—,Bronce,True,False,True,5,2,1162.0,22,3,8,True
18949,Colombia,Cartagena,Plata,False,False,True,13,8,3866.0,43,2,6,True
18950,Colombia,Cali,Bronce,False,True,True,4,2,1103.0,27,7,8,False
18951,Ecuador,—,Bronce,True,False,True,1,0,0.0,49,3,4,True
18952,Colombia,Bogotá D.C.,Bronce,False,True,True,1,0,0.0,22,6,9,True
18953,México,—,Bronce,True,False,True,0,0,0.0,20,13,7,False
18954,México,—,Bronce,True,False,True,1,0,0.0,10,6,5,True
18955,Colombia,Bogotá D.C.,Bronce,True,True,True,2,1,591.0,76,16,3,False
18956,Colombia,Medellín,Bronce,False,False,True,0,0,0.0,58,4,10,True
18957,Ecuador,—,Bronce,True,False,True,0,0,0.0,26,7,6,False
18958,Colombia,Bogotá D.C.,Bronce,False,False,False,1,0,0.0,51,5,9,True
18959,Colombia,Medellín,Plata,True,False,True,22,16,7926.0,63,2,9,True
18960,Colombia,Bogotá D.C.,Bronce,True,False,False,0,0,0.0,10,12,7,False
18961,Colombia,Villavicencio,Bronce,False,False,True,0,0,0.0,11,0,6,True
18962,Colombia,Barranquilla,Bronce,True,False,True,0,0,0.0,3,4,9,True
18963,México,—,Bronce,True,False,True,0,0,0.0,15,5,9,True
18964,Colombia,Bogotá D.C.,Bronce,False,False,False,1,0,0.0,5,1,4,True
18965,Chile,—,Bronce,True,False,True,1,0,0.0,32,7,6,False
18966,Colombia,Cali,Bronce,False,False,False,3,2,908.0,68,8,10,False
18967,Perú,—,Oro,True,False,False,57,35,16388.0,22,5,10,True
18968,México,—,Bronce,True,False,True,0,0,0.0,4,14,9,False
18969,Colombia,Bogotá D.C.,Bronce,False,True,True,1,0,0.0,10,3,7,True
18970,Colombia,Cali,Bronce,False,False,True,0,0,0.0,32,3,9,True
18971,Colombia,Bogotá D.C.,Bronce,True,False,True,1,0,0.0,37,22,6,False
18972,Ecuador,—,Bronce,False,False,True,1,0,0.0,7,4,7,True
18973,México,—,Bronce,True,False,True,0,0,0.0,4,4,10,True
18974,Colombia,Bogotá D.C.,Bronce,True,False,True,0,0,0.0,14,0,7,True
18975,Colombia,Medellín,Plata,False,True,True,16,13,5968.0,3,7,7,False
18976,Colombia,Bogotá D.C.,Oro,False,True,True,37,27,17972.0,11,7,10,False
18977,Colombia,Bogotá D.C.,Bronce,False,False,True,3,2,1078.0,24,9,7,False
18978,Colombia,Medellín,Bronce,True,False,True,0,0,0.0,6,1,10,True
18979,Colombia,Bogotá D.C.,Plata,True,False,False,8,5,2711.0,47,0,10,True
18980,Colombia,Bogotá D.C.,Plata,False,False,False,8,5,3015.0,13,6,1,True
18981,Colombia,Villavicencio,Bronce,True,False,True,3,2,694.0,16,0,4,True
18982,México,—,Bronce,False,False,True,4,2,1173.0,83,10,10,False
18983,México,—,Bronce,False,True,False,0,0,0.0,27,10,9,False
18984,México,—,Bronce,False,False,True,2,1,727.0,4,3,2,True
18985,México,—,Bronce,False,True,False,7,4,1722.0,22,14,8,False
18986,Colombia,Cúcuta,Bronce,False,True,True,1,0,0.0,29,3,10,True
18987,Ecuador,—,Bronce,True,False,False,1,0,0.0,45,13,8,False
18988,Ecuador,—,Bronce,False,True,True,4,2,1257.0,78,23,8,False
18989,Colombia,Bogotá D.C.,Bronce,False,True,True,3,2,1014.0,22,12,9,False
18990,Colombia,Barranquilla,Bronce,False,True,True,0,0,0.0,31,2,7,True
18991,México,—,Bronce,True,True,True,7,4,1968.0,34,10,7,False
18992,Colombia,Bucaramanga,Bronce,False,True,True,1,0,0.0,37,9,6,False
18993,Ecuador,—,Bronce,True,True,True,4,2,1140.0,5,6,6,True
18994,Colombia,Cartagena,Plata,True,False,True,8,6,3480.0,27,11,9,False
18995,Colombia,Villavicencio,Plata,True,False,False,23,21,10486.0,21,1,4,True
18996,Colombia,Bogotá D.C.,Bronce,True,False,True,1,0,0.0,39,3,4,True
18997,Colombia,Medellín,Bronce,True,False,True,0,0,0.0,38,2,10,True
18998,México,—,Bronce,True,False,True,3,2,1373.0,25,5,8,True
18999,México,—,Plata,False,False,True,17,11,5137.0,27,11,6,False
19000,Ecuador,—,Bronce,False,True,False,0,0,0.0,30,14,8,False
19001,Colombia,Medellín,Bronce,False,False,True,4,3,1811.0,16,6,7,True
19002,Colombia,Cali,Bronce,False,True,True,0,0,0.0,60,1,7,True
19003,Chile,—,Bronce,True,False,False,1,0,0.0,58,5,8,True
19004,Colombia,Bogotá D.C.,Bronce,True,True,True,1,0,0.0,16,5,10,True
19005,Colombia,Bucaramanga,Bronce,False,False,True,4,2,668.0,39,0,5,True
19006,Colombia,Ibagué,Bronce,False,True,False,3,2,1168.0,96,3,5,True
19007,México,—,Bronce,True,False,True,0,0,0.0,21,6,10,True
19008,Colombia,Medellín,Bronce,False,False,True,6,4,2265.0,27,1,6,True
19009,Colombia,Cali,Plata,False,False,True,9,5,2400.0,1,6,9,True
19010,Colombia,Bucaramanga,Oro,False,False,True,26,18,10054.0,45,26,10,False
19011,Colombia,Bogotá D.C.,Bronce,True,False,True,0,0,0.0,17,1,9,True
19012,Colombia,Otras ciudades,Bronce,False,False,True,1,0,0.0,7,13,7,False
19013,Ecuador,—,Bronce,False,False,True,0,0,0.0,18,0,5,True
19014,Uruguay,—,Platino,True,False,True,100,64,32416.0,36,23,8,False
19015,Colombia,Bogotá D.C.,Bronce,False,False,True,7,6,2915.0,46,1,6,True
19016,Ecuador,—,Bronce,True,False,True,1,0,0.0,14,9,7,False
19017,Colombia,Cartagena,Bronce,False,False,False,2,1,513.0,15,2,10,True
19018,Perú,—,Bronce,True,False,True,1,0,0.0,106,7,7,False
19019,Colombia,Bogotá D.C.,Bronce,True,True,True,1,0,0.0,67,9,5,False
19020,Colombia,Neiva,Bronce,True,True,True,3,2,1020.0,13,4,3,True
19021,Colombia,Otras ciudades,Bronce,False,True,False,4,3,1778.0,9,8,10,False
19022,México,—,Bronce,False,False,True,0,0,0.0,13,3,5,True
19023,Colombia,Cali,Bronce,False,False,True,6,4,2232.0,50,3,8,True
19024,Colombia,Bogotá D.C.,Bronce,False,False,True,0,0,0.0,8,1,7,True
19025,Colombia,Cali,Plata,False,False,True,9,7,3191.0,32,6,5,True
19026,Colombia,Bogotá D.C.,Plata,True,False,True,9,6,3288.0,17,8,7,False
19027,Ecuador,—,Bronce,True,False,False,1,0,0.0,41,2,7,True
19028,Colombia,Bogotá D.C.,Bronce,True,False,False,5,3,1700.0,17,15,8,False
19029,Perú,—,Bronce,True,False,True,5,4,2327.0,42,6,7,True
19030,México,—,Bronce,True,False,True,0,0,0.0,12,11,10,False
19031,Colombia,Medellín,Bronce,False,False,True,1,0,0.0,12,11,7,False
19032,Uruguay,—,Bronce,True,True,True,1,0,0.0,56,2,10,True
19033,México,—,Bronce,False,False,False,0,0,0.0,67,9,9,False
19034,Perú,—,Bronce,True,False,False,0,0,0.0,37,12,9,False
19035,Colombia,Bogotá D.C.,Bronce,True,False,False,0,0,0.0,66,4,8,True
19036,Colombia,Barranquilla,Plata,False,False,True,19,13,6368.0,12,5,6,True
19037,Colombia,Sincelejo,Plata,False,True,True,8,7,4258.0,38,6,6,True
19038,Perú,—,Bronce,True,False,True,2,1,675.0,13,0,10,True
19039,Perú,—,Bronce,False,True,True,4,3,1446.0,7,1,10,True
19040,México,—,Plata,True,False,True,15,9,4331.0,15,6,10,True
19041,Colombia,Bogotá D.C.,Bronce,False,True,True,0,0,0.0,26,8,9,False
19042,Colombia,Bucaramanga,Bronce,False,False,True,0,0,0.0,19,2,10,True
19043,Uruguay,—,Bronce,False,False,True,1,0,0.0,28,2,8,True
19044,Colombia,Cartagena,Bronce,False,True,True,7,6,3682.0,72,2,8,True
19045,Ecuador,—,Bronce,True,False,True,0,0,0.0,35,14,8,False
19046,Ecuador,—,Bronce,True,True,True,1,0,0.0,2,4,5,True
19047,Colombia,Cali,Bronce,False,True,True,3,2,939.0,50,3,5,True
19048,Colombia,Cali,Plata,True,True,True,12,10,3778.0,17,4,7,True
19049,Colombia,Popayán,Bronce,True,False,True,0,0,0.0,23,4,7,True
19050,Colombia,Bogotá D.C.,Bronce,True,True,True,1,0,0.0,1,9,9,False
19051,Colombia,Bogotá D.C.,Bronce,True,False,True,0,0,0.0,18,14,6,False
19052,Colombia,Otras ciudades,Bronce,False,False,True,0,0,0.0,47,2,6,True
19053,Colombia,Medellín,Bronce,False,False,False,0,0,0.0,83,6,9,True
19054,Colombia,Barranquilla,Bronce,True,True,False,7,4,2785.0,78,2,5,True
19055,Colombia,Bogotá D.C.,Bronce,True,False,True,0,0,0.0,56,3,8,True
19056,Colombia,Cali,Bronce,True,False,True,6,3,1801.0,25,9,10,False
19057,Colombia,Medellín,Bronce,True,True,True,0,0,0.0,30,0,8,True
19058,Colombia,Bucaramanga,Bronce,True,True,True,0,0,0.0,10,2,9,True
19059,Colombia,Barranquilla,Bronce,False,False,True,1,0,0.0,10,2,7,True
19060,Colombia,Otras ciudades,Oro,False,False,True,28,22,7831.0,11,1,6,True
19061,Colombia,Bogotá D.C.,Bronce,True,False,True,0,0,0.0,10,3,8,True
19062,Colombia,Bogotá D.C.,Bronce,False,False,True,0,0,0.0,4,1,9,True
19063,Colombia,Bogotá D.C.,Bronce,False,False,False,0,0,0.0,18,0,8,True
19064,México,—,Bronce,False,False,False,1,0,0.0,17,4,5,True
19065,Colombia,Cali,Bronce,False,False,True,0,0,0.0,81,2,10,True
19066,Colombia,Medellín,Plata,False,False,True,11,10,4650.0,15,6,7,True
19067,México,—,Plata,True,False,True,9,6,3895.0,40,3,5,True
19068,México,—,Bronce,False,False,False,0,0,0.0,3,2,5,True
19069,México,—,Bronce,True,False,True,1,0,0.0,30,2,4,True
19070,Colombia,Ibagué,Bronce,False,True,True,2,1,550.0,3,6,7,True
19071,Colombia,Santa Marta,Bronce,True,False,False,3,2,1200.0,50,16,6,False
19072,Ecuador,—,Bronce,False,False,True,5,4,1392.0,12,2,8,True
19073,Colombia,Medellín,Bronce,True,False,True,1,0,0.0,30,4,9,True
19074,Ecuador,—,Bronce,False,True,True,0,0,0.0,81,13,7,False
19075,Colombia,Otras ciudades,Bronce,False,False,True,1,0,0.0,67,14,8,False
19076,México,—,Plata,True,True,True,23,15,7583.0,47,15,5,False
19077,Colombia,Bogotá D.C.,Bronce,True,False,True,4,3,1793.0,10,1,0,True
19078,México,—,Bronce,False,False,True,0,0,0.0,33,3,6,True
19079,México,—,Bronce,False,False,False,0,0,0.0,18,2,10,True
19080,Colombia,Medellín,Bronce,False,True,True,1,0,0.0,57,0,7,True
19081,Colombia,Cúcuta,Bronce,False,True,True,5,3,1857.0,13,3,10,True
19082,Colombia,Manizales,Bronce,True,False,True,2,1,433.0,6,10,8,False
19083,Colombia,Ibagué,Bronce,False,False,True,0,0,0.0,48,3,10,True
19084,Ecuador,—,Bronce,False,False,True,1,0,0.0,22,1,10,True
19085,Colombia,Cali,Bronce,False,False,False,0,0,0.0,19,4,8,True
19086,Colombia,Cali,Bronce,False,False,False,1,0,0.0,22,7,10,False
19087,Colombia,Ibagué,Bronce,False,False,True,1,0,0.0,5,3,10,True
19088,Colombia,Pereira,Bronce,False,True,True,1,0,0.0,30,11,6,False
19089,México,—,Bronce,True,True,False,4,3,695.0,8,7,10,False
19090,Ecuador,—,Bronce,True,False,True,0,0,0.0,19,0,4,True
19091,México,—,Bronce,False,False,True,5,3,1283.0,53,5,9,True
19092,Colombia,Otras ciudades,Bronce,True,False,True,2,1,507.0,15,20,7,False
19093,México,—,Bronce,True,False,False,1,0,0.0,10,5,5,True
19094,Perú,—,Bronce,False,False,True,1,0,0.0,49,0,8,True
19095,Ecuador,—,Bronce,False,False,True,2,1,396.0,10,6,5,True
19096,Colombia,Bucaramanga,Bronce,True,False,False,3,2,1414.0,28,6,9,True
19097,Perú,—,Bronce,False,False,True,2,1,448.0,29,5,7,True
19098,Colombia,Manizales,Bronce,True,False,True,1,0,0.0,30,8,9,False
19099,Colombia,Barranquilla,Bronce,False,False,True,1,0,0.0,50,4,8,True
19100,Colombia,Bogotá D.C.,Plata,False,False,True,11,6,3242.0,5,15,5,False
19101,Colombia,Cali,Bronce,False,True,True,0,0,0.0,17,11,5,False
19102,Chile,—,Bronce,False,False,True,0,0,0.0,20,3,7,True
19103,Colombia,Bucaramanga,Plata,False,False,True,9,8,4063.0,34,2,10,True
19104,Colombia,Pereira,Bronce,False,False,True,4,3,1507.0,23,28,9,False
19105,Ecuador,—,Plata,True,False,True,14,11,6876.0,39,2,4,True
19106,Colombia,Cartagena,Bronce,False,False,True,0,0,0.0,31,5,10,True
19107,Colombia,Ibagué,Bronce,False,False,False,2,1,413.0,60,0,8,True
19108,Colombia,Manizales,Bronce,False,True,True,0,0,0.0,29,2,9,True
19109,Colombia,Medellín,Bronce,True,False,True,2,1,558.0,11,8,7,False
19110,México,—,Bronce,False,False,True,3,1,562.0,57,5,8,True
19111,Perú,—,Bronce,True,True,True,1,0,0.0,16,11,6,False
19112,Colombia,Bogotá D.C.,Bronce,False,True,True,0,0,0.0,12,1,10,True
19113,Colombia,Otras ciudades,Bronce,True,True,True,1,0,0.0,9,18,7,False
19114,México,—,Bronce,False,True,True,3,2,1135.0,37,1,10,True
19115,México,—,Bronce,True,False,True,5,3,1175.0,63,2,6,True
19116,Chile,—,Oro,False,False,True,54,46,11992.0,25,2,7,True
19117,Colombia,Valledupar,Bronce,True,False,True,2,1,678.0,1,9,9,False
19118,Perú,—,Plata,True,False,True,16,11,7303.0,27,4,10,True
19119,Colombia,Medellín,Bronce,False,True,True,0,0,0.0,21,2,4,True
19120,Colombia,Cali,Plata,True,False,True,8,6,2718.0,14,9,10,False
19121,Colombia,Cartagena,Bronce,False,False,True,1,0,0.0,34,10,8,False
19122,Colombia,Bogotá D.C.,Bronce,False,False,False,1,0,0.0,2,6,8,True
19123,Colombia,Otras ciudades,Oro,False,False,True,25,22,11811.0,12,10,5,False
19124,Colombia,Ibagué,Bronce,False,True,True,2,1,476.0,61,0,7,True
19125,Colombia,Bogotá D.C.,Bronce,False,False,True,1,0,0.0,27,8,8,False
19126,México,—,Bronce,False,False,True,5,4,1695.0,12,1,4,True
19127,Perú,—,Bronce,False,False,False,0,0,0.0,101,1,8,True
19128,Colombia,Bogotá D.C.,Bronce,False,False,False,0,0,0.0,14,6,5,True
19129,Colombia,Bogotá D.C.,Bronce,False,False,False,5,4,2424.0,12,3,10,True
19130,Perú,—,Bronce,False,False,True,1,0,0.0,23,4,4,True
19131,Colombia,Bucaramanga,Bronce,False,False,True,5,3,1521.0,29,10,8,False
19132,Perú,—,Bronce,False,True,True,1,0,0.0,32,2,6,True
19133,Colombia,Bogotá D.C.,Bronce,False,False,True,0,0,0.0,22,10,7,False
19134,Colombia,Bogotá D.C.,Bronce,True,False,False,2,1,488.0,44,0,9,True
19135,Ecuador,—,Bronce,False,False,False,1,0,0.0,14,6,6,True
19136,Colombia,Cali,Bronce,False,False,True,0,0,0.0,33,3,6,True
19137,Ecuador,—,Bronce,False,False,False,2,1,262.0,67,2,2,True
19138,Colombia,Cali,Bronce,True,True,True,1,0,0.0,65,11,9,False
19139,Perú,—,Bronce,False,True,False,2,1,347.0,21,0,6,True
19140,México,—,Bronce,False,False,False,6,5,2275.0,22,4,6,True
19141,Colombia,Bogotá D.C.,Bronce,False,False,True,0,0,0.0,13,5,4,True
19142,México,—,Bronce,True,False,False,6,4,1530.0,31,29,8,False
19143,Colombia,Medellín,Bronce,True,False,True,6,4,2138.0,11,0,10,True
19144,Uruguay,—,Bronce,True,False,True,2,1,477.0,48,10,9,False
19145,Uruguay,—,Bronce,False,True,True,0,0,0.0,28,4,10,True
19146,México,—,Bronce,False,False,True,1,0,0.0,23,1,7,True
19147,Perú,—,Plata,False,False,True,16,12,7182.0,45,2,7,True
19148,México,—,Bronce,False,True,True,0,0,0.0,8,1,9,True
19149,Colombia,Bogotá D.C.,Bronce,True,False,False,0,0,0.0,4,8,4,False
19150,Colombia,Otras ciudades,Bronce,False,True,False,6,5,1062.0,6,4,10,True
19151,Colombia,Cúcuta,Bronce,False,False,True,1,0,0.0,17,0,8,True
19152,Perú,—,Bronce,False,True,True,1,0,0.0,33,4,8,True
19153,Colombia,Cúcuta,Bronce,True,False,False,0,0,0.0,23,1,9,True
19154,México,—,Bronce,False,False,True,0,0,0.0,24,3,5,True
19155,Colombia,Otras ciudades,Bronce,False,False,True,1,0,0.0,9,5,5,True
19156,Perú,—,Bronce,True,False,True,0,0,0.0,83,3,10,True
19157,Uruguay,—,Bronce,False,False,True,2,1,435.0,19,5,9,True
19158,Perú,—,Bronce,False,True,True,5,2,1525.0,1,3,7,True
19159,Colombia,Bogotá D.C.,Bronce,True,False,True,3,2,1049.0,22,8,7,False
19160,Perú,—,Bronce,False,False,True,2,1,509.0,29,18,1,False
19161,México,—,Bronce,True,False,True,3,2,679.0,14,17,10,False
19162,Colombia,Bogotá D.C.,Bronce,True,True,True,0,0,0.0,2,5,7,True
19163,Colombia,Bogotá D.C.,Bronce,True,False,True,0,0,0.0,19,23,7,False
19164,Perú,—,Plata,True,True,True,13,9,5258.0,14,2,9,True
19165,Colombia,Otras ciudades,Bronce,False,False,False,2,1,411.0,10,8,7,False
19166,Colombia,Santa Marta,Bronce,False,False,True,0,0,0.0,12,17,8,False
19167,México,—,Bronce,False,True,True,6,4,2056.0,23,10,5,False
19168,Colombia,Medellín,Bronce,True,False,False,1,0,0.0,15,4,8,True
19169,Colombia,Bogotá D.C.,Bronce,True,False,True,7,5,3085.0,23,9,8,False
19170,México,—,Bronce,False,True,False,6,4,2390.0,10,0,10,True
19171,Colombia,Cúcuta,Bronce,True,True,True,1,0,0.0,49,4,4,True
19172,Colombia,Bogotá D.C.,Bronce,False,True,False,1,0,0.0,40,3,6,True
19173,México,—,Bronce,False,False,True,1,0,0.0,9,0,8,True
19174,Ecuador,—,Bronce,False,False,True,1,0,0.0,21,6,6,True
19175,Colombia,Bogotá D.C.,Bronce,False,False,True,0,0,0.0,81,2,6,True
19176,Colombia,Bogotá D.C.,Bronce,False,False,True,0,0,0.0,12,12,7,False
19177,México,—,Bronce,False,True,True,0,0,0.0,13,1,9,True
19178,Colombia,Bogotá D.C.,Bronce,False,True,True,2,1,381.0,36,4,10,True
19179,Colombia,Barranquilla,Plata,True,False,True,11,6,3516.0,3,5,0,True
19180,Colombia,Otras ciudades,Bronce,False,True,False,0,0,0.0,1,5,7,True
19181,Colombia,Bogotá D.C.,Bronce,False,True,True,0,0,0.0,13,5,7,True
19182,Colombia,Cali,Bronce,False,True,True,0,0,0.0,40,7,10,False
19183,Perú,—,Bronce,True,True,True,1,0,0.0,18,1,4,True
19184,Colombia,Barranquilla,Bronce,False,False,True,3,2,973.0,40,26,5,False
19185,Colombia,Bogotá D.C.,Plata,False,False,True,8,6,4713.0,33,12,10,False
19186,Colombia,Ibagué,Bronce,False,False,True,0,0,0.0,13,18,7,False
19187,Colombia,Bogotá D.C.,Bronce,True,False,True,7,5,2014.0,34,10,8,False
19188,Colombia,Bogotá D.C.,Bronce,False,False,False,0,0,0.0,15,17,7,False
19189,Colombia,Cali,Bronce,False,False,True,1,0,0.0,20,15,10,False
19190,Colombia,Cartagena,Bronce,True,True,True,4,3,1421.0,3,7,8,False
19191,Colombia,Medellín,Bronce,False,False,True,4,2,498.0,12,3,10,True
19192,Colombia,Manizales,Bronce,False,True,True,5,3,1208.0,39,2,10,True
19193,Colombia,Barranquilla,Bronce,False,True,False,1,0,0.0,8,0,6,True
19194,Colombia,Medellín,Platino,True,False,True,73,60,24905.0,17,7,7,False
19195,Colombia,Medellín,Bronce,True,False,False,1,0,0.0,4,11,8,False
19196,México,—,Bronce,True,False,True,0,0,0.0,95,15,4,False
19197,México,—,Bronce,False,True,True,6,3,893.0,14,5,8,True
19198,México,—,Bronce,False,True,True,4,3,1362.0,16,10,3,False
19199,Colombia,Cúcuta,Bronce,True,True,True,0,0,0.0,10,8,10,False
19200,Colombia,Bucaramanga,Bronce,True,False,True,1,0,0.0,116,3,8,True
19201,Colombia,Pereira,Bronce,True,False,True,0,0,0.0,42,4,9,True
19202,Colombia,Pereira,Bronce,False,True,True,0,0,0.0,40,1,7,True
19203,Colombia,Medellín,Bronce,False,False,True,1,0,0.0,32,3,7,True
19204,Colombia,Pereira,Bronce,False,False,True,2,1,551.0,16,15,10,False
19205,Perú,—,Bronce,False,False,False,0,0,0.0,84,2,4,True
19206,Colombia,Montería,Bronce,False,True,False,0,0,0.0,30,3,9,True
19207,Colombia,Bogotá D.C.,Bronce,False,False,False,3,1,570.0,18,5,3,True
19208,Chile,—,Bronce,True,True,True,0,0,0.0,5,13,8,False
19209,Colombia,Medellín,Bronce,False,False,True,2,1,405.0,40,0,8,True
19210,Colombia,Bogotá D.C.,Bronce,False,True,True,0,0,0.0,7,6,3,True
19211,Colombia,Pereira,Bronce,True,True,True,2,1,595.0,95,1,8,True
19212,México,—,Bronce,False,True,True,0,0,0.0,5,5,5,True
19213,México,—,Bronce,False,True,False,3,2,633.0,7,7,6,False
19214,Colombia,Cali,Bronce,False,False,False,3,2,1088.0,33,12,6,False
19215,Colombia,Otras ciudades,Plata,True,False,True,13,8,5591.0,12,0,10,True
19216,Perú,—,Bronce,False,False,True,0,0,0.0,5,6,4,True
19217,Colombia,Ibagué,Bronce,False,False,True,4,2,727.0,23,2,5,True
19218,México,—,Bronce,False,False,False,0,0,0.0,67,11,8,False
19219,Colombia,Cali,Plata,True,True,False,9,7,3385.0,8,5,8,True
19220,Colombia,Bogotá D.C.,Bronce,True,False,False,0,0,0.0,30,2,7,True
19221,Colombia,Bogotá D.C.,Bronce,False,False,True,0,0,0.0,44,6,7,True
19222,México,—,Bronce,False,False,True,1,0,0.0,16,11,7,False
19223,Colombia,Bogotá D.C.,Bronce,False,False,True,3,2,965.0,6,5,8,True
19224,Colombia,Otras ciudades,Bronce,False,True,True,0,0,0.0,42,1,10,True
19225,Colombia,Medellín,Bronce,False,False,True,0,0,0.0,11,2,8,True
19226,México,—,Bronce,False,False,False,0,0,0.0,24,0,9,True
19227,México,—,Bronce,False,True,True,0,0,0.0,26,6,8,True
19228,Colombia,Cali,Bronce,True,False,True,1,0,0.0,34,2,5,True
19229,Colombia,Bogotá D.C.,Bronce,False,True,True,0,0,0.0,14,5,10,True
19230,Colombia,Cali,Bronce,False,False,True,7,5,2876.0,34,1,10,True
19231,Colombia,Otras ciudades,Bronce,True,False,False,3,1,509.0,33,5,8,True
19232,Colombia,Medellín,Bronce,True,False,True,1,0,0.0,18,1,8,True
19233,Colombia,Otras ciudades,Bronce,False,True,True,1,0,0.0,6,0,6,True
19234,México,—,Bronce,False,False,True,0,0,0.0,45,10,6,False
19235,Colombia,Bogotá D.C.,Bronce,False,True,False,0,0,0.0,27,2,9,True
19236,Colombia,Cali,Bronce,False,True,True,4,3,1371.0,72,2,8,True
19237,Colombia,Bogotá D.C.,Bronce,False,False,True,5,4,2070.0,16,9,7,False
19238,Colombia,Bogotá D.C.,Bronce,False,False,True,2,1,489.0,5,4,7,True
19239,México,—,Bronce,True,False,True,1,0,0.0,3,2,10,True
19240,Colombia,Pereira,Bronce,False,False,True,0,0,0.0,30,10,8,False
19241,Colombia,Manizales,Bronce,False,True,True,1,0,0.0,29,0,7,True
19242,Colombia,Cartagena,Bronce,True,True,True,2,1,454.0,24,10,5,False
19243,Colombia,Pereira,Bronce,True,False,False,1,0,0.0,34,11,8,False
19244,Colombia,Bogotá D.C.,Plata,True,False,False,23,14,4288.0,9,13,5,False
19245,Perú,—,Bronce,False,False,True,0,0,0.0,70,2,8,True
19246,Colombia,Medellín,Bronce,False,False,True,3,2,1165.0,15,0,10,True
19247,Uruguay,—,Bronce,False,False,False,1,0,0.0,36,0,5,True
19248,Colombia,Villavicencio,Bronce,False,True,True,3,2,516.0,30,2,6,True
19249,Colombia,Medellín,Bronce,False,False,True,0,0,0.0,19,4,9,True
19250,Ecuador,—,Bronce,False,True,True,0,0,0.0,39,0,9,True
19251,Perú,—,Bronce,False,False,True,1,0,0.0,10,2,7,True
19252,Colombia,Pasto,Bronce,False,True,False,1,0,0.0,1,0,10,True
19253,Colombia,Bogotá D.C.,Plata,False,False,True,10,7,2917.0,53,3,10,True
19254,Colombia,Bogotá D.C.,Bronce,True,False,True,1,0,0.0,3,15,6,False
19255,Ecuador,—,Bronce,False,False,False,0,0,0.0,11,1,7,True
19256,México,—,Bronce,False,False,True,4,3,1440.0,3,18,9,False
19257,Perú,—,Bronce,True,False,True,0,0,0.0,24,7,10,False
19258,Colombia,Armenia,Bronce,False,False,True,0,0,0.0,7,37,6,False
19259,Ecuador,—,Bronce,True,False,True,1,0,0.0,40,8,6,False
19260,Colombia,Otras ciudades,Bronce,False,False,True,5,4,2047.0,28,3,10,True
19261,Ecuador,—,Bronce,False,True,True,2,1,591.0,38,3,5,True
19262,México,—,Bronce,False,False,True,6,3,1229.0,5,14,8,False
19263,Colombia,Cali,Bronce,False,False,True,0,0,0.0,28,6,7,True
19264,México,—,Plata,False,True,True,9,5,2024.0,67,2,6,True
19265,Colombia,Bucaramanga,Plata,True,False,True,23,19,8286.0,34,10,8,False
19266,Chile,—,Bronce,True,False,True,0,0,0.0,4,7,10,False
19267,Colombia,Villavicencio,Bronce,False,False,True,2,1,436.0,15,0,4,True
19268,Colombia,Ibagué,Oro,False,True,True,49,34,22320.0,31,19,8,False
19269,Colombia,Cali,Bronce,False,True,True,5,2,1159.0,93,12,9,False
19270,Colombia,Medellín,Bronce,False,False,False,1,0,0.0,10,6,4,True
19271,Colombia,Cali,Bronce,True,True,False,0,0,0.0,57,4,9,True
19272,Colombia,Cali,Bronce,False,False,True,0,0,0.0,64,5,9,True
19273,Colombia,Cúcuta,Bronce,False,False,False,0,0,0.0,12,1,7,True
19274,Ecuador,—,Bronce,False,False,True,0,0,0.0,19,1,8,True
19275,Colombia,Otras ciudades,Bronce,False,False,True,3,2,725.0,80,4,5,True
19276,México,—,Oro,True,True,True,36,32,10908.0,13,14,10,False
19277,México,—,Bronce,False,True,True,1,0,0.0,15,3,10,True
19278,Colombia,Barranquilla,Bronce,False,False,True,1,0,0.0,5,2,7,True
19279,Ecuador,—,Bronce,True,False,False,3,2,1192.0,12,5,5,True
19280,Colombia,Bogotá D.C.,Plata,False,False,False,9,6,3337.0,60,14,8,False
19281,Colombia,Sincelejo,Bronce,False,False,True,3,2,1052.0,5,2,9,True
19282,Perú,—,Bronce,False,False,True,0,0,0.0,22,12,7,False
19283,Perú,—,Bronce,False,False,True,0,0,0.0,47,4,5,True
19284,Colombia,Montería,Bronce,True,False,True,1,0,0.0,34,1,9,True
19285,Colombia,Cúcuta,Bronce,True,False,True,6,4,2424.0,20,10,8,False
19286,Uruguay,—,Bronce,True,False,False,4,2,1055.0,36,7,5,False
19287,Colombia,Bogotá D.C.,Bronce,True,False,True,3,2,1233.0,54,7,5,False
19288,Uruguay,—,Platino,False,False,True,174,132,72970.0,14,4,4,True
19289,Colombia,Barranquilla,Bronce,True,True,True,0,0,0.0,27,7,5,False
19290,Colombia,Bogotá D.C.,Bronce,False,False,False,2,1,525.0,36,11,8,False
19291,Colombia,Sincelejo,Bronce,True,False,True,1,0,0.0,16,2,7,True
19292,México,—,Plata,False,False,True,8,6,2843.0,31,2,7,True
19293,Ecuador,—,Plata,False,False,False,11,9,3159.0,66,3,10,True
19294,Colombia,Medellín,Bronce,False,False,False,0,0,0.0,1,0,10,True
19295,Ecuador,—,Bronce,False,False,True,0,0,0.0,11,4,6,True
19296,Colombia,Medellín,Bronce,True,False,True,0,0,0.0,14,17,6,False
19297,México,—,Bronce,True,False,True,5,4,1657.0,14,20,8,False
19298,Perú,—,Bronce,False,False,True,0,0,0.0,6,17,3,False
19299,Uruguay,—,Bronce,True,False,True,0,0,0.0,21,14,7,False
19300,Colombia,Barranquilla,Bronce,False,True,True,0,0,0.0,7,5,6,True
19301,Colombia,Manizales,Bronce,False,False,True,4,3,1707.0,13,8,7,False
19302,Colombia,Medellín,Bronce,True,False,True,0,0,0.0,26,8,4,False
19303,Colombia,Bogotá D.C.,Bronce,False,False,True,3,2,1002.0,11,0,5,True
19304,Colombia,Bucaramanga,Bronce,True,True,True,2,1,562.0,96,5,7,True
19305,Uruguay,—,Bronce,False,True,True,0,0,0.0,2,3,6,True
19306,Colombia,Bogotá D.C.,Bronce,True,True,True,1,0,0.0,80,30,3,False
19307,Colombia,Bogotá D.C.,Bronce,False,False,True,0,0,0.0,54,10,6,False
19308,Colombia,Bogotá D.C.,Bronce,True,False,True,4,3,1621.0,24,11,5,False
19309,Colombia,Medellín,Bronce,True,False,True,2,1,424.0,10,1,10,True
19310,Colombia,Bogotá D.C.,Oro,True,False,True,28,18,10414.0,28,8,7,False
19311,Colombia,Otras ciudades,Bronce,False,False,True,1,0,0.0,19,7,4,False
19312,Colombia,Santa Marta,Bronce,False,False,True,1,0,0.0,19,1,8,True
19313,Colombia,Manizales,Bronce,False,True,True,3,2,741.0,21,7,9,False
19314,Colombia,Valledupar,Bronce,True,False,True,0,0,0.0,63,2,7,True
19315,Ecuador,—,Plata,False,False,True,18,16,5551.0,73,5,8,True
19316,Colombia,Medellín,Bronce,False,False,False,5,3,1579.0,11,1,6,True
19317,Colombia,Manizales,Bronce,False,False,True,7,6,3777.0,93,1,9,True
19318,Colombia,Popayán,Bronce,False,False,False,7,5,2683.0,29,8,8,False
19319,Colombia,Bogotá D.C.,Plata,False,False,True,12,7,4594.0,16,1,7,True
19320,Colombia,Bucaramanga,Bronce,True,False,True,0,0,0.0,16,5,9,True
19321,Colombia,Popayán,Bronce,False,False,False,0,0,0.0,40,4,5,True
19322,Colombia,Manizales,Bronce,False,False,True,2,1,556.0,10,3,9,True
19323,Ecuador,—,Bronce,True,False,True,3,2,1086.0,6,1,7,True
19324,Colombia,Bogotá D.C.,Oro,False,False,True,55,46,21238.0,8,1,4,True
19325,Colombia,Medellín,Plata,True,False,True,8,6,3159.0,14,1,8,True
19326,Colombia,Otras ciudades,Bronce,True,False,True,5,4,1857.0,31,17,9,False
19327,Chile,—,Bronce,True,False,True,0,0,0.0,13,5,5,True
19328,Colombia,Cartagena,Bronce,False,False,True,0,0,0.0,82,9,10,False
19329,Colombia,Medellín,Bronce,False,False,True,1,0,0.0,26,2,5,True
19330,Colombia,Bogotá D.C.,Bronce,False,False,True,0,0,0.0,15,3,10,True
19331,México,—,Bronce,True,False,True,1,0,0.0,1,5,8,True
19332,Colombia,Otras ciudades,Bronce,False,False,True,0,0,0.0,33,8,9,False
19333,Perú,—,Bronce,False,False,True,6,4,2012.0,27,0,7,True
19334,México,—,Bronce,False,False,True,0,0,0.0,28,6,9,True
19335,Colombia,Barranquilla,Plata,True,False,True,10,7,3858.0,28,17,6,False
19336,Colombia,Otras ciudades,Bronce,False,False,True,1,0,0.0,8,8,10,False
19337,Colombia,Medellín,Bronce,True,False,True,0,0,0.0,35,22,10,False
19338,Colombia,Medellín,Bronce,False,True,True,2,1,533.0,4,7,4,False
19339,México,—,Bronce,True,False,True,0,0,0.0,63,3,9,True
19340,Colombia,Bogotá D.C.,Bronce,False,False,True,0,0,0.0,8,2,9,True
19341,Colombia,Medellín,Plata,True,False,False,8,6,3077.0,35,3,9,True
19342,México,—,Plata,True,False,True,11,6,2820.0,10,2,8,True
19343,Colombia,Medellín,Oro,False,False,False,45,32,12801.0,9,15,2,False
19344,Colombia,Bogotá D.C.,Bronce,False,True,True,6,3,1459.0,14,12,7,False
19345,Colombia,Cali,Bronce,False,False,True,4,2,1072.0,19,0,7,True
19346,Colombia,Medellín,Plata,False,False,True,20,15,7835.0,12,13,9,False
19347,México,—,Bronce,True,True,False,0,0,0.0,25,2,9,True
19348,Colombia,Medellín,Plata,False,False,True,9,6,2530.0,23,5,5,True
19349,Colombia,Bogotá D.C.,Bronce,False,True,True,0,0,0.0,12,5,5,True
19350,Colombia,Medellín,Bronce,True,False,True,5,4,2191.0,60,2,3,True
19351,Colombia,Bogotá D.C.,Plata,False,False,False,12,7,2222.0,11,3,6,True
19352,México,—,Bronce,False,True,True,1,0,0.0,54,4,3,True
19353,Uruguay,—,Bronce,False,False,False,2,1,372.0,28,14,8,False
19354,México,—,Bronce,False,True,True,3,2,1105.0,22,7,7,False
19355,Chile,—,Bronce,False,False,True,3,2,1072.0,27,7,7,False
19356,Colombia,Armenia,Bronce,False,False,True,5,4,1403.0,12,4,10,True
19357,Colombia,Bogotá D.C.,Bronce,True,True,True,0,0,0.0,17,18,10,False
19358,México,—,Bronce,False,True,False,0,0,0.0,17,4,7,True
19359,Colombia,Medellín,Bronce,True,False,True,1,0,0.0,22,2,7,True
19360,Ecuador,—,Bronce,True,False,False,3,2,722.0,7,0,6,True
19361,México,—,Plata,False,False,True,13,11,4183.0,14,2,9,True
19362,México,—,Bronce,True,False,True,0,0,0.0,38,2,8,True
19363,Colombia,Bogotá D.C.,Bronce,True,False,True,0,0,0.0,20,9,6,False
19364,Chile,—,Bronce,False,False,True,0,0,0.0,23,2,3,True
19365,Colombia,Bogotá D.C.,Plata,True,False,False,9,6,1948.0,54,4,10,True
19366,Colombia,Medellín,Bronce,True,False,True,1,0,0.0,47,3,8,True
19367,Colombia,Bogotá D.C.,Bronce,False,False,True,1,0,0.0,41,3,5,True
19368,México,—,Plata,True,True,True,10,8,4026.0,57,16,5,False
19369,Colombia,Cali,Bronce,False,True,True,6,5,2172.0,62,5,8,True
19370,México,—,Bronce,False,False,True,5,3,1912.0,21,3,7,True
19371,Colombia,Armenia,Bronce,False,False,True,0,0,0.0,17,9,6,False
19372,Colombia,Barranquilla,Bronce,True,True,True,0,0,0.0,54,9,8,False
19373,Chile,—,Bronce,True,False,False,0,0,0.0,20,4,6,True
19374,Colombia,Bogotá D.C.,Bronce,True,True,True,4,2,994.0,37,6,7,True
19375,Colombia,Bogotá D.C.,Bronce,True,False,True,0,0,0.0,35,25,6,False
19376,Colombia,Cali,Bronce,True,False,True,2,1,503.0,33,2,6,True
19377,Colombia,Medellín,Bronce,False,False,True,1,0,0.0,22,4,9,True
19378,México,—,Bronce,False,False,True,2,1,488.0,13,10,5,False
19379,Uruguay,—,Bronce,False,False,True,2,1,429.0,23,2,10,True
19380,Colombia,Cúcuta,Bronce,False,False,True,7,5,3329.0,28,3,6,True
19381,Colombia,Bogotá D.C.,Bronce,False,False,True,1,0,0.0,35,0,1,True
19382,Colombia,Medellín,Bronce,True,True,True,2,1,470.0,14,9,6,False
19383,México,—,Bronce,False,False,True,0,0,0.0,38,3,8,True
19384,México,—,Bronce,False,False,True,1,0,0.0,27,13,9,False
19385,Colombia,Medellín,Bronce,False,True,True,0,0,0.0,22,0,10,True
19386,Colombia,Popayán,Bronce,False,False,True,2,1,646.0,36,11,3,False
19387,Colombia,Cali,Bronce,True,True,True,3,2,857.0,53,1,10,True
19388,Perú,—,Plata,False,False,True,14,8,3696.0,7,3,8,True
19389,México,—,Bronce,False,False,True,0,0,0.0,32,2,9,True
19390,Colombia,Otras ciudades,Bronce,False,False,True,3,2,948.0,9,5,6,True
19391,México,—,Bronce,True,True,True,6,4,2166.0,11,0,9,True
19392,Colombia,Medellín,Bronce,False,True,False,4,2,950.0,2,3,5,True
19393,Perú,—,Bronce,True,False,True,0,0,0.0,34,10,10,False
19394,México,—,Bronce,False,False,True,0,0,0.0,58,9,5,False
19395,Perú,—,Bronce,False,False,True,0,0,0.0,25,8,10,False
19396,Colombia,Bogotá D.C.,Bronce,True,True,True,0,0,0.0,19,4,9,True
19397,Colombia,Barranquilla,Bronce,False,True,True,0,0,0.0,12,5,8,True
19398,Colombia,Barranquilla,Bronce,False,False,True,7,4,2505.0,70,3,8,True
19399,Colombia,Bogotá D.C.,Bronce,True,False,True,3,2,1336.0,12,1,6,True
19400,Colombia,Medellín,Bronce,False,False,True,3,1,495.0,36,3,7,True
19401,Colombia,Barranquilla,Bronce,True,False,False,1,0,0.0,7,6,7,True
19402,Colombia,Bucaramanga,Bronce,False,False,True,5,3,1116.0,24,2,6,True
19403,Colombia,Medellín,Bronce,False,False,True,2,1,545.0,19,4,7,True
19404,México,—,Bronce,True,False,True,0,0,0.0,20,11,8,False
19405,Colombia,Ibagué,Bronce,True,True,True,0,0,0.0,9,6,7,True
19406,Colombia,Bogotá D.C.,Bronce,False,False,True,1,0,0.0,5,32,8,False
19407,Uruguay,—,Bronce,True,False,True,0,0,0.0,10,6,7,True
19408,Uruguay,—,Bronce,False,True,True,0,0,0.0,54,9,4,False
19409,Uruguay,—,Bronce,True,False,True,1,0,0.0,38,3,7,True
19410,Colombia,Bogotá D.C.,Plata,False,False,True,14,9,3911.0,163,3,8,True
19411,Colombia,Bogotá D.C.,Bronce,True,True,False,2,1,620.0,51,4,5,True
19412,Colombia,Barranquilla,Bronce,True,False,True,0,0,0.0,9,1,8,True
19413,Perú,—,Bronce,False,False,False,0,0,0.0,18,4,9,True
19414,Colombia,Montería,Bronce,True,False,True,1,0,0.0,4,34,10,False
19415,Ecuador,—,Bronce,False,True,True,0,0,0.0,38,15,7,False
19416,Colombia,Cali,Bronce,False,True,True,0,0,0.0,16,12,4,False
19417,México,—,Bronce,True,False,False,1,0,0.0,27,3,9,True
19418,Colombia,Bogotá D.C.,Plata,False,False,True,9,6,3205.0,7,5,4,True
19419,Chile,—,Bronce,True,False,True,1,0,0.0,50,0,3,True
19420,México,—,Bronce,True,False,True,5,4,1703.0,52,3,5,True
19421,Colombia,Barranquilla,Plata,True,False,True,16,9,4329.0,7,6,10,True
19422,México,—,Bronce,False,False,False,4,2,995.0,40,1,7,True
19423,Colombia,Barranquilla,Bronce,False,True,True,0,0,0.0,55,3,8,True
19424,Colombia,Medellín,Bronce,False,False,False,0,0,0.0,24,3,8,True
19425,Colombia,Medellín,Bronce,False,False,True,3,2,1042.0,22,3,7,True
19426,Ecuador,—,Bronce,False,False,True,0,0,0.0,53,0,7,True
19427,México,—,Bronce,False,False,True,4,2,1352.0,13,9,7,False
19428,Colombia,Bogotá D.C.,Bronce,False,False,True,5,3,1658.0,1,3,6,True
19429,Uruguay,—,Bronce,False,False,True,0,0,0.0,10,1,10,True
19430,Ecuador,—,Bronce,True,False,True,6,4,1247.0,15,8,9,False
19431,México,—,Bronce,True,False,True,0,0,0.0,71,21,6,False
19432,Colombia,Cali,Bronce,True,False,True,0,0,0.0,24,3,7,True
19433,Colombia,Bogotá D.C.,Bronce,False,True,True,2,1,456.0,7,4,6,True
19434,México,—,Bronce,False,False,True,0,0,0.0,8,3,6,True
19435,México,—,Bronce,False,False,True,0,0,0.0,19,8,9,False
19436,Colombia,Otras ciudades,Bronce,True,False,True,0,0,0.0,45,6,8,True
19437,Colombia,Bogotá D.C.,Bronce,True,False,True,2,1,433.0,10,6,8,True
19438,Ecuador,—,Bronce,False,False,True,3,1,793.0,51,7,4,False
19439,México,—,Plata,True,True,True,8,6,3554.0,12,9,9,False
19440,Colombia,Bogotá D.C.,Oro,True,False,False,25,15,7842.0,49,4,10,True
19441,Colombia,Bogotá D.C.,Bronce,False,False,False,0,0,0.0,40,1,6,True
19442,México,—,Bronce,True,False,True,0,0,0.0,35,11,7,False
19443,Colombia,Neiva,Plata,False,False,False,19,11,5901.0,30,4,9,True
19444,Colombia,Cali,Bronce,False,True,True,3,2,1103.0,67,3,7,True
19445,México,—,Bronce,False,False,True,1,0,0.0,12,3,4,True
19446,Ecuador,—,Bronce,True,True,True,0,0,0.0,18,3,8,True
19447,Colombia,Bogotá D.C.,Bronce,True,False,True,2,1,257.0,14,2,5,True
19448,México,—,Bronce,True,False,True,0,0,0.0,10,3,3,True
19449,Colombia,Otras ciudades,Plata,False,True,True,9,6,2338.0,43,7,9,False
19450,Perú,—,Bronce,False,True,True,0,0,0.0,16,6,10,True
19451,México,—,Bronce,False,True,True,0,0,0.0,39,11,8,False
19452,Colombia,Cali,Bronce,False,False,True,3,2,1040.0,16,4,9,True
19453,Colombia,Otras ciudades,Bronce,False,True,True,0,0,0.0,22,35,7,False
19454,Colombia,Bogotá D.C.,Bronce,False,True,True,5,3,1154.0,37,4,3,True
19455,Colombia,Bogotá D.C.,Bronce,False,False,False,4,2,997.0,28,4,7,True
19456,México,—,Bronce,False,True,True,0,0,0.0,17,12,7,False
19457,Colombia,Bogotá D.C.,Bronce,False,False,True,2,1,539.0,67,2,9,True
19458,Uruguay,—,Bronce,True,True,True,0,0,0.0,14,7,8,False
19459,Ecuador,—,Bronce,True,True,True,0,0,0.0,17,5,8,True
19460,Ecuador,—,Bronce,True,True,True,6,4,2167.0,5,4,10,True
19461,Colombia,Bucaramanga,Bronce,False,False,True,0,0,0.0,33,0,7,True
19462,Colombia,Barranquilla,Bronce,True,False,False,1,0,0.0,57,5,9,True
19463,México,—,Bronce,False,False,True,4,2,1080.0,18,8,6,False
19464,México,—,Bronce,True,False,True,1,0,0.0,2,7,6,False
19465,Colombia,Medellín,Bronce,False,True,True,1,0,0.0,37,5,5,True
19466,Colombia,Bucaramanga,Bronce,True,False,True,2,1,377.0,2,2,8,True
19467,Colombia,Bogotá D.C.,Plata,False,False,True,10,7,3132.0,18,2,5,True
19468,Colombia,Medellín,Bronce,True,True,True,0,0,0.0,27,20,6,False
19469,Colombia,Cali,Bronce,True,False,True,4,3,1607.0,7,18,7,False
19470,Uruguay,—,Bronce,True,False,False,0,0,0.0,17,2,10,True
19471,Colombia,Bogotá D.C.,Bronce,True,True,True,2,1,208.0,42,6,9,True
19472,Ecuador,—,Bronce,False,False,True,0,0,0.0,7,2,9,True
19473,Perú,—,Bronce,False,False,True,0,0,0.0,18,8,6,False
19474,Perú,—,Bronce,True,True,True,0,0,0.0,95,5,6,True
19475,Colombia,Bogotá D.C.,Bronce,False,False,True,7,4,1812.0,119,2,8,True
19476,Colombia,Cartagena,Bronce,True,True,True,4,3,1061.0,45,6,7,True
19477,Colombia,Otras ciudades,Bronce,False,True,True,0,0,0.0,33,1,9,True
19478,Colombia,Barranquilla,Plata,False,True,True,16,10,4533.0,30,3,10,True
19479,Colombia,Medellín,Bronce,True,False,True,0,0,0.0,26,1,7,True
19480,México,—,Plata,True,True,False,19,12,7344.0,9,3,8,True
19481,Colombia,Bogotá D.C.,Plata,False,False,True,12,8,3284.0,17,40,6,False
19482,Uruguay,—,Bronce,True,True,True,2,1,673.0,19,4,9,True
19483,Colombia,Montería,Bronce,True,False,True,4,2,1044.0,84,2,4,True
19484,Colombia,Bogotá D.C.,Bronce,True,False,True,3,2,814.0,56,3,7,True
19485,Colombia,Otras ciudades,Platino,False,False,True,146,121,60169.0,34,2,10,True
19486,Colombia,Bogotá D.C.,Plata,False,False,False,11,8,3177.0,55,9,10,False
19487,Colombia,Villavicencio,Bronce,False,False,True,5,3,1595.0,17,8,6,False
19488,Colombia,Bogotá D.C.,Plata,False,False,True,8,6,2129.0,27,2,9,True
19489,Colombia,Otras ciudades,Bronce,False,True,True,7,4,672.0,30,10,7,False
19490,Colombia,Bogotá D.C.,Bronce,False,True,False,0,0,0.0,8,9,7,False
19491,Colombia,Barranquilla,Bronce,True,False,True,2,1,594.0,12,9,8,False
19492,México,—,Bronce,True,True,True,0,0,0.0,4,5,6,True
19493,México,—,Bronce,False,False,False,4,3,1788.0,23,20,5,False
19494,Colombia,Barranquilla,Bronce,True,False,True,7,4,1561.0,23,3,5,True
19495,Ecuador,—,Bronce,True,True,True,3,2,619.0,38,10,4,False
19496,Colombia,Bucaramanga,Bronce,False,True,False,2,1,629.0,13,4,5,True
19497,Colombia,Bogotá D.C.,Bronce,False,False,True,7,6,4607.0,7,0,8,True
19498,Colombia,Bogotá D.C.,Bronce,False,True,False,1,0,0.0,45,9,7,False
19499,México,—,Bronce,False,False,True,1,0,0.0,29,4,8,True
19500,Colombia,Cali,Bronce,False,False,True,1,0,0.0,67,8,3,False
19501,Uruguay,—,Bronce,True,False,True,2,1,734.0,59,4,7,True
19502,México,—,Bronce,False,False,True,0,0,0.0,28,3,4,True
19503,Perú,—,Bronce,True,True,True,0,0,0.0,28,4,10,True
19504,Colombia,Otras ciudades,Bronce,False,True,False,4,2,719.0,41,0,8,True
19505,Colombia,Bogotá D.C.,Bronce,False,False,True,4,2,845.0,41,1,9,True
19506,México,—,Bronce,True,False,True,0,0,0.0,68,13,4,False
19507,Colombia,Cartagena,Bronce,False,False,False,0,0,0.0,30,8,3,False
19508,México,—,Bronce,True,False,True,0,0,0.0,29,13,9,False
19509,Colombia,Bogotá D.C.,Bronce,False,False,True,1,0,0.0,18,19,9,False
19510,Colombia,Bucaramanga,Bronce,False,True,True,0,0,0.0,5,0,7,True
19511,Colombia,Bogotá D.C.,Bronce,True,False,False,2,1,693.0,10,8,8,False
19512,Chile,—,Bronce,False,False,True,0,0,0.0,17,11,8,False
19513,Colombia,Medellín,Bronce,True,False,True,0,0,0.0,43,1,6,True
19514,Perú,—,Bronce,False,True,True,0,0,0.0,35,3,7,True
19515,Colombia,Manizales,Platino,True,False,True,259,220,59958.0,4,4,8,True
19516,México,—,Plata,False,True,True,22,14,4823.0,17,3,10,True
19517,Ecuador,—,Bronce,True,False,False,1,0,0.0,7,4,5,True
19518,Perú,—,Plata,True,False,False,18,15,6942.0,85,6,8,True
19519,Colombia,Cali,Bronce,False,True,True,5,3,1367.0,24,1,6,True
19520,Colombia,Pasto,Bronce,False,False,True,1,0,0.0,31,8,6,False
19521,Ecuador,—,Bronce,True,True,True,1,0,0.0,38,15,3,False
19522,Colombia,Bogotá D.C.,Bronce,True,False,True,3,2,1060.0,21,1,5,True
19523,Colombia,Medellín,Bronce,True,False,True,0,0,0.0,34,1,9,True
19524,México,—,Bronce,False,False,True,5,4,1845.0,15,2,10,True
19525,Colombia,Medellín,Bronce,False,False,False,2,1,488.0,3,8,8,False
19526,Ecuador,—,Bronce,False,False,True,2,1,653.0,36,8,6,False
19527,Colombia,Bogotá D.C.,Oro,False,False,False,26,22,14428.0,13,2,9,True
19528,Colombia,Cartagena,Bronce,True,False,True,0,0,0.0,72,2,6,True
19529,Colombia,Bogotá D.C.,Bronce,True,False,True,0,0,0.0,23,16,6,False
19530,Colombia,Bogotá D.C.,Bronce,True,True,False,2,1,596.0,20,10,4,False
19531,Colombia,Bogotá D.C.,Bronce,True,False,True,1,0,0.0,10,1,5,True
19532,Perú,—,Bronce,False,True,True,0,0,0.0,34,13,8,False
19533,México,—,Platino,False,False,False,88,80,44413.0,22,4,9,True
19534,México,—,Bronce,False,False,True,0,0,0.0,38,11,9,False
19535,Colombia,Bogotá D.C.,Bronce,True,False,True,2,1,593.0,26,3,6,True
19536,México,—,Bronce,True,False,True,1,0,0.0,32,12,6,False
19537,México,—,Bronce,True,False,True,0,0,0.0,1,2,6,True
19538,Colombia,Medellín,Bronce,True,False,True,6,4,2009.0,7,14,7,False
19539,Colombia,Bucaramanga,Bronce,False,True,True,1,0,0.0,32,1,8,True
19540,Ecuador,—,Bronce,True,False,True,7,6,2704.0,42,13,7,False
19541,Colombia,Bogotá D.C.,Bronce,False,False,True,3,1,575.0,49,4,8,True
19542,Colombia,Bogotá D.C.,Bronce,True,True,True,0,0,0.0,15,5,10,True
19543,Ecuador,—,Bronce,False,False,False,7,4,1337.0,14,4,8,True
19544,Colombia,Bogotá D.C.,Bronce,True,False,True,4,2,686.0,55,1,7,True
19545,Colombia,Bogotá D.C.,Bronce,True,False,True,0,0,0.0,33,0,10,True
19546,Colombia,Bogotá D.C.,Bronce,True,False,True,0,0,0.0,2,7,3,False
19547,México,—,Plata,True,False,True,16,9,5372.0,25,5,7,True
19548,Colombia,Barranquilla,Bronce,True,False,True,3,2,959.0,20,5,3,True
19549,México,—,Bronce,True,False,True,1,0,0.0,13,3,8,True
19550,Ecuador,—,Oro,False,True,False,27,20,8042.0,19,5,8,True
19551,Colombia,Cúcuta,Bronce,True,False,True,0,0,0.0,8,1,10,True
19552,Colombia,Bogotá D.C.,Bronce,False,True,True,0,0,0.0,52,2,5,True
19553,México,—,Bronce,True,False,True,0,0,0.0,24,8,8,False
19554,México,—,Plata,True,False,True,20,14,6213.0,47,4,9,True
19555,Colombia,Bogotá D.C.,Bronce,True,False,True,0,0,0.0,62,6,6,True
19556,Colombia,Otras ciudades,Bronce,False,False,True,1,0,0.0,1,15,3,False
19557,Ecuador,—,Bronce,False,False,False,1,0,0.0,1,6,10,True
19558,Colombia,Medellín,Plata,False,False,True,11,6,3388.0,7,8,7,False
19559,Colombia,Cali,Plata,False,True,True,8,5,1565.0,32,4,6,True
19560,Colombia,Otras ciudades,Plata,False,False,True,12,7,3840.0,27,5,8,True
19561,Colombia,Barranquilla,Bronce,False,True,True,2,1,309.0,3,29,6,False
19562,Colombia,Medellín,Oro,True,False,True,34,31,14792.0,8,12,10,False
19563,Colombia,Medellín,Bronce,False,False,False,3,2,947.0,52,3,4,True
19564,Colombia,Bogotá D.C.,Oro,False,False,True,27,25,11628.0,13,2,4,True
19565,Colombia,Bogotá D.C.,Plata,False,False,True,8,5,2713.0,74,8,1,False
19566,México,—,Bronce,True,True,True,1,0,0.0,18,14,5,False
19567,Colombia,Armenia,Bronce,True,False,True,2,1,536.0,12,13,4,False
19568,Colombia,Pereira,Bronce,False,True,True,1,0,0.0,40,0,9,True
19569,Colombia,Medellín,Bronce,False,False,True,0,0,0.0,52,7,9,False
19570,México,—,Bronce,True,False,True,6,3,2165.0,29,8,10,False
19571,Colombia,Medellín,Bronce,True,False,True,2,1,773.0,30,6,10,True
19572,Colombia,Cali,Bronce,False,False,False,1,0,0.0,52,1,8,True
19573,Colombia,Medellín,Bronce,True,False,True,2,1,464.0,61,4,8,True
19574,Colombia,Medellín,Bronce,True,True,True,1,0,0.0,18,11,8,False
19575,Ecuador,—,Bronce,False,False,True,0,0,0.0,26,6,5,True
19576,Colombia,Cali,Bronce,True,True,False,1,0,0.0,26,3,7,True
19577,Colombia,Otras ciudades,Bronce,False,False,True,0,0,0.0,21,4,10,True
19578,Perú,—,Oro,False,True,True,34,22,12854.0,98,9,10,False
19579,Colombia,Cúcuta,Bronce,True,False,True,2,1,593.0,40,7,7,False
19580,Colombia,Bogotá D.C.,Bronce,True,False,True,0,0,0.0,38,10,8,False
19581,Colombia,Cali,Bronce,True,False,True,0,0,0.0,34,6,5,True
19582,Colombia,Armenia,Bronce,False,True,True,1,0,0.0,13,3,4,True
19583,Colombia,Bucaramanga,Bronce,False,False,True,0,0,0.0,1,1,10,True
19584,Colombia,Cali,Bronce,False,False,True,0,0,0.0,45,1,7,True
19585,Perú,—,Plata,False,True,False,12,9,3088.0,1,2,6,True
19586,México,—,Bronce,False,False,True,1,0,0.0,13,2,6,True
19587,México,—,Bronce,True,False,True,1,0,0.0,39,5,8,True
19588,Colombia,Cali,Bronce,True,False,True,0,0,0.0,19,7,10,False
19589,Colombia,Bogotá D.C.,Bronce,True,True,True,1,0,0.0,14,11,8,False
19590,Ecuador,—,Plata,True,False,True,12,8,4882.0,32,3,10,True
19591,México,—,Bronce,False,True,True,0,0,0.0,14,4,8,True
19592,Colombia,Sincelejo,Platino,False,False,True,150,108,52362.0,17,2,6,True
19593,México,—,Bronce,False,False,False,2,1,591.0,36,1,10,True
19594,Colombia,Pasto,Bronce,False,False,False,2,1,557.0,24,12,8,False
19595,Ecuador,—,Bronce,True,False,True,0,0,0.0,38,2,8,True
19596,México,—,Bronce,False,True,True,6,3,1477.0,9,24,7,False
19597,Colombia,Barranquilla,Bronce,True,False,True,4,2,1127.0,15,9,5,False
19598,México,—,Bronce,True,False,False,2,1,487.0,28,3,8,True
19599,Perú,—,Plata,True,True,True,16,13,5672.0,37,8,5,False
19600,México,—,Platino,True,True,True,109,63,40085.0,16,16,10,False
19601,Colombia,Bogotá D.C.,Bronce,True,False,False,1,0,0.0,4,6,9,True
19602,Colombia,Otras ciudades,Bronce,False,True,True,1,0,0.0,10,18,10,False
19603,Chile,—,Bronce,False,True,True,0,0,0.0,34,17,8,False
19604,México,—,Bronce,False,True,True,5,3,1767.0,60,5,5,True
19605,Chile,—,Bronce,True,False,True,1,0,0.0,38,3,6,True
19606,Colombia,Barranquilla,Oro,True,False,True,28,19,9374.0,35,16,9,False
19607,Colombia,Medellín,Bronce,False,False,True,2,1,598.0,11,4,5,True
19608,Colombia,Bogotá D.C.,Bronce,False,False,True,0,0,0.0,28,0,7,True
19609,Colombia,Santa Marta,Plata,False,True,True,10,6,2761.0,1,20,10,False
19610,Colombia,Bogotá D.C.,Bronce,False,False,False,3,2,905.0,15,2,10,True
19611,Ecuador,—,Bronce,True,True,True,5,4,2070.0,27,1,9,True
19612,Colombia,Bogotá D.C.,Bronce,True,False,True,2,1,283.0,27,4,4,True
19613,Colombia,Bogotá D.C.,Bronce,True,False,True,2,1,538.0,8,2,3,True
19614,Colombia,Bogotá D.C.,Bronce,False,False,True,0,0,0.0,10,3,2,True
19615,Colombia,Bogotá D.C.,Bronce,True,False,True,0,0,0.0,18,5,8,True
19616,Colombia,Pereira,Bronce,True,False,True,5,3,1532.0,35,5,9,True
19617,Colombia,Cali,Bronce,True,False,False,6,5,1982.0,55,5,5,True
19618,Colombia,Bogotá D.C.,Plata,True,False,False,21,18,7914.0,13,5,4,True
19619,Uruguay,—,Bronce,False,True,True,1,0,0.0,9,2,6,True
19620,Colombia,Otras ciudades,Bronce,True,False,True,3,2,1061.0,39,1,10,True
19621,Ecuador,—,Bronce,True,False,True,0,0,0.0,50,14,4,False
19622,Perú,—,Plata,False,False,True,9,8,3593.0,6,14,10,False
19623,México,—,Bronce,False,False,True,0,0,0.0,22,1,10,True
19624,México,—,Bronce,False,True,True,0,0,0.0,50,0,10,True
19625,Ecuador,—,Bronce,False,True,True,0,0,0.0,8,10,9,False
19626,Uruguay,—,Bronce,True,False,True,3,2,521.0,21,8,3,False
19627,México,—,Bronce,True,False,True,6,4,1803.0,44,3,9,True
19628,Colombia,Barranquilla,Bronce,False,False,False,0,0,0.0,4,12,10,False
19629,Chile,—,Bronce,True,True,True,0,0,0.0,12,8,8,False
19630,Colombia,Bogotá D.C.,Bronce,True,True,True,0,0,0.0,13,2,9,True
19631,México,—,Bronce,False,False,True,1,0,0.0,26,5,9,True
19632,Colombia,Valledupar,Oro,False,False,True,52,31,18070.0,5,1,8,True
19633,México,—,Bronce,True,False,True,2,1,605.0,27,4,7,True
19634,Ecuador,—,Bronce,False,True,True,0,0,0.0,46,3,4,True
19635,Ecuador,—,Bronce,False,False,True,0,0,0.0,17,0,8,True
19636,Chile,—,Bronce,False,False,True,1,0,0.0,50,8,8,False
19637,Colombia,Otras ciudades,Bronce,True,False,False,0,0,0.0,10,8,6,False
19638,Perú,—,Bronce,False,False,True,2,1,494.0,19,7,10,False
19639,Perú,—,Bronce,True,False,False,4,2,627.0,9,10,10,False
19640,Colombia,Montería,Bronce,False,False,True,4,3,504.0,22,7,6,False
19641,Colombia,Cartagena,Plata,False,True,True,18,14,8138.0,6,4,10,True
19642,México,—,Plata,True,False,True,23,21,7914.0,30,5,8,True
19643,Perú,—,Bronce,False,False,True,2,1,599.0,39,4,9,True
19644,Colombia,Medellín,Bronce,True,False,True,0,0,0.0,38,8,7,False
19645,Ecuador,—,Bronce,True,False,False,4,2,793.0,25,3,6,True
19646,Colombia,Bucaramanga,Bronce,False,True,True,0,0,0.0,3,5,10,True
19647,Colombia,Cali,Plata,False,False,False,12,7,3768.0,68,4,5,True
19648,Colombia,Otras ciudades,Bronce,False,True,True,0,0,0.0,4,4,6,True
19649,México,—,Bronce,False,False,True,1,0,0.0,33,7,7,False
19650,Perú,—,Bronce,True,False,True,6,4,2332.0,4,10,7,False
19651,Chile,—,Bronce,False,False,True,0,0,0.0,20,3,9,True
19652,Ecuador,—,Bronce,False,False,True,1,0,0.0,26,11,7,False
19653,Uruguay,—,Bronce,False,False,False,4,3,1476.0,14,13,5,False
19654,Colombia,Bogotá D.C.,Bronce,False,False,True,7,5,2485.0,19,6,9,True
19655,Colombia,Otras ciudades,Bronce,True,False,True,1,0,0.0,3,1,6,True
19656,Colombia,Otras ciudades,Bronce,False,False,False,2,1,397.0,23,6,10,True
19657,Ecuador,—,Plata,False,False,True,10,8,4400.0,6,12,8,False
19658,Colombia,Valledupar,Bronce,False,False,True,0,0,0.0,14,14,10,False
19659,Perú,—,Bronce,True,True,True,0,0,0.0,5,5,7,True
19660,Ecuador,—,Bronce,False,False,True,0,0,0.0,46,3,6,True
19661,México,—,Plata,True,False,False,8,4,1416.0,47,10,4,False
19662,Colombia,Otras ciudades,Bronce,False,True,False,5,4,1745.0,11,1,9,True
19663,Colombia,Medellín,Bronce,False,True,True,2,1,632.0,53,14,8,False
19664,Colombia,Pasto,Bronce,False,False,True,4,3,1565.0,11,8,5,False
19665,Colombia,Pereira,Bronce,False,False,True,2,1,477.0,12,4,9,True
19666,Colombia,Medellín,Bronce,False,False,True,1,0,0.0,47,0,7,True
19667,Colombia,Medellín,Bronce,False,False,True,6,5,2416.0,37,2,4,True
19668,Ecuador,—,Bronce,True,False,True,0,0,0.0,29,3,5,True
19669,Ecuador,—,Bronce,False,False,True,0,0,0.0,11,2,10,True
19670,Colombia,Otras ciudades,Bronce,True,False,False,2,1,512.0,6,2,6,True
19671,Colombia,Santa Marta,Bronce,True,False,True,0,0,0.0,10,3,6,True
19672,Colombia,Otras ciudades,Bronce,True,True,True,4,2,1197.0,28,4,8,True
19673,México,—,Bronce,False,False,True,2,1,456.0,57,9,5,False
19674,Perú,—,Bronce,True,False,True,4,3,1749.0,2,2,7,True
19675,Colombia,Medellín,Bronce,True,True,True,0,0,0.0,50,7,7,False
19676,México,—,Plata,True,True,False,19,13,7092.0,23,5,7,True
19677,México,—,Bronce,True,True,False,0,0,0.0,7,0,6,True
19678,Colombia,Medellín,Bronce,True,True,False,0,0,0.0,8,5,5,True
19679,Colombia,Bogotá D.C.,Bronce,True,False,True,3,2,852.0,43,3,3,True
19680,Colombia,Valledupar,Plata,True,False,True,11,6,2802.0,31,7,6,False
19681,Colombia,Otras ciudades,Bronce,False,False,True,3,2,702.0,54,7,6,False
19682,Colombia,Otras ciudades,Bronce,False,True,True,2,1,231.0,61,3,9,True
19683,Colombia,Pereira,Bronce,False,False,True,0,0,0.0,22,0,6,True
19684,Uruguay,—,Plata,False,True,False,9,7,5453.0,83,10,7,False
19685,Colombia,Bogotá D.C.,Bronce,True,False,True,4,3,1494.0,10,5,6,True
19686,Colombia,Bogotá D.C.,Bronce,False,False,False,0,0,0.0,7,3,8,True
19687,Colombia,Medellín,Bronce,True,True,True,0,0,0.0,19,4,10,True
19688,Colombia,Bogotá D.C.,Plata,False,False,True,15,11,4300.0,29,1,10,True
19689,Uruguay,—,Bronce,False,False,True,0,0,0.0,3,2,10,True
19690,Colombia,Bogotá D.C.,Bronce,True,False,True,0,0,0.0,29,12,10,False
19691,México,—,Plata,False,False,False,12,7,4452.0,16,2,7,True
19692,Colombia,Neiva,Bronce,False,False,True,0,0,0.0,23,7,7,False
19693,México,—,Plata,True,False,True,12,6,2724.0,50,1,8,True
19694,Colombia,Medellín,Bronce,True,False,True,4,2,1332.0,29,6,8,True
19695,Colombia,Barranquilla,Bronce,False,True,False,0,0,0.0,13,6,5,True
19696,Colombia,Cali,Bronce,False,False,True,2,1,317.0,38,8,10,False
19697,Colombia,Bogotá D.C.,Bronce,False,False,True,2,1,368.0,19,2,7,True
19698,Colombia,Barranquilla,Bronce,True,False,False,1,0,0.0,31,5,6,True
19699,México,—,Bronce,True,True,True,2,1,556.0,42,3,6,True
19700,Colombia,Bogotá D.C.,Bronce,False,False,True,3,2,1155.0,44,16,8,False
19701,Colombia,Bogotá D.C.,Bronce,True,False,True,2,1,427.0,33,6,10,True
19702,Colombia,Bogotá D.C.,Bronce,True,False,True,0,0,0.0,15,3,10,True
19703,Colombia,Barranquilla,Bronce,True,True,False,5,3,1351.0,2,3,9,True
19704,Colombia,Bogotá D.C.,Bronce,False,True,True,1,0,0.0,68,4,7,True
19705,México,—,Bronce,False,False,True,1,0,0.0,31,4,10,True
19706,México,—,Plata,True,False,True,11,7,3455.0,12,4,4,True
19707,Colombia,Bogotá D.C.,Bronce,False,True,True,0,0,0.0,37,4,6,True
19708,Colombia,Medellín,Bronce,True,False,True,1,0,0.0,18,3,6,True
19709,Colombia,Bogotá D.C.,Bronce,True,True,True,1,0,0.0,59,2,5,True
19710,Ecuador,—,Bronce,False,False,True,6,5,3621.0,20,3,6,True
19711,Colombia,Bogotá D.C.,Bronce,True,False,False,3,1,406.0,8,0,2,True
19712,Colombia,Villavicencio,Plata,False,True,True,15,9,4719.0,8,5,6,True
19713,Colombia,Bogotá D.C.,Bronce,True,False,True,2,1,518.0,26,5,7,True
19714,Colombia,Pasto,Bronce,True,False,True,2,1,483.0,41,2,9,True
19715,México,—,Bronce,True,False,False,1,0,0.0,14,0,4,True
19716,Ecuador,—,Bronce,True,False,True,0,0,0.0,20,2,9,True
19717,Colombia,Bogotá D.C.,Bronce,True,False,True,5,4,1813.0,43,1,6,True
19718,Colombia,Cali,Bronce,False,False,True,1,0,0.0,55,7,8,False
19719,Colombia,Bogotá D.C.,Bronce,True,True,True,2,1,513.0,24,3,7,True
19720,México,—,Bronce,False,True,True,1,0,0.0,6,3,8,True
19721,Colombia,Otras ciudades,Bronce,True,False,True,0,0,0.0,25,4,8,True
19722,Colombia,Montería,Bronce,True,False,True,5,3,1658.0,67,7,9,False
19723,México,—,Bronce,False,False,True,5,3,1783.0,31,3,8,True
19724,Colombia,Bogotá D.C.,Plata,True,True,True,9,8,3351.0,55,2,4,True
19725,Colombia,Bogotá D.C.,Bronce,True,True,True,4,2,1164.0,27,3,9,True
19726,México,—,Bronce,False,True,True,4,2,926.0,32,12,9,False
19727,Colombia,Popayán,Bronce,False,False,True,0,0,0.0,30,0,7,True
19728,Colombia,Medellín,Oro,False,True,True,36,25,11289.0,11,10,9,False
19729,México,—,Bronce,False,True,True,2,1,541.0,25,0,10,True
19730,México,—,Bronce,False,False,True,4,2,691.0,3,6,7,True
19731,Colombia,Bucaramanga,Bronce,True,False,False,1,0,0.0,13,2,9,True
19732,Chile,—,Bronce,False,True,True,0,0,0.0,3,2,6,True
19733,Colombia,Manizales,Bronce,False,False,True,3,1,440.0,24,4,10,True
19734,Colombia,Bucaramanga,Bronce,True,False,True,1,0,0.0,21,0,8,True
19735,Colombia,Manizales,Bronce,False,False,True,3,2,863.0,49,7,7,False
19736,Colombia,Manizales,Bronce,False,False,True,0,0,0.0,5,7,10,False
19737,Perú,—,Bronce,False,True,True,1,0,0.0,37,3,8,True
19738,Colombia,Bogotá D.C.,Bronce,False,False,True,2,1,466.0,22,6,8,True
19739,Colombia,Ibagué,Oro,False,False,True,53,36,17254.0,3,12,4,False
19740,México,—,Bronce,False,False,True,4,2,928.0,5,22,9,False
19741,Colombia,Otras ciudades,Bronce,False,True,True,2,1,506.0,40,4,9,True
19742,Colombia,Bogotá D.C.,Bronce,False,False,True,1,0,0.0,58,4,7,True
19743,Colombia,Bogotá D.C.,Bronce,False,True,True,6,5,2670.0,28,4,8,True
19744,México,—,Oro,True,False,True,49,39,18939.0,28,4,8,True
19745,Colombia,Cali,Bronce,False,False,True,5,4,1234.0,5,2,4,True
19746,Ecuador,—,Bronce,True,False,True,5,3,1329.0,10,4,4,True
19747,México,—,Bronce,False,True,False,2,1,602.0,59,9,10,False
19748,Colombia,Bogotá D.C.,Plata,False,True,True,11,6,1713.0,3,6,8,True
19749,Colombia,Bucaramanga,Bronce,False,False,False,1,0,0.0,11,6,7,True
19750,Perú,—,Plata,True,False,False,11,7,3083.0,94,6,4,True
19751,Colombia,Bogotá D.C.,Platino,True,True,True,63,58,30451.0,49,17,10,False
19752,Chile,—,Bronce,True,False,True,3,2,939.0,65,2,8,True
19753,Colombia,Santa Marta,Bronce,False,True,True,0,0,0.0,26,13,9,False
19754,Colombia,Bogotá D.C.,Bronce,True,False,False,0,0,0.0,22,3,9,True
19755,México,—,Bronce,True,False,True,1,0,0.0,15,7,7,False
19756,México,—,Bronce,False,False,True,0,0,0.0,27,1,6,True
19757,Colombia,Medellín,Bronce,False,True,True,2,1,546.0,36,9,6,False
19758,Ecuador,—,Bronce,False,True,True,2,1,483.0,22,17,10,False
19759,Colombia,Bogotá D.C.,Bronce,False,True,True,0,0,0.0,41,5,5,True
19760,Colombia,Cartagena,Bronce,True,False,True,0,0,0.0,42,2,7,True
19761,México,—,Bronce,True,False,False,1,0,0.0,20,7,3,False
19762,Ecuador,—,Bronce,True,False,False,0,0,0.0,41,3,9,True
19763,Colombia,Pereira,Bronce,True,False,True,1,0,0.0,21,5,8,True
19764,México,—,Bronce,True,False,True,0,0,0.0,39,2,7,True
19765,Colombia,Bogotá D.C.,Oro,True,True,True,59,55,17138.0,14,2,5,True
19766,Colombia,Cali,Bronce,False,True,True,0,0,0.0,1,17,10,False
19767,Colombia,Barranquilla,Bronce,False,True,False,6,3,1435.0,49,15,10,False
19768,Colombia,Neiva,Bronce,False,True,True,1,0,0.0,3,8,9,False
19769,Colombia,Medellín,Bronce,True,False,False,1,0,0.0,10,2,7,True
19770,Colombia,Medellín,Bronce,True,True,True,0,0,0.0,82,2,10,True
19771,Colombia,Bogotá D.C.,Bronce,False,False,True,0,0,0.0,5,13,4,False
19772,Colombia,Manizales,Bronce,False,False,True,1,0,0.0,54,3,10,True
19773,Ecuador,—,Bronce,False,True,True,0,0,0.0,38,7,10,False
19774,Perú,—,Bronce,True,False,True,2,1,659.0,14,2,4,True
19775,México,—,Bronce,True,False,False,0,0,0.0,100,22,6,False
19776,Ecuador,—,Plata,True,True,True,23,19,11670.0,18,1,8,True
19777,Colombia,Bogotá D.C.,Bronce,False,False,True,0,0,0.0,12,2,5,True
19778,Colombia,Ibagué,Plata,True,True,True,11,7,1699.0,19,15,7,False
19779,Colombia,Cúcuta,Bronce,False,False,True,1,0,0.0,9,3,8,True
19780,Ecuador,—,Bronce,True,False,False,4,3,2160.0,37,15,5,False
19781,Perú,—,Bronce,True,True,True,1,0,0.0,34,10,8,False
19782,Colombia,Bucaramanga,Bronce,True,False,True,0,0,0.0,8,5,8,True
19783,Colombia,Bogotá D.C.,Bronce,False,False,True,1,0,0.0,67,8,8,False
19784,Colombia,Valledupar,Bronce,True,False,False,0,0,0.0,82,2,7,True
19785,Uruguay,—,Bronce,False,True,False,2,1,516.0,13,5,8,True
19786,México,—,Oro,True,True,True,36,22,8404.0,28,5,9,True
19787,Colombia,Pasto,Bronce,True,False,True,3,2,1132.0,25,0,7,True
19788,Colombia,Bucaramanga,Bronce,False,False,True,2,1,434.0,19,2,4,True
19789,Colombia,Armenia,Bronce,True,False,True,2,1,383.0,16,18,8,False
19790,México,—,Bronce,False,False,False,1,0,0.0,68,3,8,True
19791,Perú,—,Bronce,True,False,False,4,3,1104.0,31,12,8,False
19792,Colombia,Cali,Bronce,False,False,True,4,3,1385.0,106,9,10,False
19793,Colombia,Barranquilla,Bronce,False,False,True,1,0,0.0,53,11,10,False
19794,Perú,—,Bronce,True,False,True,3,2,1359.0,61,7,8,False
19795,Colombia,Bogotá D.C.,Platino,True,False,True,78,67,19075.0,4,1,10,True
19796,Ecuador,—,Bronce,False,False,False,2,1,561.0,47,1,10,True
19797,Colombia,Medellín,Bronce,False,False,False,0,0,0.0,3,2,10,True
19798,Colombia,Cali,Bronce,True,False,True,0,0,0.0,11,1,4,True
19799,Colombia,Manizales,Plata,False,False,True,9,8,3213.0,29,2,9,True
19800,México,—,Bronce,False,False,True,3,2,934.0,18,3,9,True
19801,Colombia,Santa Marta,Bronce,False,False,True,1,0,0.0,60,12,9,False
19802,Colombia,Neiva,Plata,True,False,True,17,12,4859.0,8,7,10,False
19803,Colombia,Medellín,Bronce,True,False,True,0,0,0.0,37,10,4,False
19804,Chile,—,Bronce,False,True,True,1,0,0.0,97,4,7,True
19805,Colombia,Cali,Bronce,False,False,True,1,0,0.0,58,5,8,True
19806,Colombia,Bogotá D.C.,Bronce,False,False,True,1,0,0.0,33,3,5,True
19807,Colombia,Otras ciudades,Bronce,False,False,True,2,1,496.0,17,19,10,False
19808,Colombia,Medellín,Bronce,True,False,True,1,0,0.0,23,1,10,True
19809,Colombia,Cartagena,Bronce,False,False,True,0,0,0.0,5,4,9,True
19810,Colombia,Cali,Bronce,True,False,False,2,1,451.0,56,6,10,True
19811,Perú,—,Bronce,False,False,True,0,0,0.0,44,1,6,True
19812,Perú,—,Platino,False,True,True,136,110,57765.0,26,3,9,True
19813,Colombia,Bogotá D.C.,Bronce,False,False,False,1,0,0.0,7,2,8,True
19814,Colombia,Santa Marta,Bronce,False,True,True,0,0,0.0,15,3,10,True
19815,Colombia,Otras ciudades,Bronce,False,True,True,0,0,0.0,26,3,7,True
19816,Colombia,Bogotá D.C.,Bronce,True,False,True,0,0,0.0,100,2,10,True
19817,Colombia,Bucaramanga,Bronce,False,False,True,2,1,440.0,9,11,3,False
19818,Colombia,Otras ciudades,Bronce,False,False,False,0,0,0.0,42,3,4,True
19819,Colombia,Valledupar,Bronce,False,False,True,7,4,1244.0,30,1,10,True
19820,Colombia,Otras ciudades,Plata,True,True,True,12,10,4631.0,11,1,10,True
19821,Colombia,Bogotá D.C.,Plata,False,False,True,8,5,2391.0,16,10,6,False
19822,Colombia,Cúcuta,Bronce,False,False,True,2,1,557.0,15,12,10,False
19823,Ecuador,—,Bronce,False,True,True,6,5,2692.0,6,18,9,False
19824,México,—,Bronce,False,False,True,6,3,1598.0,22,4,10,True
19825,Colombia,Santa Marta,Bronce,True,False,True,2,1,487.0,7,9,6,False
19826,Colombia,Medellín,Bronce,False,False,True,7,4,3102.0,8,10,6,False
19827,Colombia,Otras ciudades,Oro,True,True,True,39,27,11597.0,37,1,5,True
19828,Colombia,Pereira,Bronce,True,True,True,0,0,0.0,18,1,8,True
19829,Colombia,Cúcuta,Plata,True,False,False,12,10,5578.0,21,1,6,True
19830,México,—,Bronce,True,False,False,2,1,696.0,20,9,8,False
19831,Perú,—,Bronce,False,False,True,0,0,0.0,11,12,9,False
19832,Colombia,Cartagena,Bronce,False,True,True,0,0,0.0,17,6,10,True
19833,Uruguay,—,Bronce,True,False,True,0,0,0.0,49,8,8,False
19834,Colombia,Otras ciudades,Bronce,False,False,True,0,0,0.0,44,12,3,False
19835,México,—,Bronce,False,False,True,1,0,0.0,36,6,10,True
19836,México,—,Oro,True,False,True,34,31,17800.0,21,2,8,True
19837,Colombia,Bogotá D.C.,Bronce,False,False,True,0,0,0.0,15,6,6,True
19838,Ecuador,—,Bronce,False,True,True,5,3,1461.0,36,14,10,False
19839,Colombia,Popayán,Plata,False,True,True,22,15,5716.0,38,0,9,True
19840,Colombia,Bogotá D.C.,Bronce,False,False,True,0,0,0.0,32,2,10,True
19841,Colombia,Bogotá D.C.,Bronce,True,False,True,3,2,1350.0,8,8,7,False
19842,Colombia,Pereira,Bronce,False,False,True,1,0,0.0,34,6,9,True
19843,Colombia,Bogotá D.C.,Plata,False,False,False,12,7,3707.0,21,16,8,False
19844,México,—,Bronce,False,True,True,2,1,552.0,45,9,7,False
19845,Colombia,Barranquilla,Bronce,True,False,True,2,1,228.0,8,2,8,True
19846,Colombia,Medellín,Bronce,True,True,True,3,2,1455.0,19,1,4,True
19847,Colombia,Bucaramanga,Bronce,True,False,True,2,1,364.0,9,4,8,True
19848,Colombia,Cali,Bronce,True,True,True,5,3,1463.0,6,1,7,True
19849,México,—,Bronce,False,False,False,0,0,0.0,17,9,7,False
19850,Colombia,Bogotá D.C.,Bronce,True,False,True,0,0,0.0,58,6,9,True
19851,Colombia,Bogotá D.C.,Bronce,True,True,True,1,0,0.0,12,3,10,True
19852,Uruguay,—,Bronce,False,False,True,0,0,0.0,48,8,8,False
19853,México,—,Bronce,False,True,True,1,0,0.0,10,2,7,True
19854,México,—,Bronce,False,True,True,0,0,0.0,12,3,10,True
19855,Colombia,Medellín,Bronce,False,False,True,0,0,0.0,9,0,6,True
19856,Chile,—,Plata,True,False,True,20,12,6222.0,79,8,5,False
19857,Ecuador,—,Bronce,True,True,True,5,3,1629.0,45,9,6,False
19858,Colombia,Barranquilla,Plata,True,False,False,8,5,2460.0,45,0,6,True
19859,Colombia,Santa Marta,Bronce,False,True,True,1,0,0.0,21,8,3,False
19860,México,—,Bronce,False,True,True,3,2,704.0,16,4,10,True
19861,México,—,Bronce,False,False,True,4,2,947.0,29,14,10,False
19862,Perú,—,Bronce,False,False,True,4,2,1337.0,20,6,5,True
19863,Ecuador,—,Bronce,False,False,True,6,4,2470.0,16,8,8,False
19864,México,—,Bronce,False,False,True,1,0,0.0,27,2,8,True
19865,Colombia,Bucaramanga,Bronce,False,False,True,0,0,0.0,46,9,10,False
19866,Colombia,Bogotá D.C.,Bronce,False,True,False,1,0,0.0,7,6,6,True
19867,Colombia,Bogotá D.C.,Bronce,True,True,True,0,0,0.0,36,22,9,False
19868,Colombia,Barranquilla,Bronce,False,False,False,1,0,0.0,72,3,5,True
19869,Colombia,Cali,Bronce,True,True,True,0,0,0.0,12,0,3,True
19870,Colombia,Barranquilla,Bronce,False,False,True,0,0,0.0,21,2,10,True
19871,Uruguay,—,Bronce,True,True,True,0,0,0.0,9,7,6,False
19872,Colombia,Otras ciudades,Plata,False,False,True,8,6,3237.0,19,0,6,True
19873,México,—,Bronce,True,True,False,2,1,341.0,2,11,7,False
19874,Colombia,Bogotá D.C.,Bronce,False,False,True,7,5,3024.0,17,13,9,False
19875,Colombia,Bucaramanga,Bronce,False,False,True,0,0,0.0,54,5,9,True
19876,Perú,—,Bronce,False,True,True,4,3,1735.0,1,13,10,False
19877,Colombia,Montería,Bronce,True,False,True,5,3,1492.0,11,4,4,True
19878,Colombia,Bucaramanga,Bronce,True,False,True,5,3,1113.0,7,13,10,False
19879,Colombia,Cali,Bronce,False,False,False,1,0,0.0,70,2,8,True
19880,Colombia,Bogotá D.C.,Bronce,True,False,True,2,1,541.0,27,14,10,False
19881,Colombia,Bogotá D.C.,Bronce,True,False,True,0,0,0.0,7,1,9,True
19882,Colombia,Bogotá D.C.,Plata,True,True,False,10,8,3267.0,13,1,4,True
19883,Colombia,Medellín,Plata,True,True,True,21,17,8087.0,14,3,10,True
19884,Colombia,Barranquilla,Bronce,False,False,True,0,0,0.0,22,3,10,True
19885,Colombia,Popayán,Bronce,True,True,True,1,0,0.0,14,10,5,False
19886,Uruguay,—,Bronce,False,True,True,3,2,1173.0,75,14,10,False
19887,Uruguay,—,Bronce,False,True,True,4,2,599.0,108,2,8,True
19888,Colombia,Montería,Bronce,False,False,False,3,2,1014.0,8,0,4,True
19889,Colombia,Bogotá D.C.,Bronce,False,False,True,1,0,0.0,18,4,10,True
19890,Colombia,Barranquilla,Bronce,False,True,False,3,2,658.0,63,0,8,True
19891,Colombia,Medellín,Bronce,True,True,True,0,0,0.0,28,35,6,False
19892,Colombia,Medellín,Bronce,False,True,True,0,0,0.0,17,20,7,False
19893,Colombia,Bogotá D.C.,Bronce,False,False,False,0,0,0.0,22,4,8,True
19894,Ecuador,—,Bronce,False,False,True,0,0,0.0,25,8,7,False
19895,México,—,Bronce,False,False,True,0,0,0.0,45,7,6,False
19896,Colombia,Bogotá D.C.,Bronce,True,True,True,1,0,0.0,24,14,9,False
19897,Perú,—,Bronce,True,False,True,0,0,0.0,30,3,7,True
19898,Colombia,Bogotá D.C.,Bronce,True,False,True,1,0,0.0,10,4,9,True
19899,Colombia,Medellín,Bronce,True,False,True,0,0,0.0,47,5,9,True
19900,Colombia,Medellín,Bronce,True,False,True,1,0,0.0,67,0,6,True
19901,Colombia,Bucaramanga,Bronce,True,False,True,0,0,0.0,11,15,8,False
19902,México,—,Bronce,False,True,True,2,1,226.0,8,5,7,True
19903,Colombia,Medellín,Plata,True,False,True,8,5,2846.0,18,4,7,True
19904,Colombia,Popayán,Plata,True,False,True,9,7,3996.0,7,6,9,True
19905,Colombia,Bucaramanga,Bronce,True,False,True,1,0,0.0,51,4,10,True
19906,Perú,—,Bronce,True,False,True,2,1,610.0,87,3,5,True
19907,Ecuador,—,Bronce,False,False,True,0,0,0.0,4,1,6,True
19908,Colombia,Bogotá D.C.,Bronce,False,False,True,0,0,0.0,8,8,9,False
19909,Colombia,Cúcuta,Bronce,False,True,True,1,0,0.0,5,2,10,True
19910,Colombia,Bogotá D.C.,Plata,False,False,True,16,12,7110.0,61,11,10,False
19911,Colombia,Cali,Bronce,True,False,True,1,0,0.0,17,0,6,True
19912,Colombia,Medellín,Bronce,True,False,True,0,0,0.0,50,4,6,True
19913,Colombia,Bogotá D.C.,Bronce,True,False,True,1,0,0.0,13,10,5,False
19914,México,—,Bronce,True,False,True,0,0,0.0,7,4,9,True
19915,Colombia,Cúcuta,Oro,False,True,True,53,33,21444.0,85,19,8,False
19916,Colombia,Bogotá D.C.,Bronce,False,False,True,5,4,1966.0,39,5,10,True
19917,Colombia,Medellín,Bronce,False,False,False,0,0,0.0,7,5,7,True
19918,Colombia,Otras ciudades,Bronce,True,True,False,0,0,0.0,16,5,0,True
19919,Colombia,Barranquilla,Bronce,False,True,True,3,2,930.0,21,1,7,True
19920,Colombia,Medellín,Bronce,False,False,True,1,0,0.0,41,1,10,True
19921,México,—,Plata,True,False,True,13,10,4726.0,41,3,6,True
19922,Colombia,Bogotá D.C.,Bronce,False,False,False,2,1,443.0,35,3,7,True
19923,Colombia,Barranquilla,Bronce,False,False,False,0,0,0.0,16,0,10,True
19924,Colombia,Otras ciudades,Bronce,True,False,True,5,3,1214.0,27,0,5,True
19925,Colombia,Pasto,Bronce,False,True,False,2,1,608.0,2,1,5,True
19926,México,—,Bronce,False,False,True,3,2,1152.0,8,14,9,False
19927,Colombia,Cúcuta,Bronce,False,False,True,0,0,0.0,26,10,9,False
19928,Perú,—,Bronce,True,False,False,2,1,556.0,40,11,10,False
19929,Colombia,Otras ciudades,Bronce,True,False,True,1,0,0.0,44,4,5,True
19930,México,—,Bronce,True,True,True,0,0,0.0,5,1,9,True
19931,México,—,Bronce,True,False,True,6,4,1530.0,92,6,10,True
19932,Colombia,Ibagué,Bronce,False,False,False,0,0,0.0,11,2,6,True
19933,Ecuador,—,Bronce,True,True,True,1,0,0.0,21,13,7,False
19934,Colombia,Bogotá D.C.,Bronce,False,False,True,4,2,1217.0,5,2,9,True
19935,Colombia,Bogotá D.C.,Bronce,False,False,False,5,3,1522.0,1,1,2,True
19936,Colombia,Medellín,Bronce,True,False,True,0,0,0.0,46,5,8,True
19937,Colombia,Villavicencio,Bronce,True,True,True,5,3,1664.0,18,2,8,True
19938,Ecuador,—,Bronce,True,False,False,5,4,2781.0,32,1,9,True
19939,Colombia,Bogotá D.C.,Bronce,False,False,False,2,1,536.0,16,14,10,False
19940,Colombia,Barranquilla,Bronce,False,False,True,0,0,0.0,52,17,8,False
19941,Colombia,Bogotá D.C.,Bronce,True,True,False,3,2,1328.0,7,3,7,True
19942,Colombia,Bogotá D.C.,Plata,True,False,True,22,13,5419.0,8,12,3,False
19943,Colombia,Bogotá D.C.,Bronce,False,False,True,5,4,1792.0,3,3,6,True
19944,Colombia,Bogotá D.C.,Bronce,False,True,False,2,1,291.0,45,2,7,True
19945,Colombia,Cali,Bronce,False,False,True,1,0,0.0,6,5,8,True
19946,Colombia,Ibagué,Plata,False,False,True,9,7,3377.0,46,10,8,False
19947,Colombia,Pereira,Bronce,False,False,True,0,0,0.0,33,1,10,True
19948,Colombia,Otras ciudades,Bronce,False,True,True,0,0,0.0,7,8,6,False
19949,Colombia,Medellín,Bronce,False,False,False,0,0,0.0,3,7,5,False
19950,México,—,Bronce,True,False,True,0,0,0.0,33,16,9,False
19951,Colombia,Cali,Bronce,False,True,True,1,0,0.0,31,8,8,False
19952,Colombia,Medellín,Bronce,True,False,True,3,2,1085.0,60,5,10,True
19953,Colombia,Bucaramanga,Bronce,False,False,True,0,0,0.0,25,2,10,True
19954,Colombia,Armenia,Bronce,False,False,True,1,0,0.0,16,4,10,True
19955,Colombia,Bogotá D.C.,Bronce,True,True,True,0,0,0.0,14,8,4,False
19956,Colombia,Otras ciudades,Bronce,False,False,True,0,0,0.0,14,2,8,True
19957,Colombia,Santa Marta,Bronce,True,False,True,4,2,1091.0,29,8,4,False
19958,Colombia,Barranquilla,Bronce,False,True,True,1,0,0.0,11,6,10,True
19959,Ecuador,—,Bronce,True,False,True,0,0,0.0,10,10,6,False
19960,Colombia,Manizales,Bronce,False,False,True,4,3,1449.0,52,13,7,False
19961,Colombia,Otras ciudades,Bronce,False,True,True,0,0,0.0,21,4,7,True
19962,Colombia,Bogotá D.C.,Bronce,True,False,True,1,0,0.0,8,21,5,False
19963,Colombia,Cali,Bronce,True,False,False,0,0,0.0,3,1,9,True
19964,Chile,—,Bronce,False,False,True,4,3,1145.0,21,1,8,True
19965,México,—,Plata,False,False,True,10,6,4001.0,18,1,6,True
19966,Chile,—,Bronce,True,True,False,0,0,0.0,30,3,6,True
19967,México,—,Plata,True,True,True,13,9,3002.0,18,8,6,False
19968,Colombia,Ibagué,Plata,True,False,True,8,6,2819.0,24,1,8,True
19969,Ecuador,—,Oro,False,True,True,27,22,12159.0,10,16,4,False
19970,Chile,—,Bronce,True,True,True,2,1,483.0,42,2,9,True
19971,Colombia,Medellín,Plata,True,False,True,13,9,5418.0,13,5,5,True
19972,Colombia,Cúcuta,Bronce,False,False,False,3,2,705.0,55,6,7,True
19973,Colombia,Otras ciudades,Bronce,True,False,True,0,0,0.0,26,13,5,False
19974,México,—,Bronce,False,False,True,0,0,0.0,53,2,9,True
19975,México,—,Bronce,False,True,False,3,1,548.0,51,3,6,True
19976,Colombia,Medellín,Bronce,True,False,True,2,1,402.0,52,3,10,True
19977,Chile,—,Bronce,False,True,True,1,0,0.0,10,1,10,True
19978,Colombia,Bogotá D.C.,Bronce,True,False,False,0,0,0.0,31,13,10,False
19979,Perú,—,Bronce,True,False,True,6,4,2228.0,7,4,8,True
19980,Colombia,Bogotá D.C.,Bronce,False,False,True,2,1,346.0,33,7,10,False
19981,Colombia,Bogotá D.C.,Plata,False,False,True,22,19,9797.0,11,8,5,False
19982,Colombia,Pasto,Plata,True,False,True,24,20,10815.0,22,0,10,True
19983,Ecuador,—,Bronce,True,False,True,1,0,0.0,69,19,8,False
19984,Colombia,Cali,Bronce,False,False,True,0,0,0.0,35,17,3,False
19985,Colombia,Pereira,Bronce,True,True,True,4,2,1063.0,35,16,8,False
19986,Colombia,Pereira,Platino,True,False,True,89,83,53643.0,27,3,9,True
19987,Colombia,Medellín,Bronce,True,False,True,5,3,1708.0,16,20,9,False
19988,Uruguay,—,Bronce,True,True,True,1,0,0.0,8,7,9,False
19989,Colombia,Bogotá D.C.,Bronce,False,False,True,1,0,0.0,74,2,6,True
19990,México,—,Bronce,True,False,True,3,2,1119.0,20,1,10,True
19991,Ecuador,—,Bronce,True,True,True,0,0,0.0,90,38,9,False
19992,Colombia,Medellín,Bronce,True,True,True,2,1,615.0,41,3,9,True
19993,México,—,Bronce,True,False,False,0,0,0.0,19,3,9,True
19994,Uruguay,—,Bronce,False,False,True,3,2,911.0,11,0,10,True
19995,Chile,—,Bronce,False,False,True,2,1,235.0,1,0,6,True
19996,Perú,—,Bronce,True,False,True,0,0,0.0,6,14,10,False
19997,Colombia,Cartagena,Bronce,True,False,True,4,3,1424.0,31,9,6,False
19998,Perú,—,Bronce,False,False,False,0,0,0.0,16,2,8,True
19999,Colombia,Bogotá D.C.,Bronce,True,True,True,0,0,0.0,17,7,5,False
20000,Uruguay,—,Bronce,True,False,True,2,1,462.0,17,3,8,True
20001,Colombia,Bogotá D.C.,Bronce,True,True,True,1,0,0.0,25,2,10,True
20002,Colombia,Neiva,Bronce,False,False,True,3,2,898.0,58,9,8,False
20003,Colombia,Ibagué,Bronce,True,True,True,2,1,559.0,65,5,9,True
20004,Ecuador,—,Bronce,False,True,True,0,0,0.0,62,5,7,True
20005,Colombia,Bogotá D.C.,Plata,False,False,True,10,6,2575.0,36,14,9,False
20006,México,—,Oro,False,True,True,56,37,21881.0,71,4,7,True
20007,Perú,—,Bronce,False,False,False,1,0,0.0,15,2,6,True
20008,Colombia,Pasto,Bronce,False,False,False,0,0,0.0,37,8,9,False
20009,Colombia,Popayán,Bronce,True,False,False,0,0,0.0,76,0,10,True
20010,Colombia,Bogotá D.C.,Bronce,False,False,True,4,3,1683.0,12,4,6,True
20011,Colombia,Cali,Bronce,True,False,True,3,2,1156.0,16,2,8,True
20012,Colombia,Bogotá D.C.,Bronce,False,False,True,0,0,0.0,19,5,9,True
20013,Colombia,Manizales,Platino,True,True,True,64,40,18288.0,17,8,8,False
20014,Ecuador,—,Bronce,False,True,True,2,1,548.0,36,9,8,False
20015,Colombia,Bogotá D.C.,Bronce,False,False,True,0,0,0.0,16,0,8,True
20016,Colombia,Medellín,Bronce,False,True,True,1,0,0.0,30,3,8,True
20017,Colombia,Cali,Oro,False,True,True,34,20,9815.0,44,10,10,False
20018,Colombia,Bogotá D.C.,Plata,False,False,True,14,11,5083.0,12,9,10,False
20019,Ecuador,—,Bronce,False,False,True,5,3,1921.0,16,5,8,True
20020,Colombia,Bucaramanga,Bronce,False,False,False,2,1,460.0,7,5,10,True
20021,Colombia,Cali,Bronce,False,True,True,2,1,602.0,23,7,6,False
20022,México,—,Bronce,False,True,True,1,0,0.0,26,9,10,False
20023,Uruguay,—,Plata,False,False,True,14,9,2822.0,8,6,10,True
20024,Colombia,Otras ciudades,Bronce,False,False,True,1,0,0.0,36,2,10,True
20025,Colombia,Medellín,Bronce,True,False,True,4,3,1349.0,47,1,8,True
20026,México,—,Bronce,True,False,False,1,0,0.0,19,11,8,False
20027,Colombia,Bogotá D.C.,Bronce,True,False,True,0,0,0.0,25,1,8,True
20028,Colombia,Pasto,Bronce,True,False,True,0,0,0.0,1,0,6,True
20029,México,—,Bronce,True,False,True,2,1,626.0,42,1,8,True
20030,Colombia,Medellín,Bronce,False,True,True,5,4,1614.0,2,7,7,False
20031,Colombia,Medellín,Bronce,False,False,True,0,0,0.0,52,4,5,True
20032,Colombia,Cartagena,Plata,False,False,False,12,7,3120.0,14,4,8,True
20033,México,—,Bronce,False,False,True,5,4,1297.0,24,0,2,True
20034,Chile,—,Bronce,True,False,True,1,0,0.0,39,4,6,True
20035,Ecuador,—,Bronce,True,False,True,2,1,455.0,12,2,9,True
20036,Colombia,Cali,Bronce,False,False,True,4,3,1990.0,20,15,4,False
20037,Colombia,Cali,Bronce,False,False,True,5,3,1384.0,33,1,6,True
20038,Colombia,Bogotá D.C.,Bronce,False,False,True,0,0,0.0,8,0,8,True
20039,Colombia,Santa Marta,Bronce,False,False,True,3,1,341.0,16,5,5,True
20040,México,—,Plata,True,False,False,17,10,5997.0,18,4,9,True
20041,Colombia,Medellín,Bronce,False,False,True,1,0,0.0,19,4,10,True
20042,Colombia,Bogotá D.C.,Bronce,False,False,False,2,1,282.0,59,26,7,False
20043,Ecuador,—,Bronce,False,True,True,1,0,0.0,3,5,6,True
20044,México,—,Bronce,True,False,True,6,4,1412.0,57,1,4,True
20045,México,—,Bronce,False,True,True,2,1,614.0,25,1,9,True
20046,México,—,Bronce,True,False,True,1,0,0.0,2,11,5,False
20047,Colombia,Bogotá D.C.,Bronce,False,False,False,2,1,512.0,66,2,9,True
20048,Colombia,Otras ciudades,Bronce,True,False,False,0,0,0.0,32,4,7,True
20049,Colombia,Bogotá D.C.,Bronce,False,True,True,2,1,355.0,15,10,8,False
20050,Colombia,Cali,Plata,False,True,True,9,8,3738.0,6,6,5,True
20051,Colombia,Bogotá D.C.,Bronce,False,False,True,1,0,0.0,13,21,8,False
20052,Colombia,Otras ciudades,Bronce,False,False,True,0,0,0.0,26,4,8,True
20053,Uruguay,—,Bronce,False,False,True,6,3,1197.0,38,11,6,False
20054,Colombia,Santa Marta,Bronce,True,True,True,5,4,2008.0,33,7,9,False
20055,Colombia,Cali,Bronce,True,False,False,3,1,359.0,3,1,8,True
20056,México,—,Bronce,True,False,False,2,1,670.0,2,6,4,True
20057,México,—,Bronce,True,False,True,2,1,701.0,12,1,6,True
20058,Colombia,Otras ciudades,Bronce,True,False,True,0,0,0.0,39,0,9,True
20059,Colombia,Bogotá D.C.,Bronce,False,True,False,1,0,0.0,10,12,5,False
20060,Uruguay,—,Bronce,False,False,True,1,0,0.0,5,3,6,True
20061,Colombia,Ibagué,Bronce,True,False,True,5,4,2204.0,14,15,8,False
20062,Colombia,Neiva,Bronce,True,False,True,1,0,0.0,22,0,5,True
20063,Colombia,Otras ciudades,Bronce,False,False,True,1,0,0.0,14,5,8,True
20064,Colombia,Barranquilla,Bronce,False,False,True,7,6,3557.0,19,8,9,False
20065,Colombia,Medellín,Bronce,True,False,True,4,2,1020.0,31,5,6,True
20066,Colombia,Bogotá D.C.,Bronce,False,False,True,3,2,896.0,15,1,9,True
20067,Colombia,Otras ciudades,Plata,True,False,True,8,5,3369.0,13,6,5,True
20068,Colombia,Cali,Bronce,False,True,True,0,0,0.0,10,8,9,False
20069,Colombia,Bogotá D.C.,Bronce,True,True,True,3,2,907.0,53,4,5,True
20070,Colombia,Otras ciudades,Bronce,False,True,True,0,0,0.0,22,10,10,False
20071,Ecuador,—,Bronce,True,False,False,0,0,0.0,4,6,8,True
20072,Colombia,Manizales,Bronce,False,False,False,4,2,827.0,18,0,8,True
20073,Perú,—,Plata,False,False,True,18,14,6709.0,4,9,7,False
20074,Colombia,Pereira,Bronce,True,False,True,0,0,0.0,48,9,10,False
20075,Colombia,Medellín,Bronce,False,False,True,2,1,396.0,51,8,7,False
20076,México,—,Bronce,False,True,True,1,0,0.0,2,3,4,True
20077,Ecuador,—,Plata,False,False,True,8,6,2971.0,20,7,6,False
20078,Colombia,Bogotá D.C.,Bronce,False,False,False,0,0,0.0,40,15,6,False
20079,Colombia,Bogotá D.C.,Bronce,False,False,True,1,0,0.0,17,2,8,True
20080,México,—,Bronce,False,False,True,2,1,308.0,21,7,9,False
20081,Colombia,Bogotá D.C.,Plata,False,False,True,8,5,2930.0,14,12,10,False
20082,México,—,Bronce,True,True,False,1,0,0.0,3,16,10,False
20083,México,—,Bronce,False,True,True,1,0,0.0,14,1,8,True
20084,Perú,—,Plata,False,False,True,11,9,3749.0,33,3,5,True
20085,Colombia,Villavicencio,Bronce,False,False,True,1,0,0.0,12,8,3,False
20086,Perú,—,Bronce,False,True,False,1,0,0.0,18,0,4,True
20087,México,—,Bronce,True,True,False,0,0,0.0,7,3,8,True
20088,México,—,Bronce,False,False,False,0,0,0.0,7,6,7,True
20089,Colombia,Bogotá D.C.,Bronce,False,False,True,5,3,1760.0,57,5,9,True
20090,Colombia,Cúcuta,Plata,False,True,True,10,8,4159.0,6,0,6,True
20091,Colombia,Bogotá D.C.,Bronce,False,False,True,1,0,0.0,62,1,10,True
20092,Colombia,Cali,Bronce,False,False,True,1,0,0.0,28,5,8,True
20093,Colombia,Medellín,Bronce,True,True,True,4,3,1933.0,17,2,10,True
20094,Colombia,Medellín,Bronce,False,False,True,0,0,0.0,63,5,9,True
20095,Uruguay,—,Bronce,True,False,True,0,0,0.0,42,14,10,False
20096,Perú,—,Bronce,True,True,True,6,5,2614.0,43,6,9,True
20097,Colombia,Medellín,Bronce,False,False,True,0,0,0.0,44,1,4,True
20098,Uruguay,—,Bronce,False,False,True,2,1,544.0,2,2,5,True
20099,Colombia,Cali,Oro,True,True,True,34,30,13155.0,17,4,6,True
20100,Uruguay,—,Bronce,True,True,True,6,5,2579.0,13,10,10,False
20101,Colombia,Cali,Plata,False,False,True,9,6,3025.0,23,5,3,True
20102,Colombia,Barranquilla,Bronce,False,True,True,1,0,0.0,29,7,8,False
20103,Perú,—,Bronce,False,False,True,0,0,0.0,35,9,10,False
20104,México,—,Bronce,True,False,True,0,0,0.0,62,6,5,True
20105,Colombia,Neiva,Bronce,False,False,True,2,1,452.0,9,8,8,False
20106,Colombia,Ibagué,Bronce,True,False,True,0,0,0.0,18,6,8,True
20107,Colombia,Medellín,Plata,True,False,False,9,5,3927.0,13,10,8,False
20108,Uruguay,—,Bronce,True,True,False,1,0,0.0,23,12,10,False
20109,Colombia,Otras ciudades,Bronce,False,False,True,0,0,0.0,51,5,5,True
20110,México,—,Bronce,True,False,True,3,1,470.0,25,2,10,True
20111,Uruguay,—,Bronce,True,False,True,0,0,0.0,6,2,4,True
20112,Ecuador,—,Bronce,False,True,False,7,5,2931.0,15,15,7,False
20113,Perú,—,Bronce,True,False,True,0,0,0.0,17,4,7,True
20114,Ecuador,—,Bronce,False,False,False,0,0,0.0,33,8,7,False
20115,Uruguay,—,Bronce,False,True,True,2,1,232.0,32,5,6,True
20116,Ecuador,—,Bronce,False,True,True,6,5,2691.0,11,3,10,True
20117,México,—,Plata,False,False,True,9,8,2301.0,46,8,8,False
20118,Colombia,Bogotá D.C.,Bronce,False,False,True,2,1,330.0,17,1,7,True
20119,Perú,—,Oro,True,False,True,34,27,18138.0,5,21,7,False
20120,Colombia,Cali,Bronce,True,False,True,1,0,0.0,13,1,10,True
20121,Colombia,Barranquilla,Plata,True,False,True,8,6,4085.0,82,2,10,True
20122,Perú,—,Bronce,False,False,False,6,4,1575.0,31,9,9,False
20123,Colombia,Medellín,Bronce,False,True,True,0,0,0.0,11,8,10,False
20124,Colombia,Medellín,Bronce,False,False,True,4,2,920.0,20,2,10,True
20125,Colombia,Medellín,Bronce,False,False,False,2,1,482.0,100,11,6,False
20126,Colombia,Cartagena,Plata,True,False,True,8,4,1754.0,21,13,7,False
20127,Colombia,Barranquilla,Plata,True,False,True,10,7,3231.0,43,6,4,True
20128,México,—,Bronce,False,True,True,0,0,0.0,24,6,6,True
20129,Colombia,Cali,Bronce,False,True,True,0,0,0.0,56,15,8,False
20130,México,—,Bronce,True,False,True,0,0,0.0,49,1,10,True
20131,México,—,Bronce,False,False,True,1,0,0.0,65,11,5,False
20132,Colombia,Bogotá D.C.,Plata,False,True,True,15,9,4916.0,5,13,7,False
20133,Perú,—,Bronce,True,True,True,4,3,1362.0,61,5,2,True
20134,Colombia,Manizales,Bronce,False,True,True,0,0,0.0,56,10,10,False
20135,Colombia,Otras ciudades,Bronce,False,False,False,0,0,0.0,33,14,9,False
20136,Ecuador,—,Bronce,False,False,True,0,0,0.0,5,21,8,False
20137,Colombia,Bogotá D.C.,Bronce,False,False,False,0,0,0.0,7,8,8,False
20138,Perú,—,Plata,True,True,True,10,8,3998.0,28,2,8,True
20139,Colombia,Barranquilla,Bronce,True,False,True,2,1,377.0,35,2,10,True
20140,Colombia,Barranquilla,Bronce,False,False,True,6,5,2636.0,7,2,3,True
20141,Ecuador,—,Plata,True,True,True,20,16,4423.0,20,5,4,True
20142,Ecuador,—,Bronce,False,False,True,7,4,1757.0,32,0,9,True
20143,Colombia,Pasto,Plata,True,False,True,8,6,3858.0,20,6,6,True
20144,Colombia,Barranquilla,Plata,False,False,True,8,6,2715.0,3,5,10,True
20145,Uruguay,—,Bronce,False,True,True,0,0,0.0,14,2,10,True
20146,Colombia,Bogotá D.C.,Bronce,True,True,True,2,1,522.0,40,8,3,False
20147,Chile,—,Plata,False,True,True,8,6,2259.0,31,7,7,False
20148,Colombia,Bogotá D.C.,Bronce,True,False,True,0,0,0.0,50,7,6,False
20149,Colombia,Cali,Bronce,False,False,True,3,1,611.0,30,0,6,True
20150,Colombia,Bogotá D.C.,Bronce,False,True,True,0,0,0.0,35,8,8,False
20151,Ecuador,—,Bronce,True,False,False,0,0,0.0,14,1,7,True
20152,Colombia,Medellín,Oro,True,True,False,33,30,13037.0,48,2,8,True
20153,México,—,Bronce,False,False,True,1,0,0.0,21,2,10,True
20154,Colombia,Bucaramanga,Bronce,False,True,True,4,3,1593.0,22,11,4,False
20155,Colombia,Otras ciudades,Bronce,False,True,True,2,1,659.0,42,4,8,True
20156,Ecuador,—,Bronce,True,True,True,7,5,840.0,10,0,10,True
20157,México,—,Bronce,False,True,True,1,0,0.0,89,2,2,True
20158,México,—,Plata,True,False,True,14,9,5331.0,4,1,7,True
20159,Perú,—,Bronce,True,False,False,0,0,0.0,73,14,9,False
20160,Perú,—,Bronce,False,False,True,0,0,0.0,26,3,10,True
20161,Colombia,Neiva,Plata,False,True,True,8,6,3895.0,56,9,7,False
20162,Colombia,Bogotá D.C.,Bronce,True,True,True,0,0,0.0,37,4,8,True
20163,Ecuador,—,Bronce,True,False,True,1,0,0.0,31,1,8,True
20164,Colombia,Cali,Plata,False,False,True,10,7,2254.0,16,16,7,False
20165,Colombia,Cartagena,Bronce,False,False,True,1,0,0.0,67,2,7,True
20166,México,—,Oro,False,False,True,25,22,13459.0,31,4,8,True
20167,Colombia,Villavicencio,Bronce,True,True,True,1,0,0.0,32,7,9,False
20168,México,—,Bronce,True,False,True,5,3,1549.0,40,3,7,True
20169,Colombia,Cali,Bronce,True,True,True,1,0,0.0,55,6,5,True
20170,Colombia,Bogotá D.C.,Bronce,True,False,True,0,0,0.0,3,5,10,True
20171,Perú,—,Bronce,True,False,False,5,3,1516.0,41,6,10,True
20172,México,—,Bronce,False,False,True,4,2,1213.0,16,11,6,False
20173,Colombia,Medellín,Bronce,False,False,True,0,0,0.0,58,3,10,True
20174,Colombia,Cali,Bronce,False,True,True,1,0,0.0,20,17,8,False
20175,Colombia,Medellín,Bronce,True,False,True,1,0,0.0,42,2,7,True
20176,México,—,Plata,False,True,True,8,5,3143.0,11,7,8,False
20177,Colombia,Cali,Bronce,True,False,True,0,0,0.0,39,1,5,True
20178,Colombia,Montería,Bronce,True,False,True,2,1,432.0,47,3,7,True
20179,Colombia,Bogotá D.C.,Bronce,False,False,True,4,2,666.0,17,0,7,True
20180,Colombia,Bogotá D.C.,Bronce,False,False,True,1,0,0.0,60,13,7,False
20181,Colombia,Bogotá D.C.,Bronce,False,False,True,0,0,0.0,50,2,7,True
20182,Colombia,Bogotá D.C.,Bronce,False,False,True,0,0,0.0,30,5,8,True
20183,Colombia,Bogotá D.C.,Bronce,True,False,False,0,0,0.0,13,6,6,True
20184,Colombia,Cali,Bronce,True,False,True,7,6,2729.0,30,8,7,False
20185,México,—,Bronce,True,False,True,0,0,0.0,48,3,7,True
20186,México,—,Bronce,False,True,True,0,0,0.0,47,3,7,True
20187,Colombia,Otras ciudades,Bronce,True,False,True,2,1,428.0,36,13,7,False
20188,Ecuador,—,Plata,False,True,True,10,7,3118.0,14,2,7,True
20189,Colombia,Bogotá D.C.,Bronce,False,True,True,4,3,1718.0,7,0,5,True
20190,México,—,Bronce,False,True,True,5,4,2239.0,6,2,6,True
20191,Colombia,Manizales,Bronce,False,False,True,5,4,2894.0,11,9,9,False
20192,Colombia,Manizales,Bronce,True,False,False,0,0,0.0,19,13,7,False
20193,Colombia,Cúcuta,Oro,False,True,True,29,18,8125.0,20,3,10,True
20194,Colombia,Otras ciudades,Bronce,True,False,False,1,0,0.0,59,4,7,True
20195,Ecuador,—,Bronce,False,True,True,5,3,1608.0,10,10,7,False
20196,Colombia,Bogotá D.C.,Bronce,True,True,True,0,0,0.0,22,8,7,False
20197,México,—,Bronce,True,False,True,2,1,510.0,5,6,5,True
20198,México,—,Bronce,True,False,True,0,0,0.0,19,1,9,True
20199,México,—,Bronce,False,True,True,0,0,0.0,16,2,8,True
20200,Colombia,Otras ciudades,Bronce,False,False,True,7,4,2074.0,19,0,5,True
20201,Colombia,Bogotá D.C.,Bronce,False,False,True,3,2,1142.0,58,6,10,True
20202,Colombia,Ibagué,Platino,True,True,True,90,81,46109.0,15,9,6,False
20203,Colombia,Bogotá D.C.,Bronce,True,False,True,1,0,0.0,53,9,6,False
20204,México,—,Bronce,True,False,True,0,0,0.0,15,2,8,True
20205,México,—,Bronce,False,False,True,7,5,1582.0,43,0,8,True
20206,Ecuador,—,Bronce,False,False,True,0,0,0.0,21,3,10,True
20207,Colombia,Pereira,Plata,False,True,False,22,16,7962.0,42,9,6,False
20208,Colombia,Barranquilla,Bronce,False,False,True,0,0,0.0,26,0,10,True
20209,Colombia,Bogotá D.C.,Bronce,False,True,True,0,0,0.0,51,2,7,True
20210,Colombia,Barranquilla,Bronce,False,True,True,4,2,795.0,37,0,4,True
20211,Colombia,Bogotá D.C.,Bronce,False,False,True,1,0,0.0,50,0,8,True
20212,Perú,—,Bronce,False,True,True,0,0,0.0,6,5,7,True
20213,Colombia,Pasto,Bronce,True,False,True,0,0,0.0,30,6,10,True
20214,Colombia,Bogotá D.C.,Plata,True,False,True,10,8,4496.0,7,13,7,False
20215,Colombia,Bogotá D.C.,Bronce,False,False,True,2,1,662.0,16,2,7,True
20216,Colombia,Bogotá D.C.,Plata,True,False,True,19,16,7840.0,6,4,6,True
20217,Colombia,Bogotá D.C.,Bronce,False,True,False,0,0,0.0,36,4,6,True
20218,Colombia,Manizales,Bronce,False,False,True,1,0,0.0,37,4,6,True
20219,México,—,Bronce,False,False,True,0,0,0.0,12,2,9,True
20220,Uruguay,—,Bronce,True,False,True,0,0,0.0,12,4,5,True
20221,Colombia,Pereira,Bronce,True,False,False,0,0,0.0,37,6,5,True
20222,Colombia,Bogotá D.C.,Bronce,True,True,True,5,3,943.0,30,4,8,True
20223,Colombia,Bogotá D.C.,Bronce,False,False,True,2,1,586.0,47,16,8,False
20224,Colombia,Bucaramanga,Plata,False,True,True,16,14,9161.0,3,32,7,False
20225,Colombia,Medellín,Bronce,False,False,False,1,0,0.0,37,6,10,True
20226,Ecuador,—,Plata,False,True,True,9,5,1389.0,29,15,5,False
20227,Uruguay,—,Bronce,False,False,True,4,2,934.0,5,2,8,True
20228,Colombia,Bogotá D.C.,Bronce,False,False,True,4,2,1074.0,54,8,8,False
20229,Colombia,Manizales,Bronce,False,True,True,2,1,515.0,44,1,8,True
20230,Ecuador,—,Bronce,True,False,True,3,1,421.0,19,7,9,False
20231,México,—,Bronce,False,True,False,2,1,624.0,24,11,10,False
20232,Ecuador,—,Bronce,True,True,True,2,1,343.0,11,8,10,False
20233,Colombia,Otras ciudades,Bronce,True,False,True,5,3,1127.0,12,3,10,True
20234,Colombia,Manizales,Bronce,False,False,True,0,0,0.0,47,2,4,True
20235,Colombia,Medellín,Bronce,False,False,True,2,1,436.0,13,2,6,True
20236,México,—,Bronce,True,False,True,2,1,417.0,86,5,8,True
20237,Colombia,Otras ciudades,Bronce,True,False,True,1,0,0.0,40,4,10,True
20238,México,—,Plata,True,False,True,14,10,6382.0,32,3,4,True
20239,Ecuador,—,Plata,True,False,True,17,14,4630.0,6,9,9,False
20240,Colombia,Bogotá D.C.,Bronce,True,True,True,2,1,383.0,37,2,9,True
20241,Colombia,Bogotá D.C.,Bronce,True,False,True,0,0,0.0,26,14,9,False
20242,México,—,Bronce,True,True,False,1,0,0.0,6,3,3,True
20243,Colombia,Cali,Bronce,True,False,True,6,4,2440.0,9,8,8,False
20244,Colombia,Bucaramanga,Bronce,True,True,True,1,0,0.0,13,3,7,True
20245,México,—,Plata,True,False,True,9,6,3065.0,39,0,9,True
20246,Colombia,Bogotá D.C.,Bronce,True,False,True,1,0,0.0,17,7,6,False
20247,Colombia,Cúcuta,Bronce,True,False,True,0,0,0.0,22,4,7,True
20248,Colombia,Barranquilla,Bronce,False,False,True,3,2,887.0,40,8,9,False
20249,México,—,Bronce,True,True,False,4,2,487.0,57,6,8,True
20250,Colombia,Bogotá D.C.,Bronce,True,False,True,1,0,0.0,60,4,8,True
20251,México,—,Bronce,True,False,True,1,0,0.0,13,13,6,False
20252,Colombia,Pereira,Bronce,False,False,True,0,0,0.0,6,4,6,True
20253,Colombia,Barranquilla,Bronce,False,False,True,0,0,0.0,13,5,3,True
20254,Colombia,Medellín,Plata,True,False,True,19,15,9548.0,14,4,10,True
20255,Colombia,Cali,Bronce,False,False,True,0,0,0.0,66,3,5,True
20256,Ecuador,—,Bronce,True,False,True,0,0,0.0,33,10,5,False
20257,México,—,Bronce,False,True,True,0,0,0.0,22,1,9,True
20258,Colombia,Medellín,Bronce,True,True,True,0,0,0.0,33,2,10,True
20259,México,—,Plata,False,False,True,22,13,6538.0,23,8,9,False
20260,Colombia,Cartagena,Bronce,True,True,True,1,0,0.0,17,0,10,True
20261,Colombia,Bogotá D.C.,Bronce,False,False,True,0,0,0.0,27,2,7,True
20262,Colombia,Cúcuta,Bronce,True,False,True,0,0,0.0,65,3,6,True
20263,Colombia,Montería,Bronce,False,False,True,1,0,0.0,2,6,5,True
20264,Colombia,Otras ciudades,Plata,False,False,True,23,18,12569.0,11,1,9,True
20265,México,—,Bronce,True,False,True,2,1,412.0,6,2,6,True
20266,Colombia,Medellín,Bronce,True,False,True,1,0,0.0,29,2,5,True
20267,Colombia,Cali,Plata,False,False,True,21,16,6717.0,34,2,7,True
20268,Colombia,Popayán,Bronce,False,True,False,0,0,0.0,20,3,4,True
20269,Colombia,Bogotá D.C.,Bronce,True,False,False,6,5,2312.0,18,1,5,True
20270,Colombia,Popayán,Bronce,True,False,True,0,0,0.0,24,3,5,True
20271,Colombia,Cartagena,Bronce,True,False,True,1,0,0.0,74,5,8,True
20272,Colombia,Barranquilla,Bronce,True,False,False,0,0,0.0,120,2,3,True
20273,Uruguay,—,Bronce,False,False,True,0,0,0.0,26,4,7,True
20274,Colombia,Bogotá D.C.,Bronce,True,True,True,1,0,0.0,24,8,10,False
20275,México,—,Bronce,False,True,True,3,1,483.0,27,2,10,True
20276,Perú,—,Bronce,True,False,True,2,1,641.0,13,2,8,True
20277,Colombia,Cali,Bronce,True,True,True,7,4,2136.0,21,0,10,True
20278,Perú,—,Bronce,True,True,True,1,0,0.0,29,2,3,True
20279,Ecuador,—,Bronce,True,True,False,0,0,0.0,30,5,5,True
20280,México,—,Bronce,True,False,False,2,1,395.0,22,4,10,True
20281,Colombia,Otras ciudades,Bronce,True,True,True,0,0,0.0,5,0,8,True
20282,Perú,—,Bronce,True,False,True,0,0,0.0,33,5,9,True
20283,Uruguay,—,Bronce,False,False,True,4,2,617.0,33,14,6,False
20284,México,—,Bronce,False,False,True,3,2,822.0,4,14,10,False
20285,Colombia,Medellín,Bronce,False,False,True,2,1,286.0,8,2,6,True
20286,Colombia,Bogotá D.C.,Bronce,True,False,True,0,0,0.0,38,1,5,True
20287,Colombia,Bogotá D.C.,Bronce,True,False,True,7,4,2047.0,8,1,9,True
20288,Colombia,Pereira,Oro,True,False,False,31,20,3911.0,13,0,7,True
20289,Colombia,Bogotá D.C.,Bronce,True,False,True,0,0,0.0,53,2,6,True
20290,Perú,—,Bronce,False,False,True,2,1,532.0,30,7,8,False
20291,México,—,Bronce,False,True,True,0,0,0.0,58,4,6,True
20292,México,—,Bronce,False,False,False,0,0,0.0,15,4,10,True
20293,Colombia,Medellín,Bronce,False,False,True,1,0,0.0,5,0,7,True
20294,Colombia,Bucaramanga,Bronce,False,False,True,3,2,938.0,37,6,10,True
20295,Colombia,Bucaramanga,Bronce,False,False,True,4,2,1051.0,15,14,6,False
20296,Colombia,Manizales,Bronce,True,False,True,2,1,440.0,10,13,8,False
20297,México,—,Bronce,False,False,True,2,1,489.0,75,3,7,True
20298,Colombia,Neiva,Bronce,True,True,True,1,0,0.0,8,5,5,True
20299,Ecuador,—,Bronce,True,False,True,0,0,0.0,31,11,6,False
20300,México,—,Bronce,True,True,True,6,5,2046.0,5,8,6,False
20301,Chile,—,Bronce,True,False,False,0,0,0.0,21,0,9,True
20302,Perú,—,Bronce,True,False,True,1,0,0.0,8,15,7,False
20303,Colombia,Bogotá D.C.,Oro,True,True,False,34,24,9993.0,16,2,6,True
20304,Colombia,Bogotá D.C.,Bronce,False,False,False,6,4,1658.0,50,5,9,True
20305,Colombia,Bogotá D.C.,Bronce,False,False,True,1,0,0.0,32,5,9,True
20306,Ecuador,—,Bronce,False,False,True,7,6,3771.0,6,12,5,False
20307,Colombia,Ibagué,Bronce,False,False,True,1,0,0.0,44,3,2,True
20308,México,—,Bronce,False,True,True,7,5,2341.0,12,1,9,True
20309,Colombia,Bogotá D.C.,Bronce,True,False,True,1,0,0.0,66,10,9,False
20310,Colombia,Cali,Bronce,True,False,False,0,0,0.0,7,11,4,False
20311,Colombia,Medellín,Bronce,False,False,True,1,0,0.0,45,2,10,True
20312,Perú,—,Bronce,False,True,True,7,4,1373.0,27,2,8,True
20313,Colombia,Medellín,Bronce,False,False,True,1,0,0.0,16,0,1,True
20314,Colombia,Pasto,Bronce,False,False,True,4,3,2162.0,10,7,4,False
20315,Colombia,Otras ciudades,Bronce,True,True,True,1,0,0.0,14,21,7,False
20316,Uruguay,—,Bronce,False,True,True,1,0,0.0,129,2,8,True
20317,México,—,Bronce,False,False,True,0,0,0.0,10,4,6,True
20318,Colombia,Bogotá D.C.,Bronce,False,False,True,3,1,439.0,6,8,8,False
20319,Colombia,Ibagué,Bronce,True,False,False,0,0,0.0,19,7,8,False
20320,Colombia,Medellín,Bronce,True,True,False,4,3,1497.0,4,8,8,False
20321,México,—,Bronce,False,True,True,2,1,502.0,31,5,7,True
20322,Colombia,Montería,Bronce,False,False,True,0,0,0.0,32,6,6,True
20323,Ecuador,—,Bronce,False,True,True,4,3,1160.0,27,5,4,True
20324,Colombia,Medellín,Bronce,True,False,False,0,0,0.0,12,9,6,False
20325,Ecuador,—,Bronce,True,False,True,0,0,0.0,68,1,8,True
20326,Perú,—,Bronce,False,False,True,0,0,0.0,14,2,7,True
20327,Colombia,Barranquilla,Bronce,True,False,True,1,0,0.0,37,4,8,True
20328,Uruguay,—,Plata,True,False,True,21,19,11698.0,28,3,10,True
20329,Ecuador,—,Bronce,False,False,True,0,0,0.0,49,7,8,False
20330,Colombia,Bogotá D.C.,Plata,False,True,False,8,4,1589.0,13,6,10,True
20331,Uruguay,—,Bronce,True,True,True,3,2,764.0,13,1,9,True
20332,Colombia,Bogotá D.C.,Bronce,False,True,True,2,1,508.0,5,3,6,True
20333,Colombia,Barranquilla,Bronce,True,False,True,1,0,0.0,78,6,3,True
20334,Colombia,Otras ciudades,Bronce,True,True,True,0,0,0.0,72,19,6,False
20335,México,—,Bronce,True,False,True,3,2,1303.0,1,9,10,False
20336,Perú,—,Bronce,True,True,True,1,0,0.0,64,6,9,True
20337,Colombia,Bogotá D.C.,Bronce,False,True,True,4,2,896.0,20,0,10,True
20338,Colombia,Cali,Plata,False,False,True,23,17,9904.0,3,9,9,False
20339,México,—,Oro,True,True,False,25,23,13273.0,10,5,10,True
20340,México,—,Bronce,False,True,True,0,0,0.0,77,5,3,True
20341,Colombia,Otras ciudades,Bronce,True,False,True,1,0,0.0,82,7,8,False
20342,Perú,—,Bronce,True,False,True,2,1,543.0,9,1,10,True
20343,Colombia,Medellín,Bronce,True,True,True,1,0,0.0,2,20,8,False
20344,Colombia,Otras ciudades,Bronce,False,False,False,0,0,0.0,45,4,4,True
20345,Colombia,Cali,Bronce,True,False,True,1,0,0.0,28,2,9,True
20346,Colombia,Bogotá D.C.,Bronce,True,False,False,2,1,361.0,93,8,9,False
20347,Colombia,Otras ciudades,Bronce,False,False,True,1,0,0.0,59,11,8,False
20348,Colombia,Santa Marta,Bronce,False,True,True,1,0,0.0,36,0,7,True
20349,Colombia,Pasto,Bronce,False,False,True,0,0,0.0,37,1,7,True
20350,México,—,Bronce,False,False,True,0,0,0.0,56,3,8,True
20351,Colombia,Pereira,Bronce,False,False,False,0,0,0.0,19,0,5,True
20352,Perú,—,Bronce,False,False,True,4,2,1050.0,45,2,10,True
20353,Uruguay,—,Bronce,False,False,True,0,0,0.0,53,5,6,True
20354,México,—,Bronce,False,False,True,7,6,2956.0,53,3,4,True
20355,Colombia,Neiva,Plata,False,False,True,20,15,7049.0,8,7,7,False
20356,Colombia,Otras ciudades,Platino,True,False,True,64,53,23650.0,24,17,8,False
20357,México,—,Bronce,True,True,True,2,1,253.0,21,7,9,False
20358,Uruguay,—,Bronce,True,False,True,0,0,0.0,12,2,10,True
20359,Colombia,Cali,Bronce,True,False,True,0,0,0.0,17,11,10,False
20360,Colombia,Bogotá D.C.,Plata,True,False,True,9,7,4321.0,22,2,4,True
20361,Colombia,Bogotá D.C.,Plata,True,False,True,19,16,10276.0,10,1,9,True
20362,Colombia,Cali,Platino,False,False,True,74,67,38016.0,32,5,10,True
20363,Colombia,Bogotá D.C.,Bronce,False,False,False,0,0,0.0,24,2,9,True
20364,Colombia,Otras ciudades,Bronce,False,False,True,7,6,3504.0,5,5,5,True
20365,Colombia,Pereira,Bronce,True,False,True,0,0,0.0,49,14,5,False
20366,Colombia,Bogotá D.C.,Bronce,True,True,True,0,0,0.0,45,8,4,False
20367,Colombia,Bogotá D.C.,Bronce,True,True,True,0,0,0.0,12,8,9,False
20368,México,—,Plata,True,True,True,9,7,4963.0,62,5,4,True
20369,México,—,Bronce,False,False,False,2,1,468.0,49,6,7,True
20370,Colombia,Santa Marta,Bronce,False,False,True,4,3,1221.0,78,7,10,False
20371,Ecuador,—,Bronce,False,False,True,2,1,614.0,8,21,8,False
20372,Ecuador,—,Bronce,True,False,True,3,2,1281.0,61,7,10,False
20373,México,—,Bronce,False,False,True,0,0,0.0,4,10,8,False
20374,Perú,—,Bronce,True,True,True,0,0,0.0,24,0,5,True
20375,Colombia,Otras ciudades,Plata,False,False,True,11,7,2626.0,17,4,10,True
20376,Colombia,Bogotá D.C.,Bronce,False,False,True,1,0,0.0,20,5,7,True
20377,Colombia,Medellín,Plata,False,False,False,15,9,3897.0,35,7,8,False
20378,Colombia,Bucaramanga,Bronce,False,False,True,0,0,0.0,17,4,10,True
20379,México,—,Bronce,False,False,False,2,1,497.0,20,4,10,True
20380,México,—,Plata,True,True,True,11,8,3530.0,7,1,9,True
20381,Colombia,Popayán,Bronce,True,False,True,0,0,0.0,13,17,6,False
20382,Colombia,Ibagué,Bronce,False,False,True,1,0,0.0,121,4,8,True
20383,Colombia,Sincelejo,Bronce,False,True,True,4,3,620.0,83,5,8,True
20384,Uruguay,—,Bronce,True,False,True,4,3,1864.0,40,5,6,True
20385,Colombia,Otras ciudades,Bronce,False,False,True,0,0,0.0,35,5,4,True
20386,Colombia,Bogotá D.C.,Bronce,True,True,True,0,0,0.0,14,1,6,True
20387,Ecuador,—,Bronce,False,False,True,0,0,0.0,38,11,10,False
20388,Colombia,Otras ciudades,Bronce,False,True,True,6,4,2203.0,82,2,8,True
20389,Colombia,Neiva,Bronce,False,False,True,2,1,580.0,47,8,8,False
20390,Uruguay,—,Bronce,False,False,True,0,0,0.0,49,4,4,True
20391,Ecuador,—,Bronce,False,False,True,7,5,2719.0,12,3,5,True
20392,Colombia,Bogotá D.C.,Bronce,True,True,True,3,2,1032.0,31,2,7,True
20393,Ecuador,—,Plata,False,False,True,10,8,5901.0,11,1,5,True
20394,Colombia,Bogotá D.C.,Bronce,False,False,False,4,3,1035.0,64,1,6,True
20395,Colombia,Bogotá D.C.,Bronce,False,False,True,2,1,572.0,87,2,7,True
20396,México,—,Plata,False,False,True,13,7,3949.0,29,2,6,True
20397,Colombia,Cali,Bronce,False,False,True,0,0,0.0,27,7,6,False
20398,Perú,—,Bronce,True,True,False,0,0,0.0,6,1,10,True
20399,Colombia,Barranquilla,Plata,False,False,True,22,16,6728.0,38,13,10,False
20400,Chile,—,Bronce,False,True,True,0,0,0.0,20,2,5,True
20401,Colombia,Cali,Bronce,False,False,True,7,5,2651.0,27,2,7,True
20402,Colombia,Otras ciudades,Bronce,True,False,True,0,0,0.0,24,1,7,True
20403,Colombia,Ibagué,Bronce,True,False,True,1,0,0.0,34,17,6,False
20404,Colombia,Bogotá D.C.,Bronce,False,False,True,0,0,0.0,69,9,5,False
20405,México,—,Bronce,True,False,True,0,0,0.0,94,9,7,False
20406,Perú,—,Bronce,True,False,True,2,1,586.0,56,9,10,False
20407,Chile,—,Bronce,False,False,False,1,0,0.0,51,8,7,False
20408,Uruguay,—,Bronce,True,True,True,1,0,0.0,14,8,6,False
20409,Colombia,Bogotá D.C.,Bronce,True,True,True,6,4,2311.0,7,0,7,True
20410,Perú,—,Bronce,False,False,True,2,1,406.0,33,9,10,False
20411,Colombia,Barranquilla,Plata,True,True,True,9,7,2189.0,6,6,8,True
20412,Colombia,Bogotá D.C.,Bronce,False,True,True,2,1,617.0,17,6,7,True
20413,Colombia,Bogotá D.C.,Bronce,True,True,True,6,3,845.0,13,1,7,True
20414,Colombia,Barranquilla,Bronce,True,False,True,1,0,0.0,23,11,7,False
20415,Colombia,Cartagena,Bronce,False,False,True,0,0,0.0,18,8,9,False
20416,Colombia,Bogotá D.C.,Bronce,True,False,True,0,0,0.0,7,1,10,True
20417,Colombia,Bogotá D.C.,Bronce,False,True,True,0,0,0.0,86,2,9,True
20418,Colombia,Cali,Plata,True,False,True,11,7,3446.0,23,6,5,True
20419,Colombia,Cartagena,Bronce,False,True,True,1,0,0.0,56,5,10,True
20420,Ecuador,—,Bronce,False,False,True,2,1,596.0,46,13,7,False
20421,Colombia,Bucaramanga,Bronce,False,False,True,0,0,0.0,10,2,6,True
20422,Ecuador,—,Bronce,True,True,True,1,0,0.0,10,5,4,True
20423,Colombia,Cartagena,Bronce,True,False,True,3,1,726.0,36,6,6,True
20424,Colombia,Bogotá D.C.,Bronce,False,False,True,1,0,0.0,10,6,5,True
20425,México,—,Bronce,False,True,True,3,2,1197.0,11,7,9,False
20426,México,—,Bronce,True,False,True,1,0,0.0,3,3,9,True
20427,Colombia,Bucaramanga,Bronce,False,False,True,0,0,0.0,24,7,7,False
20428,Colombia,Cúcuta,Bronce,False,False,True,2,1,639.0,62,18,7,False
20429,México,—,Bronce,False,False,True,0,0,0.0,68,3,10,True
20430,México,—,Bronce,False,False,True,3,1,308.0,40,1,8,True
20431,Colombia,Bogotá D.C.,Bronce,False,False,False,0,0,0.0,39,3,7,True
20432,Ecuador,—,Oro,True,False,True,25,22,7276.0,46,15,10,False
20433,Colombia,Neiva,Plata,True,False,True,16,10,6155.0,5,0,9,True
20434,Colombia,Valledupar,Bronce,False,False,True,0,0,0.0,24,10,6,False
20435,Colombia,Otras ciudades,Bronce,True,True,True,5,3,1769.0,82,20,5,False
20436,Colombia,Villavicencio,Bronce,True,False,True,4,2,1056.0,18,11,6,False
20437,México,—,Bronce,False,True,False,3,2,1200.0,16,7,6,False
20438,Colombia,Cali,Bronce,True,False,True,0,0,0.0,58,11,8,False
20439,Ecuador,—,Bronce,True,True,True,0,0,0.0,2,7,4,False
20440,Colombia,Otras ciudades,Bronce,True,True,True,2,1,415.0,11,15,4,False
20441,México,—,Bronce,False,True,True,2,1,500.0,5,14,10,False
20442,México,—,Bronce,True,False,True,0,0,0.0,49,2,10,True
20443,Colombia,Bogotá D.C.,Bronce,True,False,True,0,0,0.0,67,3,7,True
20444,Ecuador,—,Plata,False,False,True,9,7,3065.0,21,2,4,True
20445,Colombia,Santa Marta,Bronce,False,False,True,4,2,1073.0,16,0,10,True
20446,Colombia,Bogotá D.C.,Bronce,True,False,True,2,1,302.0,18,2,9,True
20447,Perú,—,Bronce,True,False,True,0,0,0.0,69,5,6,True
20448,Colombia,Villavicencio,Bronce,False,False,True,2,1,280.0,11,4,7,True
20449,Colombia,Armenia,Bronce,True,False,True,1,0,0.0,7,11,7,False
20450,Chile,—,Bronce,True,False,True,3,2,555.0,8,6,10,True
20451,Colombia,Ibagué,Plata,False,False,True,8,6,2646.0,45,4,6,True
20452,Ecuador,—,Bronce,True,False,True,0,0,0.0,64,10,7,False
20453,Ecuador,—,Bronce,False,False,True,3,1,548.0,154,24,8,False
20454,Ecuador,—,Plata,False,False,True,22,20,12002.0,22,1,2,True
20455,Colombia,Villavicencio,Plata,True,True,True,8,6,3874.0,108,7,9,False
20456,México,—,Bronce,False,False,True,0,0,0.0,53,1,8,True
20457,Colombia,Bogotá D.C.,Bronce,False,True,True,0,0,0.0,39,10,10,False
20458,Colombia,Bogotá D.C.,Bronce,False,False,True,0,0,0.0,8,5,8,True
20459,Colombia,Manizales,Bronce,True,True,True,4,3,1127.0,30,2,6,True
20460,Ecuador,—,Bronce,True,True,True,0,0,0.0,17,13,3,False
20461,Colombia,Villavicencio,Plata,False,True,True,12,8,3793.0,184,14,10,False
20462,Colombia,Bogotá D.C.,Bronce,False,False,True,6,4,2353.0,32,5,7,True
20463,Colombia,Sincelejo,Bronce,True,False,True,0,0,0.0,34,5,10,True
20464,Colombia,Cali,Bronce,True,False,True,4,2,1272.0,30,4,10,True
20465,México,—,Bronce,True,False,True,0,0,0.0,44,1,7,True
20466,México,—,Bronce,False,False,True,3,2,1105.0,40,4,6,True
20467,Colombia,Armenia,Bronce,False,False,True,2,1,333.0,22,4,5,True
20468,Colombia,Bogotá D.C.,Bronce,False,False,False,5,3,1504.0,12,10,7,False
20469,Colombia,Manizales,Bronce,False,False,True,0,0,0.0,35,9,9,False
20470,Ecuador,—,Bronce,False,False,True,2,1,496.0,46,12,10,False
20471,Colombia,Barranquilla,Bronce,True,True,True,5,3,1520.0,39,4,10,True
20472,Colombia,Bogotá D.C.,Bronce,True,False,True,4,3,1814.0,39,5,6,True
20473,Perú,—,Bronce,False,False,True,2,1,475.0,11,3,10,True
20474,Chile,—,Bronce,False,False,True,2,1,505.0,3,15,8,False
20475,Perú,—,Bronce,True,False,True,6,3,1492.0,50,1,9,True
20476,Colombia,Otras ciudades,Bronce,False,False,False,0,0,0.0,22,1,3,True
20477,Ecuador,—,Bronce,True,False,True,0,0,0.0,14,9,7,False
20478,Colombia,Bogotá D.C.,Bronce,False,True,True,0,0,0.0,28,5,8,True
20479,Ecuador,—,Bronce,False,False,True,0,0,0.0,49,3,8,True
20480,Colombia,Barranquilla,Bronce,True,True,False,0,0,0.0,62,2,7,True
20481,Colombia,Pereira,Plata,False,True,True,12,8,2480.0,19,4,10,True
20482,Colombia,Medellín,Plata,False,False,True,8,6,3375.0,4,4,5,True
20483,Colombia,Bogotá D.C.,Platino,True,True,True,360,284,131607.0,28,6,7,True
20484,Colombia,Bogotá D.C.,Bronce,True,False,False,0,0,0.0,30,3,4,True
20485,Colombia,Bogotá D.C.,Bronce,True,True,True,2,1,505.0,10,5,6,True
20486,México,—,Bronce,True,True,True,1,0,0.0,5,1,8,True
20487,Colombia,Bogotá D.C.,Plata,False,False,True,11,8,4019.0,15,4,9,True
20488,Colombia,Bucaramanga,Bronce,False,True,True,1,0,0.0,15,1,9,True
20489,Perú,—,Bronce,True,True,True,3,2,1531.0,5,3,7,True
20490,Colombia,Barranquilla,Bronce,False,False,True,6,3,1698.0,28,6,4,True
20491,México,—,Bronce,False,False,True,1,0,0.0,53,5,5,True
20492,Colombia,Bogotá D.C.,Oro,False,False,True,26,23,12552.0,6,18,4,False
20493,Colombia,Bogotá D.C.,Bronce,False,False,True,1,0,0.0,22,3,9,True
20494,Ecuador,—,Bronce,True,False,True,4,2,952.0,53,6,4,True
20495,Colombia,Bogotá D.C.,Plata,True,True,True,9,7,2797.0,10,2,6,True
20496,Colombia,Bogotá D.C.,Bronce,False,False,True,1,0,0.0,19,23,9,False
20497,Colombia,Medellín,Bronce,False,False,True,4,2,915.0,18,15,10,False
20498,Colombia,Cartagena,Bronce,False,False,False,1,0,0.0,48,4,8,True
20499,Colombia,Cúcuta,Bronce,True,False,True,0,0,0.0,21,11,8,False
20500,Colombia,Medellín,Bronce,False,False,True,3,1,470.0,11,6,9,True
20501,Colombia,Manizales,Plata,False,False,True,18,15,7470.0,55,7,6,False
20502,Colombia,Manizales,Bronce,True,True,True,0,0,0.0,26,4,10,True
20503,Colombia,Bogotá D.C.,Bronce,False,False,True,0,0,0.0,12,3,7,True
20504,Chile,—,Bronce,True,False,True,0,0,0.0,34,5,6,True
20505,Uruguay,—,Bronce,True,False,True,1,0,0.0,75,9,10,False
20506,Colombia,Medellín,Bronce,True,False,True,7,5,2913.0,4,9,8,False
20507,Ecuador,—,Plata,True,False,True,9,5,2317.0,31,3,8,True
20508,Colombia,Barranquilla,Bronce,True,False,False,5,3,1560.0,31,13,9,False
20509,México,—,Bronce,False,False,False,4,3,2232.0,30,0,7,True
20510,Colombia,Bogotá D.C.,Bronce,False,False,True,0,0,0.0,51,2,6,True
20511,Colombia,Bogotá D.C.,Plata,True,False,True,9,7,3993.0,20,7,5,False
20512,Perú,—,Bronce,False,False,False,0,0,0.0,4,7,5,False
20513,Colombia,Otras ciudades,Bronce,False,False,False,6,5,3350.0,25,7,8,False
20514,Colombia,Medellín,Bronce,False,False,True,3,2,1161.0,17,6,6,True
20515,Colombia,Bogotá D.C.,Plata,True,True,True,9,6,4196.0,9,5,9,True
20516,Ecuador,—,Bronce,True,False,True,0,0,0.0,19,4,9,True
20517,Colombia,Medellín,Bronce,False,False,True,1,0,0.0,46,0,7,True
20518,Colombia,Neiva,Bronce,False,False,True,0,0,0.0,30,5,5,True
20519,Colombia,Medellín,Bronce,False,False,True,2,1,582.0,57,2,8,True
20520,Colombia,Armenia,Plata,True,False,True,18,15,8022.0,12,21,9,False
20521,México,—,Bronce,False,True,True,2,1,601.0,25,2,8,True
20522,México,—,Bronce,True,True,True,0,0,0.0,33,6,8,True
20523,Colombia,Medellín,Bronce,True,True,True,0,0,0.0,46,7,8,False
20524,México,—,Bronce,True,False,True,1,0,0.0,5,1,5,True
20525,Colombia,Bogotá D.C.,Bronce,True,False,False,3,1,326.0,58,7,6,False
20526,Perú,—,Bronce,False,False,True,0,0,0.0,57,2,6,True
20527,Colombia,Armenia,Bronce,False,True,True,2,1,541.0,39,1,4,True
20528,Perú,—,Oro,False,False,True,36,29,8117.0,12,0,10,True
20529,Colombia,Bucaramanga,Bronce,False,False,True,6,4,2703.0,37,4,10,True
20530,Ecuador,—,Bronce,True,True,True,0,0,0.0,6,3,10,True
20531,Colombia,Bogotá D.C.,Bronce,False,False,True,4,2,882.0,7,1,10,True
20532,Chile,—,Bronce,True,False,True,0,0,0.0,34,4,10,True
20533,Ecuador,—,Bronce,False,False,True,0,0,0.0,23,5,6,True
20534,Colombia,Bogotá D.C.,Bronce,True,False,True,0,0,0.0,45,6,7,True
20535,Colombia,Pereira,Bronce,False,False,True,5,4,1668.0,55,0,10,True
20536,Colombia,Cúcuta,Bronce,True,True,True,0,0,0.0,6,6,8,True
20537,Ecuador,—,Bronce,False,False,False,6,5,2723.0,9,11,9,False
20538,Colombia,Medellín,Bronce,True,False,False,0,0,0.0,18,5,7,True
20539,Colombia,Bogotá D.C.,Bronce,True,False,True,0,0,0.0,10,2,6,True
20540,Colombia,Medellín,Bronce,True,False,True,5,3,1429.0,5,5,10,True
20541,Colombia,Otras ciudades,Bronce,False,True,True,0,0,0.0,31,38,9,False
20542,Colombia,Otras ciudades,Bronce,False,True,True,4,2,1268.0,35,13,8,False
20543,Colombia,Bucaramanga,Bronce,True,False,True,1,0,0.0,66,2,8,True
20544,Perú,—,Bronce,True,False,True,0,0,0.0,15,5,7,True
20545,Colombia,Bogotá D.C.,Bronce,False,False,True,2,1,509.0,24,5,7,True
20546,Colombia,Neiva,Bronce,False,False,True,3,2,904.0,5,1,6,True
20547,Chile,—,Bronce,True,False,False,0,0,0.0,19,2,8,True
20548,Colombia,Bogotá D.C.,Bronce,False,False,False,1,0,0.0,26,1,9,True
20549,México,—,Bronce,False,True,True,1,0,0.0,66,4,4,True
20550,Colombia,Medellín,Bronce,False,False,True,3,1,550.0,33,9,9,False
20551,México,—,Plata,False,False,True,9,5,3331.0,26,3,10,True
20552,Colombia,Medellín,Bronce,True,False,False,3,2,1081.0,27,2,2,True
20553,México,—,Bronce,True,True,True,1,0,0.0,12,6,7,True
20554,Colombia,Bogotá D.C.,Bronce,False,True,True,5,3,1564.0,4,6,5,True
20555,Chile,—,Bronce,True,False,True,0,0,0.0,60,6,10,True
20556,México,—,Bronce,True,False,True,2,1,450.0,83,3,9,True
20557,Colombia,Ibagué,Bronce,False,True,True,4,2,788.0,40,7,8,False
20558,México,—,Bronce,True,False,True,1,0,0.0,30,0,10,True
20559,Perú,—,Bronce,True,True,True,1,0,0.0,57,15,6,False
20560,Colombia,Otras ciudades,Plata,False,False,True,18,11,3409.0,33,2,10,True
20561,Ecuador,—,Bronce,True,False,True,4,3,1393.0,13,7,6,False
20562,México,—,Plata,True,False,True,9,6,2966.0,15,16,10,False
20563,Perú,—,Bronce,True,False,True,1,0,0.0,25,7,5,False
20564,Colombia,Medellín,Platino,False,True,False,113,75,30126.0,14,8,6,False
20565,Colombia,Medellín,Bronce,False,False,True,1,0,0.0,12,2,6,True
20566,Colombia,Medellín,Oro,False,False,False,39,31,14328.0,53,5,10,True
20567,Colombia,Bogotá D.C.,Bronce,False,False,True,6,4,1935.0,21,11,6,False
20568,Colombia,Bogotá D.C.,Bronce,False,False,True,1,0,0.0,76,2,7,True
20569,Colombia,Manizales,Bronce,False,False,False,2,1,364.0,27,3,5,True
20570,Colombia,Bucaramanga,Bronce,False,False,False,1,0,0.0,16,1,10,True
20571,Colombia,Bogotá D.C.,Bronce,False,False,True,0,0,0.0,12,5,5,True
20572,Colombia,Otras ciudades,Bronce,False,False,True,2,1,488.0,3,4,9,True
20573,México,—,Bronce,False,False,False,0,0,0.0,13,5,10,True
20574,México,—,Bronce,True,False,True,1,0,0.0,90,2,5,True
20575,Colombia,Bogotá D.C.,Bronce,True,False,True,6,4,1277.0,9,1,8,True
20576,Colombia,Otras ciudades,Bronce,False,False,True,0,0,0.0,71,6,8,True
20577,Ecuador,—,Plata,False,False,True,17,13,7154.0,14,8,5,False
20578,Colombia,Otras ciudades,Bronce,False,False,True,0,0,0.0,28,1,7,True
20579,Colombia,Medellín,Bronce,False,False,True,2,1,360.0,24,4,7,True
20580,Colombia,Pasto,Bronce,False,False,True,0,0,0.0,21,6,10,True
20581,Colombia,Pereira,Bronce,True,False,True,0,0,0.0,20,9,8,False
20582,Colombia,Neiva,Bronce,True,False,True,3,2,707.0,36,3,9,True
20583,Colombia,Bogotá D.C.,Bronce,False,False,False,0,0,0.0,19,1,5,True
20584,Colombia,Barranquilla,Bronce,False,False,True,0,0,0.0,7,2,4,True
20585,México,—,Plata,False,True,True,21,14,9743.0,24,1,7,True
20586,Colombia,Bogotá D.C.,Bronce,True,False,True,0,0,0.0,44,0,7,True
20587,México,—,Oro,True,False,True,28,25,9211.0,18,18,8,False
20588,Ecuador,—,Plata,False,False,True,8,5,2163.0,22,4,10,True
20589,Ecuador,—,Bronce,False,False,True,0,0,0.0,38,5,8,True
20590,Colombia,Bogotá D.C.,Bronce,True,False,True,0,0,0.0,65,10,7,False
20591,Colombia,Cali,Bronce,False,False,True,2,1,622.0,31,8,5,False
20592,Colombia,Bogotá D.C.,Bronce,True,False,False,3,2,717.0,44,10,8,False
20593,Colombia,Cartagena,Bronce,False,False,True,1,0,0.0,30,2,6,True
20594,Colombia,Bogotá D.C.,Bronce,True,False,True,1,0,0.0,14,6,5,True
20595,Ecuador,—,Bronce,True,False,True,6,4,2287.0,21,1,9,True
20596,Perú,—,Bronce,False,False,False,4,3,953.0,19,2,10,True
20597,Colombia,Cali,Bronce,False,True,True,1,0,0.0,51,2,7,True
20598,Colombia,Medellín,Bronce,False,False,True,1,0,0.0,46,2,6,True
20599,Colombia,Cúcuta,Bronce,True,False,False,4,3,1218.0,30,8,10,False
20600,Colombia,Bogotá D.C.,Bronce,False,False,True,5,4,2331.0,61,11,5,False
20601,Colombia,Manizales,Bronce,False,False,True,1,0,0.0,19,16,10,False
20602,Perú,—,Bronce,True,True,True,0,0,0.0,5,1,5,True
20603,Colombia,Barranquilla,Bronce,True,False,True,1,0,0.0,46,4,7,True
20604,Ecuador,—,Bronce,False,False,True,2,1,627.0,32,3,10,True
20605,Colombia,Bogotá D.C.,Bronce,True,False,True,7,5,3624.0,2,16,7,False
20606,México,—,Bronce,True,False,True,2,1,473.0,40,4,10,True
20607,México,—,Bronce,True,False,True,0,0,0.0,10,3,8,True
20608,Uruguay,—,Bronce,False,True,True,0,0,0.0,50,13,4,False
20609,México,—,Plata,False,True,False,11,10,4316.0,3,11,7,False
20610,Colombia,Bogotá D.C.,Bronce,True,False,True,0,0,0.0,32,6,6,True
20611,México,—,Bronce,False,True,True,1,0,0.0,26,6,7,True
20612,Colombia,Bogotá D.C.,Bronce,False,False,True,0,0,0.0,16,1,8,True
20613,México,—,Bronce,True,False,True,1,0,0.0,7,2,5,True
20614,Colombia,Otras ciudades,Bronce,False,False,True,1,0,0.0,36,15,9,False
20615,Colombia,Cali,Bronce,True,True,True,6,4,1443.0,16,5,3,True
20616,México,—,Bronce,False,True,True,1,0,0.0,29,1,9,True
20617,Perú,—,Bronce,True,False,True,1,0,0.0,27,4,8,True
20618,Ecuador,—,Bronce,False,False,True,1,0,0.0,28,2,5,True
20619,Colombia,Manizales,Bronce,False,False,True,4,3,1631.0,41,7,7,False
20620,Colombia,Medellín,Bronce,True,True,False,2,1,431.0,5,12,8,False
20621,Perú,—,Bronce,False,True,True,2,1,477.0,12,1,10,True
20622,Colombia,Cartagena,Bronce,False,False,True,2,1,591.0,66,13,7,False
20623,Colombia,Medellín,Bronce,False,False,True,1,0,0.0,45,3,6,True
20624,Colombia,Valledupar,Bronce,False,False,False,3,2,933.0,43,24,10,False
20625,Perú,—,Bronce,False,False,True,0,0,0.0,34,2,9,True
20626,Colombia,Cúcuta,Bronce,False,False,False,4,2,1287.0,24,2,8,True
20627,Colombia,Bogotá D.C.,Bronce,False,False,True,0,0,0.0,39,9,10,False
20628,Colombia,Cali,Bronce,True,False,True,0,0,0.0,17,2,10,True
20629,Colombia,Bogotá D.C.,Bronce,False,False,True,3,2,904.0,18,2,10,True
20630,Colombia,Bogotá D.C.,Bronce,True,False,True,0,0,0.0,41,2,7,True
20631,Colombia,Cali,Bronce,False,False,True,7,5,2355.0,21,8,10,False
20632,México,—,Bronce,False,False,False,4,3,1444.0,37,11,6,False
20633,Colombia,Bucaramanga,Bronce,True,True,True,0,0,0.0,5,4,9,True
20634,Colombia,Bogotá D.C.,Plata,False,False,True,19,14,8405.0,145,8,8,False
20635,Perú,—,Bronce,True,True,True,0,0,0.0,9,5,10,True
20636,Perú,—,Bronce,False,False,True,2,1,454.0,42,0,10,True
20637,Colombia,Bogotá D.C.,Bronce,True,True,True,2,1,336.0,24,9,8,False
20638,Colombia,Montería,Bronce,True,False,True,0,0,0.0,9,5,9,True
20639,Uruguay,—,Bronce,False,False,True,0,0,0.0,43,7,7,False
20640,Colombia,Bogotá D.C.,Bronce,False,False,True,0,0,0.0,3,2,6,True
20641,México,—,Bronce,True,False,True,2,1,533.0,40,3,6,True
20642,México,—,Bronce,False,True,True,5,3,1057.0,22,9,8,False
20643,Colombia,Bogotá D.C.,Bronce,True,False,True,0,0,0.0,9,5,5,True
20644,México,—,Bronce,True,False,True,0,0,0.0,2,11,7,False
20645,Colombia,Villavicencio,Bronce,False,False,True,0,0,0.0,33,10,10,False
20646,Colombia,Bogotá D.C.,Bronce,False,True,False,0,0,0.0,9,1,8,True
20647,Colombia,Bucaramanga,Oro,False,False,True,51,34,10634.0,34,8,8,False
20648,Colombia,Bucaramanga,Bronce,True,False,False,0,0,0.0,11,13,4,False
20649,Colombia,Medellín,Bronce,False,True,True,2,1,442.0,12,6,10,True
20650,Colombia,Bogotá D.C.,Bronce,False,False,True,0,0,0.0,16,5,6,True
20651,Colombia,Medellín,Plata,True,False,True,9,8,4297.0,43,4,5,True
20652,Colombia,Bogotá D.C.,Platino,False,False,True,72,44,20502.0,31,3,8,True
20653,México,—,Bronce,True,False,True,0,0,0.0,51,1,6,True
20654,Colombia,Ibagué,Bronce,True,False,True,5,4,1426.0,34,6,6,True
20655,México,—,Bronce,True,False,False,7,5,2296.0,18,6,10,True
20656,Perú,—,Bronce,False,False,True,1,0,0.0,21,9,6,False
20657,Colombia,Villavicencio,Bronce,True,True,True,1,0,0.0,19,14,9,False
20658,México,—,Platino,False,True,True,121,79,52086.0,1,3,6,True
20659,Colombia,Otras ciudades,Bronce,False,False,True,0,0,0.0,27,1,8,True
20660,Colombia,Bogotá D.C.,Bronce,False,False,False,6,4,1703.0,20,7,10,False
20661,Uruguay,—,Bronce,False,False,False,5,3,1101.0,53,6,4,True
20662,Colombia,Barranquilla,Bronce,True,False,True,4,2,1273.0,1,12,6,False
20663,Colombia,Bogotá D.C.,Bronce,False,False,True,3,1,448.0,14,1,6,True
20664,Perú,—,Bronce,False,False,True,0,0,0.0,17,5,8,True
20665,Colombia,Medellín,Bronce,False,False,True,2,1,430.0,2,4,9,True
20666,Colombia,Bogotá D.C.,Bronce,False,False,True,0,0,0.0,27,3,9,True
20667,Colombia,Bogotá D.C.,Bronce,False,False,True,0,0,0.0,4,1,9,True
20668,Colombia,Bucaramanga,Bronce,False,True,True,2,1,627.0,24,9,6,False
20669,Colombia,Ibagué,Bronce,False,False,True,2,1,547.0,20,3,8,True
20670,Colombia,Cali,Bronce,False,False,False,0,0,0.0,25,5,5,True
20671,Colombia,Barranquilla,Bronce,True,False,True,1,0,0.0,23,5,10,True
20672,Colombia,Barranquilla,Bronce,False,False,True,0,0,0.0,10,4,7,True
20673,México,—,Bronce,False,False,True,0,0,0.0,32,1,3,True
20674,Colombia,Armenia,Plata,True,False,False,8,6,3358.0,32,7,4,False
20675,Colombia,Cali,Bronce,True,False,True,6,3,1226.0,39,2,7,True
20676,Uruguay,—,Bronce,False,False,True,0,0,0.0,29,5,8,True
20677,Colombia,Bogotá D.C.,Bronce,False,True,False,1,0,0.0,42,7,5,False
20678,Colombia,Medellín,Bronce,False,False,False,4,3,1886.0,16,11,10,False
20679,Perú,—,Bronce,False,False,True,0,0,0.0,16,1,6,True
20680,Colombia,Barranquilla,Bronce,True,True,True,4,2,938.0,3,5,9,True
20681,Colombia,Barranquilla,Bronce,False,False,True,1,0,0.0,23,2,4,True
20682,Colombia,Barranquilla,Bronce,False,True,False,1,0,0.0,23,5,8,True
20683,Colombia,Medellín,Bronce,False,True,True,0,0,0.0,48,16,10,False
20684,Colombia,Medellín,Plata,False,False,True,8,7,3859.0,30,5,1,True
20685,Colombia,Bogotá D.C.,Platino,False,False,True,245,143,89706.0,9,5,5,True
20686,México,—,Bronce,True,True,True,3,2,843.0,13,7,8,False
20687,Colombia,Cartagena,Bronce,True,False,False,0,0,0.0,9,0,8,True
20688,Colombia,Bogotá D.C.,Bronce,True,False,True,2,1,670.0,12,1,5,True
20689,Colombia,Neiva,Bronce,True,False,True,4,3,1528.0,6,3,7,True
20690,Colombia,Cali,Bronce,True,True,True,7,5,3173.0,14,4,7,True
20691,Colombia,Popayán,Bronce,False,False,True,0,0,0.0,19,2,4,True
20692,Colombia,Cali,Plata,True,False,True,15,8,3084.0,17,2,6,True
20693,Colombia,Bogotá D.C.,Bronce,False,True,True,2,1,366.0,42,8,8,False
20694,México,—,Bronce,False,False,True,0,0,0.0,46,6,8,True
20695,Colombia,Cartagena,Bronce,True,True,False,2,1,607.0,12,7,9,False
20696,Colombia,Villavicencio,Bronce,False,False,True,0,0,0.0,21,4,9,True
20697,Colombia,Cúcuta,Bronce,False,False,True,2,1,566.0,34,6,4,True
20698,Colombia,Barranquilla,Bronce,False,False,True,1,0,0.0,6,12,6,False
20699,Colombia,Cúcuta,Bronce,False,False,True,1,0,0.0,27,1,8,True
20700,Colombia,Barranquilla,Bronce,False,False,True,1,0,0.0,58,4,8,True
20701,Colombia,Otras ciudades,Bronce,False,False,False,0,0,0.0,12,6,7,True
20702,Colombia,Otras ciudades,Bronce,True,False,True,1,0,0.0,22,9,5,False
20703,Ecuador,—,Bronce,True,True,True,0,0,0.0,54,4,8,True
20704,México,—,Bronce,True,True,False,0,0,0.0,36,1,10,True
20705,Ecuador,—,Bronce,True,False,False,3,1,497.0,12,2,7,True
20706,Colombia,Cartagena,Bronce,True,False,True,1,0,0.0,23,6,9,True
20707,Colombia,Bucaramanga,Bronce,True,False,True,2,1,290.0,29,26,1,False
20708,México,—,Bronce,False,True,True,1,0,0.0,51,4,9,True
20709,Colombia,Ibagué,Plata,True,True,True,8,6,3103.0,37,5,6,True
20710,Colombia,Bogotá D.C.,Bronce,True,False,True,2,1,499.0,19,0,6,True
20711,Colombia,Manizales,Bronce,True,False,True,1,0,0.0,43,9,7,False
20712,Perú,—,Bronce,False,False,True,3,2,769.0,23,16,5,False
20713,Uruguay,—,Bronce,False,False,True,0,0,0.0,3,3,5,True
20714,Colombia,Otras ciudades,Plata,False,False,True,14,12,6380.0,34,9,9,False
20715,Colombia,Bogotá D.C.,Bronce,False,False,True,5,3,1628.0,53,9,7,False
20716,Colombia,Sincelejo,Bronce,False,False,True,2,1,542.0,27,4,7,True
20717,México,—,Bronce,True,False,True,1,0,0.0,126,9,8,False
20718,Perú,—,Bronce,False,True,True,1,0,0.0,5,3,9,True
20719,Colombia,Pereira,Bronce,False,False,False,0,0,0.0,24,7,5,False
20720,Colombia,Otras ciudades,Bronce,False,False,True,0,0,0.0,2,7,2,False
20721,Colombia,Cali,Bronce,True,False,True,3,2,1359.0,69,3,7,True
20722,Colombia,Medellín,Bronce,True,False,True,0,0,0.0,66,8,10,False
20723,Ecuador,—,Bronce,True,True,True,2,1,593.0,16,16,8,False
20724,Chile,—,Bronce,False,True,True,1,0,0.0,23,5,5,True
20725,Colombia,Otras ciudades,Bronce,True,True,True,1,0,0.0,13,3,9,True
20726,Ecuador,—,Bronce,True,False,True,2,1,231.0,50,4,10,True
20727,México,—,Bronce,False,False,False,4,3,1393.0,33,3,4,True
20728,Colombia,Bogotá D.C.,Bronce,False,False,True,3,2,941.0,20,11,9,False
20729,Chile,—,Bronce,True,False,True,5,4,1814.0,2,4,8,True
20730,Colombia,Bogotá D.C.,Bronce,False,False,False,1,0,0.0,23,2,10,True
20731,Colombia,Neiva,Bronce,False,True,True,1,0,0.0,28,2,9,True
20732,México,—,Bronce,True,False,False,0,0,0.0,11,6,7,True
20733,Colombia,Medellín,Bronce,False,False,True,4,3,836.0,21,10,6,False
20734,Colombia,Pereira,Bronce,True,True,True,5,3,1900.0,28,7,9,False
20735,México,—,Bronce,False,False,True,0,0,0.0,21,1,8,True
20736,Colombia,Medellín,Bronce,False,False,True,0,0,0.0,34,4,7,True
20737,México,—,Bronce,False,True,True,2,1,645.0,11,1,6,True
20738,Colombia,Cúcuta,Bronce,False,False,True,0,0,0.0,9,1,10,True
20739,Colombia,Medellín,Bronce,False,False,True,5,3,1150.0,36,2,7,True
20740,Colombia,Montería,Bronce,True,False,True,3,2,1170.0,45,16,4,False
20741,Colombia,Medellín,Bronce,True,False,False,0,0,0.0,7,9,7,False
20742,México,—,Bronce,False,False,True,0,0,0.0,17,1,3,True
20743,México,—,Plata,False,False,True,14,10,5782.0,26,5,6,True
20744,México,—,Bronce,False,False,True,1,0,0.0,47,15,5,False
20745,Uruguay,—,Bronce,False,False,True,0,0,0.0,15,0,7,True
20746,México,—,Plata,False,False,True,12,9,4553.0,42,0,6,True
20747,Perú,—,Bronce,True,True,True,1,0,0.0,49,8,9,False
20748,México,—,Bronce,False,False,True,0,0,0.0,6,9,9,False
20749,Ecuador,—,Bronce,True,False,True,3,1,492.0,3,7,10,False
20750,México,—,Bronce,False,False,True,1,0,0.0,15,4,2,True
20751,México,—,Bronce,False,False,True,1,0,0.0,35,3,10,True
20752,México,—,Bronce,True,False,True,1,0,0.0,30,1,9,True
20753,Colombia,Otras ciudades,Bronce,False,False,True,1,0,0.0,7,6,8,True
20754,México,—,Bronce,False,True,True,0,0,0.0,29,1,7,True
20755,Colombia,Bogotá D.C.,Plata,False,False,True,11,9,4929.0,25,3,9,True
20756,Colombia,Bogotá D.C.,Bronce,False,True,True,0,0,0.0,5,0,5,True
20757,Ecuador,—,Bronce,False,True,True,1,0,0.0,13,1,6,True
20758,Colombia,Otras ciudades,Bronce,True,True,True,1,0,0.0,5,1,9,True
20759,Colombia,Otras ciudades,Bronce,True,False,True,1,0,0.0,54,10,8,False
20760,Colombia,Otras ciudades,Plata,True,True,True,10,6,3394.0,35,12,8,False
20761,México,—,Bronce,True,False,True,1,0,0.0,3,1,9,True
20762,Colombia,Barranquilla,Oro,True,False,True,26,21,14458.0,33,1,7,True
20763,Colombia,Bogotá D.C.,Bronce,True,False,True,5,3,1534.0,19,6,9,True
20764,Colombia,Bogotá D.C.,Plata,False,False,True,16,10,4663.0,8,1,10,True
20765,Colombia,Neiva,Bronce,True,False,True,1,0,0.0,32,0,9,True
20766,Colombia,Cúcuta,Bronce,False,True,False,5,3,2104.0,9,3,8,True
20767,México,—,Bronce,False,True,True,1,0,0.0,24,4,7,True
20768,Ecuador,—,Bronce,False,False,False,2,1,632.0,45,13,3,False
20769,México,—,Bronce,False,False,True,6,5,2020.0,26,6,10,True
20770,México,—,Bronce,False,True,True,3,1,347.0,24,1,8,True
20771,Perú,—,Bronce,False,True,True,0,0,0.0,20,1,8,True
20772,Ecuador,—,Bronce,True,False,True,4,2,871.0,13,6,5,True
20773,Colombia,Pasto,Bronce,True,False,True,1,0,0.0,7,11,10,False
20774,Colombia,Medellín,Bronce,False,False,True,1,0,0.0,10,3,7,True
20775,Uruguay,—,Bronce,False,False,True,0,0,0.0,29,0,4,True
20776,México,—,Bronce,True,False,True,3,2,1495.0,27,6,4,True
20777,Colombia,Medellín,Bronce,False,False,False,0,0,0.0,32,10,9,False
20778,Colombia,Villavicencio,Bronce,False,False,False,0,0,0.0,16,5,7,True
20779,Colombia,Pereira,Bronce,False,False,True,2,1,517.0,24,6,7,True
20780,Colombia,Bucaramanga,Bronce,False,True,False,0,0,0.0,47,9,7,False
20781,México,—,Bronce,False,True,False,1,0,0.0,11,1,8,True
20782,Colombia,Bogotá D.C.,Bronce,False,False,False,4,2,1078.0,53,0,5,True
20783,Colombia,Bucaramanga,Bronce,True,False,True,0,0,0.0,26,6,8,True
20784,Uruguay,—,Bronce,True,False,True,1,0,0.0,25,3,9,True
20785,México,—,Bronce,True,True,True,4,3,1569.0,60,5,5,True
20786,Colombia,Bogotá D.C.,Bronce,True,False,True,5,4,1981.0,16,5,7,True
20787,Perú,—,Bronce,True,False,True,1,0,0.0,20,9,7,False
20788,Colombia,Bogotá D.C.,Oro,True,True,True,35,24,16252.0,20,8,7,False
20789,Colombia,Bogotá D.C.,Plata,False,False,True,11,7,3383.0,26,1,6,True
20790,Ecuador,—,Bronce,False,False,True,2,1,530.0,9,5,10,True
20791,Colombia,Barranquilla,Bronce,False,False,True,2,1,370.0,11,3,9,True
20792,Ecuador,—,Plata,False,False,True,17,12,5639.0,20,12,7,False
20793,Colombia,Cali,Bronce,True,True,True,2,1,668.0,25,2,5,True
20794,Colombia,Barranquilla,Bronce,False,True,True,0,0,0.0,27,9,6,False
20795,Colombia,Bogotá D.C.,Bronce,False,True,True,0,0,0.0,62,2,7,True
20796,Colombia,Barranquilla,Bronce,False,True,True,2,1,266.0,23,8,7,False
20797,Colombia,Medellín,Bronce,False,False,True,1,0,0.0,43,16,10,False
20798,México,—,Bronce,True,False,True,0,0,0.0,30,19,6,False
20799,Colombia,Montería,Plata,False,True,True,8,7,2558.0,27,3,9,True
20800,Perú,—,Bronce,True,False,True,2,1,494.0,49,2,6,True
20801,Colombia,Otras ciudades,Bronce,True,False,True,0,0,0.0,17,2,3,True
20802,Colombia,Villavicencio,Bronce,False,True,True,1,0,0.0,16,12,5,False
20803,Colombia,Medellín,Bronce,False,False,True,1,0,0.0,37,2,6,True
20804,Colombia,Medellín,Plata,True,False,True,10,6,2748.0,8,4,4,True
20805,Perú,—,Bronce,False,True,True,1,0,0.0,12,1,10,True
20806,México,—,Plata,True,False,True,10,8,1347.0,21,8,6,False
20807,Colombia,Medellín,Platino,True,True,True,77,49,31007.0,27,4,6,True
20808,Colombia,Medellín,Bronce,True,False,True,2,1,477.0,26,8,7,False
20809,Uruguay,—,Bronce,True,False,True,1,0,0.0,106,9,9,False
20810,México,—,Bronce,True,False,True,0,0,0.0,15,16,8,False
20811,Colombia,Barranquilla,Bronce,True,False,True,0,0,0.0,81,4,10,True
20812,México,—,Bronce,False,False,True,1,0,0.0,3,2,6,True
20813,Colombia,Bogotá D.C.,Bronce,False,False,True,0,0,0.0,26,0,8,True
20814,Colombia,Pereira,Bronce,True,False,True,0,0,0.0,26,11,8,False
20815,Colombia,Pasto,Bronce,True,False,True,0,0,0.0,29,3,3,True
20816,Colombia,Barranquilla,Bronce,False,False,False,1,0,0.0,47,1,9,True
20817,Colombia,Bogotá D.C.,Bronce,False,False,True,2,1,352.0,21,9,8,False
20818,Colombia,Cartagena,Bronce,False,False,True,0,0,0.0,15,3,10,True
20819,Colombia,Bogotá D.C.,Bronce,True,False,True,2,1,287.0,44,2,7,True
20820,Perú,—,Plata,True,True,True,15,13,4626.0,7,2,7,True
20821,Colombia,Neiva,Bronce,False,False,True,0,0,0.0,95,12,7,False
20822,Colombia,Manizales,Bronce,True,True,True,1,0,0.0,37,5,10,True
20823,Colombia,Barranquilla,Plata,False,True,True,8,5,2606.0,40,8,7,False
20824,México,—,Bronce,True,True,True,0,0,0.0,21,3,8,True
20825,Colombia,Bogotá D.C.,Bronce,True,False,True,3,2,1144.0,16,5,10,True
20826,Perú,—,Plata,False,False,True,22,14,5144.0,32,2,8,True
20827,Ecuador,—,Bronce,True,False,True,0,0,0.0,14,3,7,True
20828,México,—,Oro,False,True,True,36,24,12052.0,33,0,10,True
20829,Colombia,Bogotá D.C.,Bronce,False,False,True,5,3,1588.0,43,0,5,True
20830,Colombia,Medellín,Bronce,True,True,True,5,3,1885.0,12,1,6,True
20831,Colombia,Bogotá D.C.,Plata,True,True,True,8,5,1775.0,56,8,9,False
20832,Chile,—,Bronce,True,True,True,1,0,0.0,29,6,3,True
20833,Ecuador,—,Platino,False,False,True,75,68,35033.0,1,11,9,False
20834,Colombia,Barranquilla,Platino,False,True,False,68,41,20668.0,21,3,9,True
20835,Colombia,Sincelejo,Bronce,False,False,True,0,0,0.0,18,4,9,True
20836,Uruguay,—,Plata,False,False,True,15,10,6239.0,19,13,9,False
20837,Colombia,Bogotá D.C.,Bronce,True,True,True,3,1,378.0,53,1,10,True
20838,Colombia,Otras ciudades,Platino,True,False,True,181,138,82310.0,9,14,8,False
20839,Colombia,Cali,Bronce,False,True,True,2,1,450.0,9,7,5,False
20840,Colombia,Ibagué,Bronce,False,True,True,0,0,0.0,27,13,8,False
20841,Perú,—,Bronce,False,False,True,1,0,0.0,45,3,6,True
20842,Colombia,Cali,Bronce,False,False,True,0,0,0.0,62,4,7,True
20843,Colombia,Cali,Bronce,True,True,True,2,1,492.0,30,16,10,False
20844,Ecuador,—,Bronce,False,False,True,7,4,1482.0,15,0,8,True
20845,Uruguay,—,Bronce,True,True,True,3,2,827.0,9,12,9,False
20846,Ecuador,—,Bronce,True,False,True,1,0,0.0,13,0,9,True
20847,Ecuador,—,Bronce,True,False,True,0,0,0.0,8,5,8,True
20848,Colombia,Otras ciudades,Bronce,True,False,True,5,3,1604.0,35,0,8,True
20849,Colombia,Cúcuta,Bronce,False,True,True,0,0,0.0,9,5,5,True
20850,México,—,Oro,True,False,True,28,23,8929.0,2,13,9,False
20851,Colombia,Cali,Bronce,False,False,True,1,0,0.0,71,6,10,True
20852,Colombia,Otras ciudades,Bronce,True,False,True,0,0,0.0,52,4,6,True
20853,Perú,—,Oro,False,False,True,38,32,15414.0,7,6,10,True
20854,Perú,—,Bronce,False,False,False,1,0,0.0,16,1,8,True
20855,Colombia,Bogotá D.C.,Bronce,False,False,True,0,0,0.0,55,6,10,True
20856,Uruguay,—,Bronce,False,False,False,0,0,0.0,3,8,10,False
20857,Colombia,Cali,Bronce,True,True,False,0,0,0.0,5,1,9,True
20858,Colombia,Manizales,Plata,True,False,True,10,6,2468.0,32,12,6,False
20859,Uruguay,—,Bronce,False,True,False,3,2,1082.0,20,3,9,True
20860,México,—,Bronce,False,True,True,4,3,1499.0,29,11,4,False
20861,Ecuador,—,Bronce,True,False,True,1,0,0.0,66,4,9,True
20862,Colombia,Otras ciudades,Oro,True,True,False,25,23,11158.0,16,10,6,False
20863,Perú,—,Bronce,True,False,True,2,1,361.0,20,6,2,True
20864,Colombia,Otras ciudades,Bronce,False,True,True,2,1,600.0,154,15,6,False
20865,Colombia,Medellín,Bronce,False,True,False,1,0,0.0,7,0,10,True
20866,Colombia,Otras ciudades,Bronce,True,False,True,2,1,583.0,43,6,7,True
20867,Uruguay,—,Bronce,True,False,False,0,0,0.0,79,11,10,False
20868,Colombia,Santa Marta,Bronce,True,False,False,1,0,0.0,20,1,7,True
20869,Colombia,Barranquilla,Plata,True,False,True,11,9,6060.0,29,8,7,False
20870,Colombia,Bogotá D.C.,Bronce,False,True,True,0,0,0.0,55,1,8,True
20871,Colombia,Bogotá D.C.,Bronce,False,False,True,0,0,0.0,9,7,6,False
20872,Colombia,Medellín,Bronce,False,True,True,0,0,0.0,14,17,10,False
20873,México,—,Bronce,False,False,True,1,0,0.0,12,7,10,False
20874,Colombia,Medellín,Oro,True,False,True,35,24,15104.0,28,2,7,True
20875,Ecuador,—,Bronce,False,True,True,1,0,0.0,16,10,7,False
20876,Colombia,Medellín,Bronce,True,True,False,1,0,0.0,8,8,10,False
20877,Colombia,Cali,Bronce,False,False,False,7,4,1557.0,19,17,6,False
20878,Colombia,Otras ciudades,Bronce,True,True,True,0,0,0.0,35,4,9,True
20879,Uruguay,—,Bronce,False,True,True,2,1,622.0,9,3,6,True
20880,Colombia,Pereira,Bronce,True,False,True,1,0,0.0,18,4,7,True
20881,Colombia,Bogotá D.C.,Bronce,False,True,True,0,0,0.0,15,3,9,True
20882,Colombia,Barranquilla,Bronce,True,False,True,0,0,0.0,4,6,6,True
20883,Colombia,Pereira,Bronce,False,False,True,2,1,244.0,6,12,5,False
20884,Colombia,Barranquilla,Bronce,True,True,True,1,0,0.0,34,5,6,True
20885,Colombia,Armenia,Bronce,False,False,False,0,0,0.0,27,2,5,True
20886,Colombia,Bogotá D.C.,Bronce,True,False,False,5,4,2773.0,9,4,9,True
20887,Ecuador,—,Bronce,False,False,True,0,0,0.0,22,14,9,False
20888,Colombia,Bogotá D.C.,Bronce,True,False,False,0,0,0.0,18,12,8,False
20889,Colombia,Medellín,Bronce,True,False,True,4,2,984.0,75,1,5,True
20890,Ecuador,—,Bronce,True,False,True,2,1,641.0,14,8,8,False
20891,Perú,—,Bronce,True,False,True,0,0,0.0,24,2,10,True
20892,Perú,—,Bronce,True,False,True,2,1,429.0,4,5,7,True
20893,Colombia,Medellín,Bronce,True,True,True,0,0,0.0,4,10,3,False
20894,Colombia,Pereira,Bronce,True,False,True,3,2,883.0,43,3,8,True
20895,Colombia,Popayán,Bronce,True,True,True,0,0,0.0,3,0,9,True
20896,Colombia,Bogotá D.C.,Bronce,False,False,True,0,0,0.0,73,25,6,False
20897,Perú,—,Bronce,False,False,True,2,1,486.0,18,4,5,True
20898,Colombia,Cali,Bronce,True,True,True,0,0,0.0,20,0,10,True
20899,México,—,Bronce,True,True,True,4,3,1565.0,14,10,7,False
20900,Perú,—,Oro,True,True,True,28,20,9870.0,78,11,9,False
20901,Colombia,Otras ciudades,Bronce,False,False,True,4,2,988.0,27,8,7,False
20902,Perú,—,Bronce,False,True,True,2,1,265.0,32,4,5,True
20903,Colombia,Bucaramanga,Bronce,False,False,True,0,0,0.0,10,10,7,False
20904,Ecuador,—,Bronce,True,False,True,5,4,2683.0,4,1,4,True
20905,Colombia,Cali,Bronce,True,False,True,2,1,497.0,17,3,7,True
20906,Colombia,Bogotá D.C.,Bronce,True,False,False,0,0,0.0,7,2,8,True
20907,Uruguay,—,Bronce,False,False,True,2,1,552.0,20,2,6,True
20908,Colombia,Montería,Bronce,False,False,True,6,3,1049.0,54,7,6,False
20909,Ecuador,—,Bronce,True,False,True,2,1,614.0,26,0,10,True
20910,Colombia,Bucaramanga,Plata,False,False,True,15,10,4631.0,21,6,8,True
20911,Colombia,Valledupar,Bronce,True,True,True,0,0,0.0,7,5,9,True
20912,Colombia,Villavicencio,Oro,False,False,True,48,41,20857.0,22,13,5,False
20913,Colombia,Cartagena,Bronce,False,True,True,1,0,0.0,21,5,7,True
20914,Colombia,Cali,Bronce,True,False,True,0,0,0.0,29,5,7,True
20915,México,—,Platino,False,True,True,68,53,34690.0,24,0,7,True
20916,Colombia,Otras ciudades,Bronce,False,False,True,1,0,0.0,59,2,10,True
20917,Ecuador,—,Bronce,True,False,True,0,0,0.0,37,3,5,True
20918,Colombia,Ibagué,Bronce,False,False,False,0,0,0.0,17,10,10,False
20919,Colombia,Bogotá D.C.,Bronce,False,False,True,1,0,0.0,10,10,5,False
20920,México,—,Bronce,False,False,False,2,1,462.0,49,9,9,False
20921,Colombia,Bogotá D.C.,Bronce,True,True,True,3,2,735.0,20,5,10,True
20922,Colombia,Cartagena,Bronce,False,False,True,0,0,0.0,42,12,9,False
20923,Ecuador,—,Bronce,True,False,True,5,3,1332.0,23,9,10,False
20924,Colombia,Bogotá D.C.,Bronce,True,True,False,1,0,0.0,38,14,5,False
20925,Colombia,Cartagena,Bronce,False,False,True,2,1,562.0,5,21,5,False
20926,Colombia,Bogotá D.C.,Bronce,False,True,False,1,0,0.0,25,4,10,True
20927,México,—,Bronce,False,False,True,0,0,0.0,64,8,3,False
20928,Colombia,Bogotá D.C.,Bronce,False,False,True,0,0,0.0,20,1,7,True
20929,Colombia,Bogotá D.C.,Plata,True,False,True,8,7,2601.0,51,1,9,True
20930,México,—,Bronce,False,True,True,2,1,444.0,27,2,8,True
20931,Colombia,Cali,Bronce,False,False,True,0,0,0.0,7,8,7,False
20932,México,—,Plata,False,False,True,8,5,2871.0,53,11,5,False
20933,Colombia,Bogotá D.C.,Bronce,True,True,False,2,1,507.0,21,10,9,False
20934,México,—,Bronce,True,False,False,0,0,0.0,12,7,5,False
20935,Colombia,Medellín,Bronce,True,False,True,1,0,0.0,2,6,9,True
20936,Colombia,Bogotá D.C.,Bronce,False,True,False,0,0,0.0,35,1,8,True
20937,Perú,—,Bronce,False,False,True,2,1,744.0,31,22,6,False
20938,Perú,—,Bronce,True,False,True,0,0,0.0,61,16,3,False
20939,Colombia,Bogotá D.C.,Bronce,True,True,True,1,0,0.0,113,5,9,True
20940,Colombia,Barranquilla,Platino,True,False,True,69,51,28434.0,5,15,9,False
20941,Colombia,Bogotá D.C.,Bronce,True,False,False,0,0,0.0,15,6,3,True
20942,Colombia,Otras ciudades,Plata,False,False,True,16,14,6444.0,22,4,6,True
20943,Colombia,Bogotá D.C.,Bronce,True,False,True,0,0,0.0,15,2,10,True
20944,Perú,—,Bronce,False,False,True,3,2,588.0,38,2,8,True
20945,Ecuador,—,Bronce,True,True,False,2,1,411.0,21,1,2,True
20946,Colombia,Cúcuta,Bronce,False,True,False,3,1,497.0,38,1,2,True
20947,México,—,Bronce,False,True,True,2,1,405.0,20,3,10,True
20948,Ecuador,—,Bronce,False,True,True,2,1,431.0,35,4,10,True
20949,Colombia,Cartagena,Bronce,True,True,True,3,1,789.0,59,11,4,False
20950,Uruguay,—,Plata,True,False,True,9,6,2839.0,25,17,8,False
20951,México,—,Bronce,True,True,True,0,0,0.0,39,2,5,True
20952,Uruguay,—,Plata,False,False,True,12,9,4649.0,48,13,9,False
20953,Uruguay,—,Bronce,False,True,True,0,0,0.0,36,7,7,False
20954,Colombia,Montería,Bronce,False,False,True,2,1,661.0,43,5,5,True
20955,Colombia,Medellín,Bronce,True,True,True,0,0,0.0,9,2,5,True
20956,Colombia,Barranquilla,Bronce,False,True,False,0,0,0.0,26,3,8,True
20957,Colombia,Cali,Plata,True,False,True,8,5,2238.0,16,15,5,False
20958,Colombia,Bogotá D.C.,Bronce,False,False,True,0,0,0.0,7,3,8,True
20959,Colombia,Bogotá D.C.,Bronce,True,False,True,5,3,1513.0,10,8,7,False
20960,Colombia,Cúcuta,Bronce,False,False,False,0,0,0.0,59,4,10,True
20961,Ecuador,—,Plata,False,True,True,13,9,6518.0,24,16,7,False
20962,Colombia,Otras ciudades,Bronce,False,True,True,0,0,0.0,58,4,7,True
20963,México,—,Bronce,False,False,True,3,2,1209.0,27,10,9,False
20964,Chile,—,Bronce,True,True,False,7,5,3375.0,28,2,10,True
20965,Colombia,Medellín,Bronce,False,False,False,0,0,0.0,13,0,5,True
20966,Colombia,Bogotá D.C.,Oro,True,True,False,31,23,11131.0,18,20,9,False
20967,Ecuador,—,Bronce,True,False,False,6,4,2562.0,24,2,7,True
20968,Colombia,Bogotá D.C.,Bronce,True,False,True,2,1,510.0,21,9,8,False
20969,Colombia,Bogotá D.C.,Bronce,False,False,False,7,4,2018.0,14,10,9,False
20970,México,—,Bronce,False,True,True,0,0,0.0,30,3,4,True
20971,Colombia,Bogotá D.C.,Bronce,True,False,True,0,0,0.0,3,4,5,True
20972,Colombia,Villavicencio,Bronce,False,False,True,3,1,579.0,8,7,7,False
20973,Colombia,Sincelejo,Bronce,False,True,True,0,0,0.0,55,2,10,True
20974,Colombia,Otras ciudades,Plata,False,True,True,22,17,8691.0,41,1,10,True
20975,Colombia,Bogotá D.C.,Bronce,True,False,True,5,2,1191.0,51,0,10,True
20976,Colombia,Cartagena,Bronce,False,False,True,2,1,264.0,21,2,10,True
20977,Colombia,Bogotá D.C.,Plata,True,False,True,10,8,2572.0,3,18,4,False
20978,Perú,—,Bronce,False,True,True,1,0,0.0,46,15,7,False
20979,Colombia,Bogotá D.C.,Bronce,False,False,True,5,4,1668.0,23,2,10,True
20980,Colombia,Ibagué,Bronce,False,False,False,1,0,0.0,28,6,8,True
20981,Colombia,Bogotá D.C.,Bronce,True,True,True,4,3,1555.0,8,3,6,True
20982,Uruguay,—,Bronce,True,False,True,1,0,0.0,46,5,9,True
20983,Colombia,Bogotá D.C.,Bronce,False,False,True,0,0,0.0,4,3,7,True
20984,Colombia,Bogotá D.C.,Bronce,True,False,True,1,0,0.0,8,9,10,False
20985,Uruguay,—,Bronce,False,False,True,0,0,0.0,35,4,9,True
20986,Colombia,Medellín,Bronce,False,True,True,0,0,0.0,9,5,9,True
20987,Chile,—,Bronce,False,True,False,7,5,2149.0,18,5,7,True
20988,Colombia,Bucaramanga,Bronce,True,False,True,2,1,411.0,20,19,5,False
20989,Colombia,Cúcuta,Bronce,True,False,True,0,0,0.0,47,15,4,False
20990,Perú,—,Bronce,True,True,True,0,0,0.0,8,6,10,True
20991,Colombia,Otras ciudades,Bronce,False,False,True,4,3,1310.0,13,3,6,True
20992,Ecuador,—,Plata,False,False,True,11,6,3829.0,9,3,7,True
20993,Colombia,Cúcuta,Bronce,False,False,True,0,0,0.0,12,3,4,True
20994,Ecuador,—,Bronce,False,True,True,3,1,466.0,50,5,10,True
20995,Colombia,Bogotá D.C.,Bronce,False,True,True,4,3,1039.0,13,4,10,True
20996,Colombia,Bogotá D.C.,Bronce,False,False,True,0,0,0.0,59,2,9,True
20997,Colombia,Medellín,Bronce,True,False,True,2,1,168.0,19,1,6,True
20998,Colombia,Barranquilla,Bronce,False,True,True,4,2,927.0,47,3,10,True
20999,Colombia,Otras ciudades,Bronce,False,False,True,0,0,0.0,22,4,9,True
21000,Colombia,Cúcuta,Bronce,False,False,True,2,1,747.0,5,6,7,True
21001,Colombia,Neiva,Bronce,False,False,True,1,0,0.0,32,4,9,True
21002,Colombia,Bogotá D.C.,Bronce,False,False,True,0,0,0.0,19,2,6,True
21003,México,—,Bronce,False,True,True,0,0,0.0,32,4,6,True
21004,Colombia,Pasto,Bronce,False,False,False,0,0,0.0,33,4,4,True
21005,Colombia,Pereira,Bronce,True,False,True,2,1,584.0,5,3,6,True
21006,México,—,Bronce,False,False,True,1,0,0.0,40,20,5,False
21007,Perú,—,Bronce,True,False,True,2,1,532.0,2,5,8,True
21008,Colombia,Pereira,Bronce,False,False,True,0,0,0.0,25,5,8,True
21009,Colombia,Cartagena,Bronce,True,False,True,0,0,0.0,42,4,8,True
21010,Colombia,Bogotá D.C.,Bronce,False,True,True,1,0,0.0,49,3,6,True
21011,Colombia,Cali,Bronce,True,False,False,1,0,0.0,31,3,6,True
21012,Colombia,Bogotá D.C.,Oro,True,False,False,25,20,7369.0,28,0,6,True
21013,Colombia,Otras ciudades,Plata,True,False,False,8,6,3890.0,10,10,8,False
21014,México,—,Bronce,True,False,True,3,2,1469.0,20,1,8,True
21015,México,—,Bronce,False,False,True,0,0,0.0,67,18,10,False
21016,Colombia,Otras ciudades,Bronce,True,True,True,3,2,1193.0,51,11,7,False
21017,Colombia,Bogotá D.C.,Bronce,True,True,False,2,1,594.0,51,6,8,True
21018,México,—,Oro,True,False,True,25,16,7595.0,13,4,10,True
21019,Colombia,Cali,Bronce,True,False,False,0,0,0.0,17,0,7,True
21020,Colombia,Bucaramanga,Bronce,False,True,True,1,0,0.0,17,4,7,True
21021,Colombia,Cali,Bronce,True,False,True,0,0,0.0,31,9,8,False
21022,México,—,Bronce,True,False,True,0,0,0.0,3,3,5,True
21023,México,—,Plata,False,True,True,14,10,4898.0,17,6,6,True
21024,Colombia,Bucaramanga,Bronce,True,False,False,0,0,0.0,19,25,8,False
21025,Colombia,Cali,Bronce,True,False,True,1,0,0.0,8,6,10,True
21026,México,—,Bronce,False,False,True,1,0,0.0,79,4,5,True
21027,Perú,—,Bronce,False,True,True,1,0,0.0,29,11,7,False
21028,México,—,Bronce,False,False,True,3,2,973.0,34,2,10,True
21029,Colombia,Bogotá D.C.,Bronce,True,False,True,0,0,0.0,24,3,8,True
21030,México,—,Bronce,False,True,True,0,0,0.0,16,2,5,True
21031,Colombia,Medellín,Bronce,False,False,False,1,0,0.0,87,9,2,False
21032,Colombia,Cali,Bronce,False,True,True,0,0,0.0,34,6,10,True
21033,Ecuador,—,Bronce,True,False,True,0,0,0.0,27,4,6,True
21034,Colombia,Bogotá D.C.,Bronce,False,False,True,0,0,0.0,3,14,7,False
21035,Colombia,Bogotá D.C.,Bronce,False,True,True,0,0,0.0,74,4,10,True
21036,Perú,—,Bronce,False,False,False,2,1,482.0,10,19,10,False
21037,Ecuador,—,Bronce,False,False,True,7,6,1821.0,24,11,8,False
21038,Colombia,Bogotá D.C.,Oro,False,True,True,29,22,9712.0,7,14,7,False
21039,Colombia,Bogotá D.C.,Bronce,True,False,False,7,5,2602.0,18,8,7,False
21040,Colombia,Ibagué,Bronce,False,True,True,1,0,0.0,128,2,7,True
21041,México,—,Bronce,False,False,False,2,1,265.0,19,7,7,False
21042,Uruguay,—,Bronce,True,False,False,0,0,0.0,44,1,10,True
21043,Ecuador,—,Bronce,True,False,True,1,0,0.0,23,18,10,False
21044,Ecuador,—,Bronce,True,False,False,2,1,458.0,27,2,7,True
21045,Colombia,Cúcuta,Bronce,False,False,True,4,2,897.0,4,4,4,True
21046,Colombia,Bogotá D.C.,Bronce,False,False,True,1,0,0.0,16,7,6,False
21047,México,—,Bronce,True,False,True,0,0,0.0,64,1,9,True
21048,Colombia,Montería,Bronce,False,False,True,1,0,0.0,43,3,5,True
21049,Colombia,Bogotá D.C.,Bronce,False,False,True,0,0,0.0,5,6,9,True
21050,Colombia,Bogotá D.C.,Bronce,True,True,True,7,5,2779.0,85,14,5,False
21051,Perú,—,Bronce,True,True,True,1,0,0.0,13,19,7,False
21052,México,—,Bronce,True,True,True,3,2,1136.0,46,1,10,True
21053,México,—,Bronce,True,False,True,0,0,0.0,32,4,3,True
21054,Colombia,Bogotá D.C.,Bronce,False,False,True,0,0,0.0,4,7,9,False
21055,México,—,Oro,False,False,False,48,33,9758.0,7,2,9,True
21056,Ecuador,—,Bronce,False,True,True,2,1,609.0,21,1,9,True
21057,Colombia,Barranquilla,Bronce,False,False,True,0,0,0.0,19,8,5,False
21058,Colombia,Medellín,Bronce,False,False,False,1,0,0.0,18,9,9,False
21059,Colombia,Otras ciudades,Bronce,True,False,True,2,1,500.0,16,6,4,True
21060,México,—,Bronce,True,False,True,0,0,0.0,6,27,10,False
21061,Colombia,Bogotá D.C.,Bronce,False,True,True,0,0,0.0,20,1,7,True
21062,Colombia,Bogotá D.C.,Bronce,False,False,True,0,0,0.0,9,9,8,False
21063,Colombia,Bogotá D.C.,Bronce,False,False,True,1,0,0.0,10,1,6,True
21064,México,—,Bronce,False,False,True,1,0,0.0,18,9,8,False
21065,Colombia,Pasto,Bronce,True,False,True,0,0,0.0,11,3,6,True
21066,Uruguay,—,Bronce,False,False,True,0,0,0.0,57,2,10,True
21067,México,—,Bronce,False,False,True,0,0,0.0,44,5,9,True
21068,Colombia,Pereira,Bronce,False,True,True,0,0,0.0,20,4,6,True
21069,Colombia,Bogotá D.C.,Plata,True,False,True,8,6,2121.0,11,9,4,False
21070,Ecuador,—,Bronce,False,False,True,4,2,957.0,29,5,7,True
21071,Perú,—,Bronce,True,False,False,2,1,495.0,22,1,8,True
21072,Colombia,Santa Marta,Bronce,True,False,False,3,1,569.0,17,9,5,False
21073,Colombia,Medellín,Bronce,False,False,True,1,0,0.0,10,9,6,False
21074,Colombia,Pasto,Bronce,False,False,True,5,3,1830.0,29,11,4,False
21075,Perú,—,Bronce,False,True,True,1,0,0.0,100,7,8,False
21076,Colombia,Otras ciudades,Oro,False,False,True,30,18,6562.0,19,10,6,False
21077,Colombia,Bogotá D.C.,Bronce,False,True,True,0,0,0.0,8,4,8,True
21078,Ecuador,—,Bronce,False,True,True,2,1,389.0,27,1,8,True
21079,Colombia,Pasto,Bronce,False,False,False,0,0,0.0,18,4,8,True
21080,Colombia,Otras ciudades,Bronce,True,False,True,6,4,1911.0,21,5,7,True
21081,Colombia,Bogotá D.C.,Bronce,True,False,True,1,0,0.0,24,16,9,False
21082,Ecuador,—,Bronce,True,True,True,6,4,2078.0,19,1,5,True
21083,Colombia,Barranquilla,Bronce,True,False,False,1,0,0.0,14,5,3,True
21084,Ecuador,—,Bronce,False,False,True,3,2,783.0,30,6,8,True
21085,Colombia,Bogotá D.C.,Bronce,True,False,True,1,0,0.0,12,0,3,True
21086,Colombia,Cartagena,Bronce,False,False,False,0,0,0.0,37,16,10,False
21087,Colombia,Otras ciudades,Bronce,False,False,True,0,0,0.0,41,4,6,True
21088,Colombia,Bucaramanga,Bronce,False,False,False,0,0,0.0,15,0,7,True
21089,Colombia,Manizales,Bronce,False,False,True,0,0,0.0,28,0,5,True
21090,Colombia,Bogotá D.C.,Plata,False,False,True,10,6,2346.0,24,10,9,False
21091,Colombia,Bogotá D.C.,Bronce,True,True,False,0,0,0.0,19,1,9,True
21092,Colombia,Barranquilla,Bronce,False,False,True,7,4,1775.0,6,2,8,True
21093,Colombia,Otras ciudades,Bronce,True,True,True,1,0,0.0,22,2,7,True
21094,México,—,Bronce,False,False,False,6,3,1958.0,11,0,10,True
21095,México,—,Bronce,True,False,True,1,0,0.0,32,3,10,True
21096,Colombia,Bogotá D.C.,Bronce,False,False,False,0,0,0.0,52,3,10,True
21097,Colombia,Bogotá D.C.,Plata,False,True,True,13,8,3355.0,15,3,8,True
21098,Colombia,Bogotá D.C.,Bronce,False,True,True,1,0,0.0,58,7,10,False
21099,Colombia,Armenia,Plata,True,True,True,9,6,3613.0,25,13,7,False
21100,México,—,Bronce,True,True,False,1,0,0.0,31,7,6,False
21101,Colombia,Santa Marta,Bronce,True,True,False,0,0,0.0,11,5,9,True
21102,Colombia,Otras ciudades,Bronce,True,False,False,0,0,0.0,40,1,6,True
21103,Colombia,Medellín,Plata,False,False,True,10,8,2737.0,26,5,9,True
21104,México,—,Bronce,True,False,True,3,2,937.0,13,6,7,True
21105,Colombia,Otras ciudades,Bronce,True,False,False,1,0,0.0,18,15,6,False
21106,Perú,—,Bronce,True,False,True,1,0,0.0,46,16,6,False
21107,Perú,—,Bronce,True,False,True,1,0,0.0,8,2,7,True
21108,Perú,—,Bronce,False,False,True,4,3,2057.0,20,15,10,False
21109,México,—,Plata,False,False,True,24,18,6706.0,12,16,9,False
21110,Colombia,Pereira,Bronce,True,True,False,0,0,0.0,7,7,8,False
21111,Colombia,Santa Marta,Bronce,True,False,True,3,1,556.0,18,12,6,False
21112,Colombia,Medellín,Bronce,False,True,True,7,5,2814.0,27,3,2,True
21113,Ecuador,—,Bronce,False,True,True,0,0,0.0,55,7,7,False
21114,Colombia,Armenia,Bronce,False,False,True,2,1,511.0,12,4,8,True
21115,Colombia,Bogotá D.C.,Bronce,False,True,True,4,2,790.0,11,7,8,False
21116,Colombia,Bogotá D.C.,Bronce,False,False,True,1,0,0.0,36,11,5,False
21117,Colombia,Manizales,Bronce,False,False,True,0,0,0.0,4,2,10,True
21118,Perú,—,Bronce,False,True,True,0,0,0.0,44,22,8,False
21119,Colombia,Barranquilla,Bronce,False,True,True,1,0,0.0,77,11,8,False
21120,Colombia,Otras ciudades,Bronce,False,True,True,2,1,404.0,7,20,9,False
21121,México,—,Bronce,False,True,True,3,1,551.0,12,9,9,False
21122,México,—,Oro,False,False,True,33,30,17620.0,20,6,7,True
21123,Perú,—,Bronce,True,True,False,5,4,2074.0,22,8,6,False
21124,Ecuador,—,Bronce,False,False,True,0,0,0.0,3,5,8,True
21125,México,—,Bronce,False,True,True,5,3,1397.0,29,2,9,True
21126,Colombia,Otras ciudades,Bronce,True,False,True,1,0,0.0,21,7,10,False
21127,Colombia,Bucaramanga,Bronce,False,True,True,0,0,0.0,1,3,5,True
21128,Chile,—,Bronce,True,False,True,0,0,0.0,23,9,7,False
21129,Colombia,Barranquilla,Bronce,True,False,True,0,0,0.0,71,11,4,False
21130,Colombia,Cali,Bronce,False,False,True,0,0,0.0,73,10,10,False
21131,Colombia,Medellín,Bronce,True,False,True,1,0,0.0,25,6,6,True
21132,Colombia,Barranquilla,Bronce,False,False,True,0,0,0.0,17,5,8,True
21133,México,—,Bronce,False,False,True,1,0,0.0,4,5,7,True
21134,Ecuador,—,Bronce,True,False,False,0,0,0.0,21,2,8,True
21135,Colombia,Otras ciudades,Bronce,True,False,False,0,0,0.0,17,1,8,True
21136,Colombia,Barranquilla,Plata,True,True,True,15,10,4751.0,41,1,7,True
21137,Colombia,Medellín,Bronce,False,False,True,0,0,0.0,8,6,5,True
21138,Colombia,Ibagué,Bronce,False,False,True,3,1,378.0,11,6,5,True
21139,Colombia,Popayán,Bronce,False,False,False,0,0,0.0,23,5,7,True
21140,Perú,—,Bronce,False,False,True,0,0,0.0,11,5,9,True
21141,Colombia,Otras ciudades,Bronce,True,False,False,7,4,1814.0,12,1,8,True
21142,Colombia,Bogotá D.C.,Bronce,False,False,True,1,0,0.0,22,4,10,True
21143,Uruguay,—,Bronce,False,False,True,0,0,0.0,31,7,2,False
21144,Ecuador,—,Bronce,False,False,True,2,1,579.0,12,0,7,True
21145,Colombia,Medellín,Bronce,False,True,False,0,0,0.0,55,4,7,True
21146,Colombia,Bucaramanga,Plata,False,False,True,9,7,3095.0,16,6,6,True
21147,Colombia,Cali,Bronce,False,True,True,4,2,1056.0,7,5,6,True
21148,Colombia,Ibagué,Bronce,False,False,True,0,0,0.0,122,2,6,True
21149,Colombia,Bogotá D.C.,Bronce,False,False,False,3,1,595.0,51,4,5,True
21150,Chile,—,Bronce,False,True,True,0,0,0.0,13,13,6,False
21151,Colombia,Otras ciudades,Bronce,False,False,True,1,0,0.0,21,4,9,True
21152,México,—,Bronce,False,True,True,0,0,0.0,6,9,10,False
21153,Uruguay,—,Bronce,False,False,False,6,4,1748.0,30,6,7,True
21154,Colombia,Bogotá D.C.,Bronce,True,False,False,0,0,0.0,3,2,8,True
21155,Colombia,Ibagué,Bronce,True,True,True,3,2,1228.0,28,6,6,True
21156,Colombia,Bogotá D.C.,Bronce,False,False,True,3,2,939.0,22,1,9,True
21157,Chile,—,Bronce,False,True,True,0,0,0.0,19,2,6,True
21158,Colombia,Bogotá D.C.,Bronce,True,True,True,2,1,533.0,25,0,8,True
21159,Ecuador,—,Bronce,True,False,True,0,0,0.0,24,2,8,True
21160,Colombia,Bogotá D.C.,Bronce,False,False,True,5,2,1103.0,15,3,8,True
21161,Colombia,Cali,Bronce,True,True,True,1,0,0.0,42,3,9,True
21162,Colombia,Bogotá D.C.,Bronce,False,False,False,1,0,0.0,17,0,9,True
21163,México,—,Bronce,True,False,True,0,0,0.0,55,8,7,False
21164,Colombia,Medellín,Bronce,True,False,True,0,0,0.0,42,7,8,False
21165,Colombia,Bucaramanga,Bronce,False,False,True,2,1,340.0,2,20,8,False
21166,Colombia,Cúcuta,Bronce,True,True,True,4,2,769.0,37,4,4,True
21167,Colombia,Bogotá D.C.,Bronce,True,False,True,4,2,692.0,17,1,6,True
21168,Uruguay,—,Bronce,False,False,True,2,1,443.0,36,3,7,True
21169,México,—,Bronce,True,False,True,3,1,593.0,16,8,7,False
21170,México,—,Bronce,False,False,False,7,4,1667.0,37,0,9,True
21171,Perú,—,Bronce,False,True,True,0,0,0.0,26,14,7,False
21172,Colombia,Bogotá D.C.,Bronce,True,False,True,4,2,720.0,32,1,5,True
21173,Ecuador,—,Bronce,False,False,True,0,0,0.0,19,24,8,False
21174,Perú,—,Bronce,True,False,True,2,1,340.0,39,7,10,False
21175,Colombia,Cali,Bronce,True,False,False,3,2,1056.0,1,29,5,False
21176,Colombia,Bogotá D.C.,Plata,False,False,True,13,10,6442.0,26,5,4,True
21177,México,—,Bronce,False,False,True,2,1,377.0,17,0,8,True
21178,México,—,Bronce,True,False,True,7,5,2025.0,57,4,9,True
21179,Colombia,Cartagena,Bronce,False,False,True,5,3,1820.0,14,4,8,True
21180,Colombia,Cúcuta,Bronce,False,False,True,2,1,602.0,43,7,7,False
21181,Colombia,Sincelejo,Plata,False,True,True,8,5,3487.0,25,4,10,True
21182,Colombia,Medellín,Bronce,True,False,True,3,2,554.0,15,16,5,False
21183,México,—,Bronce,True,False,True,5,3,1963.0,60,3,7,True
21184,Colombia,Barranquilla,Bronce,True,False,True,0,0,0.0,51,18,9,False
21185,Colombia,Medellín,Bronce,False,False,True,3,2,1054.0,51,0,7,True
21186,Colombia,Cali,Bronce,True,False,True,0,0,0.0,33,4,10,True
21187,Colombia,Bogotá D.C.,Bronce,True,False,True,3,2,641.0,32,3,6,True
21188,Colombia,Bogotá D.C.,Bronce,False,True,True,1,0,0.0,9,5,10,True
21189,Colombia,Bogotá D.C.,Bronce,True,False,True,0,0,0.0,52,4,6,True
21190,Colombia,Bogotá D.C.,Bronce,True,False,True,0,0,0.0,51,6,7,True
21191,Perú,—,Bronce,False,False,True,3,2,774.0,26,8,8,False
21192,Colombia,Bogotá D.C.,Bronce,True,False,True,1,0,0.0,14,8,8,False
21193,Perú,—,Bronce,False,True,True,4,3,1308.0,32,5,8,True
21194,Colombia,Medellín,Bronce,False,False,True,0,0,0.0,70,5,10,True
21195,Colombia,Bogotá D.C.,Bronce,True,False,True,4,3,1586.0,61,1,2,True
21196,Colombia,Bogotá D.C.,Bronce,True,False,True,0,0,0.0,32,3,10,True
21197,Colombia,Bogotá D.C.,Bronce,True,False,True,0,0,0.0,11,18,6,False
21198,Colombia,Barranquilla,Bronce,True,False,True,0,0,0.0,63,5,7,True
21199,Colombia,Bogotá D.C.,Plata,True,False,True,10,6,3121.0,40,5,6,True
21200,México,—,Plata,True,True,True,9,7,2046.0,9,26,10,False
21201,México,—,Bronce,True,False,True,3,1,476.0,20,3,8,True
21202,México,—,Plata,True,True,True,23,15,5854.0,5,6,8,True
21203,Colombia,Barranquilla,Bronce,True,False,True,1,0,0.0,12,15,6,False
21204,México,—,Bronce,True,False,False,6,3,1655.0,21,10,5,False
21205,Colombia,Popayán,Bronce,True,False,True,1,0,0.0,18,0,4,True
21206,Uruguay,—,Bronce,True,False,True,1,0,0.0,22,6,10,True
21207,Colombia,Neiva,Oro,True,False,True,37,21,9147.0,12,6,8,True
21208,México,—,Bronce,False,False,True,0,0,0.0,9,17,6,False
21209,Ecuador,—,Bronce,True,False,True,6,3,1528.0,25,14,8,False
21210,México,—,Oro,False,False,True,40,24,16829.0,35,1,0,True
21211,Colombia,Medellín,Bronce,True,False,True,0,0,0.0,28,1,7,True
21212,Colombia,Cali,Bronce,False,False,False,0,0,0.0,4,2,6,True
21213,México,—,Bronce,False,False,True,1,0,0.0,21,13,4,False
21214,Colombia,Manizales,Bronce,False,False,False,1,0,0.0,68,0,7,True
21215,Colombia,Otras ciudades,Bronce,True,False,True,3,2,925.0,94,2,5,True
21216,Ecuador,—,Bronce,False,False,False,2,1,481.0,12,2,7,True
21217,Colombia,Medellín,Bronce,False,False,True,0,0,0.0,2,3,6,True
21218,Colombia,Bogotá D.C.,Bronce,True,True,True,0,0,0.0,27,9,6,False
21219,Colombia,Otras ciudades,Bronce,False,False,True,0,0,0.0,31,6,9,True
21220,Colombia,Bogotá D.C.,Bronce,True,False,True,0,0,0.0,61,7,9,False
21221,Colombia,Medellín,Bronce,False,True,True,1,0,0.0,19,3,6,True
21222,Perú,—,Bronce,True,False,False,0,0,0.0,14,8,8,False
21223,México,—,Bronce,False,False,True,1,0,0.0,22,0,8,True
21224,Perú,—,Bronce,False,False,True,7,5,2059.0,67,3,2,True
21225,Perú,—,Bronce,False,False,True,4,2,1107.0,18,9,6,False
21226,Colombia,Pasto,Bronce,False,False,True,2,1,505.0,17,0,8,True
21227,Colombia,Bogotá D.C.,Bronce,False,False,True,0,0,0.0,50,0,10,True
21228,Colombia,Otras ciudades,Bronce,True,False,True,0,0,0.0,23,8,5,False
21229,Colombia,Armenia,Bronce,True,False,True,0,0,0.0,43,5,8,True
21230,Colombia,Cali,Bronce,False,False,True,0,0,0.0,7,4,3,True
21231,Colombia,Bogotá D.C.,Bronce,False,False,False,0,0,0.0,23,16,7,False
21232,Ecuador,—,Bronce,False,False,True,1,0,0.0,36,6,7,True
21233,Colombia,Medellín,Bronce,False,False,False,0,0,0.0,7,3,5,True
21234,México,—,Plata,False,False,True,11,7,3249.0,32,5,9,True
21235,Colombia,Cúcuta,Bronce,False,False,True,7,4,2650.0,67,4,8,True
21236,Colombia,Bogotá D.C.,Bronce,False,False,True,4,3,1437.0,45,0,6,True
21237,Ecuador,—,Bronce,True,True,True,0,0,0.0,15,3,8,True
21238,Ecuador,—,Bronce,True,False,True,0,0,0.0,13,1,8,True
21239,México,—,Oro,False,True,True,51,37,22460.0,39,6,6,True
21240,Colombia,Bogotá D.C.,Bronce,False,False,False,2,1,601.0,13,1,5,True
21241,México,—,Bronce,True,False,True,4,3,1840.0,31,12,9,False
21242,Colombia,Bogotá D.C.,Bronce,False,False,True,5,4,2330.0,40,7,10,False
21243,Uruguay,—,Bronce,True,False,True,3,2,908.0,33,9,10,False
21244,México,—,Bronce,False,False,False,3,2,419.0,12,1,10,True
21245,Colombia,Bogotá D.C.,Bronce,False,False,True,0,0,0.0,34,6,8,True
21246,Colombia,Bogotá D.C.,Bronce,True,False,True,0,0,0.0,42,2,8,True
21247,Colombia,Bogotá D.C.,Bronce,True,True,False,0,0,0.0,8,6,7,True
21248,Colombia,Bogotá D.C.,Bronce,False,False,True,1,0,0.0,18,2,4,True
21249,Colombia,Bogotá D.C.,Bronce,False,False,True,4,2,945.0,35,2,8,True
21250,Colombia,Bogotá D.C.,Bronce,False,True,False,4,3,1013.0,6,3,8,True
21251,México,—,Bronce,True,False,True,0,0,0.0,86,5,9,True
21252,Colombia,Bogotá D.C.,Bronce,False,False,False,0,0,0.0,63,0,3,True
21253,México,—,Bronce,False,False,True,0,0,0.0,21,2,6,True
21254,Colombia,Bogotá D.C.,Bronce,True,False,True,0,0,0.0,4,1,7,True
21255,Colombia,Bogotá D.C.,Platino,True,False,False,124,90,63080.0,6,7,6,False
21256,Uruguay,—,Bronce,True,True,True,2,1,581.0,4,8,9,False
21257,Colombia,Medellín,Bronce,True,True,True,6,4,1774.0,9,6,4,True
21258,Uruguay,—,Plata,False,True,True,9,7,3292.0,58,0,7,True
21259,México,—,Bronce,False,False,True,3,2,842.0,34,3,9,True
21260,Colombia,Bogotá D.C.,Bronce,True,False,True,1,0,0.0,83,4,5,True
21261,Uruguay,—,Bronce,False,True,False,3,2,951.0,24,10,10,False
21262,Colombia,Otras ciudades,Bronce,False,False,True,2,1,523.0,26,4,10,True
21263,Colombia,Otras ciudades,Bronce,True,False,True,1,0,0.0,13,3,5,True
21264,Colombia,Otras ciudades,Bronce,False,True,True,3,2,1060.0,18,0,10,True
21265,Perú,—,Bronce,False,True,True,1,0,0.0,34,12,5,False
21266,Ecuador,—,Bronce,True,False,True,0,0,0.0,24,13,4,False
21267,Colombia,Barranquilla,Bronce,False,True,True,5,3,1205.0,105,2,9,True
21268,Colombia,Bogotá D.C.,Bronce,True,True,True,0,0,0.0,9,16,7,False
21269,Ecuador,—,Bronce,False,False,True,0,0,0.0,44,2,5,True
21270,Colombia,Otras ciudades,Bronce,False,True,True,0,0,0.0,17,5,6,True
21271,Colombia,Cali,Bronce,False,True,True,2,1,384.0,32,6,8,True
21272,Colombia,Cartagena,Bronce,True,True,True,0,0,0.0,14,7,5,False
21273,Ecuador,—,Bronce,True,True,True,0,0,0.0,9,3,8,True
21274,Colombia,Otras ciudades,Bronce,False,True,True,0,0,0.0,29,2,9,True
21275,Colombia,Bogotá D.C.,Bronce,True,True,True,1,0,0.0,48,3,4,True
21276,Colombia,Cali,Bronce,False,False,True,1,0,0.0,5,8,7,False
21277,Ecuador,—,Oro,False,False,True,31,25,12148.0,23,6,9,True
21278,Chile,—,Bronce,False,True,True,3,2,1118.0,65,3,9,True
21279,Perú,—,Bronce,False,False,True,2,1,582.0,61,8,6,False
21280,Colombia,Pereira,Bronce,False,False,True,1,0,0.0,25,9,6,False
21281,Colombia,Bogotá D.C.,Bronce,False,True,True,2,1,662.0,27,18,7,False
21282,Colombia,Bogotá D.C.,Bronce,True,False,True,3,1,485.0,21,0,7,True
21283,Colombia,Montería,Bronce,True,False,True,1,0,0.0,4,2,10,True
21284,Chile,—,Bronce,False,True,False,5,3,1512.0,16,4,10,True
21285,Chile,—,Bronce,True,True,True,3,2,1203.0,29,5,7,True
21286,México,—,Bronce,False,True,True,2,1,305.0,10,9,9,False
21287,Colombia,Popayán,Bronce,False,True,True,0,0,0.0,42,6,9,True
21288,Chile,—,Bronce,False,True,True,0,0,0.0,8,0,6,True
21289,Colombia,Bogotá D.C.,Bronce,True,False,True,2,1,493.0,7,4,7,True
21290,Colombia,Bogotá D.C.,Bronce,False,True,True,2,1,486.0,9,23,10,False
21291,México,—,Bronce,False,False,True,6,4,2300.0,3,1,8,True
21292,Colombia,Barranquilla,Bronce,False,False,True,2,1,497.0,37,0,9,True
21293,México,—,Bronce,True,False,False,2,1,429.0,26,2,6,True
21294,Perú,—,Bronce,True,False,False,0,0,0.0,16,3,6,True
21295,Perú,—,Bronce,True,False,True,0,0,0.0,12,3,8,True
21296,Perú,—,Bronce,True,False,True,0,0,0.0,24,9,5,False
21297,Colombia,Medellín,Bronce,True,False,True,1,0,0.0,37,2,3,True
21298,Colombia,Bogotá D.C.,Bronce,False,True,True,3,1,420.0,47,7,6,False
21299,Colombia,Medellín,Bronce,True,False,True,0,0,0.0,24,1,5,True
21300,Uruguay,—,Bronce,True,False,True,1,0,0.0,32,4,7,True
21301,México,—,Bronce,False,True,True,0,0,0.0,11,2,5,True
21302,Colombia,Villavicencio,Plata,False,True,True,13,8,3178.0,8,10,6,False
21303,Colombia,Cúcuta,Plata,True,False,True,8,5,2972.0,37,8,9,False
21304,Colombia,Medellín,Oro,False,False,True,26,18,10511.0,22,4,10,True
21305,Colombia,Medellín,Bronce,True,False,True,4,2,732.0,2,0,10,True
21306,Uruguay,—,Plata,False,False,True,17,11,5315.0,6,0,6,True
21307,México,—,Bronce,True,False,True,1,0,0.0,12,0,7,True
21308,Colombia,Cali,Bronce,False,False,True,4,3,1550.0,6,1,7,True
21309,México,—,Bronce,True,True,True,1,0,0.0,4,0,7,True
21310,Colombia,Bogotá D.C.,Plata,True,False,True,9,7,2239.0,41,2,6,True
21311,Colombia,Bogotá D.C.,Bronce,True,True,True,1,0,0.0,19,8,4,False
21312,México,—,Bronce,False,False,True,3,2,1032.0,4,6,7,True
21313,Colombia,Cartagena,Bronce,False,False,True,2,1,518.0,4,4,8,True
21314,México,—,Bronce,False,False,True,0,0,0.0,12,3,8,True
21315,Colombia,Barranquilla,Bronce,False,False,True,0,0,0.0,7,6,7,True
21316,México,—,Plata,True,False,True,12,7,3210.0,23,13,5,False
21317,Colombia,Bogotá D.C.,Bronce,True,False,True,2,1,542.0,5,6,8,True
21318,Colombia,Cúcuta,Bronce,True,False,False,3,2,600.0,39,23,9,False
21319,Colombia,Otras ciudades,Bronce,True,False,True,7,5,2657.0,36,4,10,True
21320,México,—,Plata,True,True,True,14,9,4082.0,47,5,7,True
21321,México,—,Plata,False,False,True,12,9,3941.0,22,6,9,True
21322,Colombia,Medellín,Bronce,True,False,True,0,0,0.0,14,4,6,True
21323,Colombia,Bogotá D.C.,Bronce,True,True,True,2,1,403.0,29,1,6,True
21324,Colombia,Cartagena,Plata,True,False,True,22,18,9920.0,16,11,4,False
21325,Colombia,Otras ciudades,Bronce,False,False,False,1,0,0.0,14,6,10,True
21326,Colombia,Valledupar,Bronce,False,True,True,0,0,0.0,20,5,3,True
21327,Colombia,Bogotá D.C.,Bronce,True,False,True,4,3,1799.0,5,13,4,False
21328,Colombia,Otras ciudades,Bronce,False,False,True,0,0,0.0,46,8,1,False
21329,Colombia,Bucaramanga,Bronce,False,True,False,3,2,903.0,11,11,7,False
21330,México,—,Bronce,True,True,True,0,0,0.0,69,6,7,True
21331,México,—,Bronce,True,False,True,0,0,0.0,43,12,7,False
21332,Ecuador,—,Bronce,False,False,True,0,0,0.0,25,7,1,False
21333,Colombia,Bogotá D.C.,Bronce,False,True,True,1,0,0.0,5,12,6,False
21334,Chile,—,Plata,False,False,True,9,6,4215.0,18,7,5,False
21335,Colombia,Bogotá D.C.,Plata,False,False,True,9,8,5040.0,53,8,7,False
21336,Colombia,Bogotá D.C.,Plata,True,False,True,15,8,3026.0,17,4,9,True
21337,Colombia,Bogotá D.C.,Plata,False,True,True,19,17,8883.0,64,1,6,True
21338,México,—,Bronce,False,False,True,5,3,1678.0,19,19,10,False
21339,Colombia,Bogotá D.C.,Bronce,True,True,True,1,0,0.0,35,5,8,True
21340,Colombia,Neiva,Bronce,True,False,False,0,0,0.0,41,4,7,True
21341,Ecuador,—,Plata,True,False,True,17,14,5962.0,26,6,5,True
21342,México,—,Bronce,False,False,True,0,0,0.0,15,4,9,True
21343,Colombia,Santa Marta,Bronce,True,False,True,4,3,1167.0,27,0,9,True
21344,Colombia,Bogotá D.C.,Bronce,True,False,True,4,3,1741.0,83,15,10,False
21345,Colombia,Otras ciudades,Bronce,False,False,True,5,4,1744.0,9,3,10,True
21346,México,—,Bronce,False,False,False,3,2,913.0,2,1,6,True
21347,México,—,Bronce,False,True,True,1,0,0.0,36,9,10,False
21348,Colombia,Bogotá D.C.,Bronce,True,True,True,0,0,0.0,12,13,8,False
21349,Colombia,Bogotá D.C.,Bronce,True,False,True,1,0,0.0,7,5,10,True
21350,Colombia,Bogotá D.C.,Bronce,True,False,True,1,0,0.0,35,2,9,True
21351,Uruguay,—,Bronce,False,False,True,0,0,0.0,25,25,5,False
21352,Colombia,Medellín,Bronce,False,True,True,0,0,0.0,46,1,9,True
21353,Colombia,Otras ciudades,Bronce,True,True,True,0,0,0.0,87,4,10,True
21354,Colombia,Bogotá D.C.,Bronce,False,True,True,1,0,0.0,28,24,9,False
21355,Uruguay,—,Bronce,False,False,True,3,2,1069.0,28,0,9,True
21356,Colombia,Medellín,Bronce,False,False,True,1,0,0.0,6,4,3,True
21357,Colombia,Bogotá D.C.,Bronce,True,False,False,6,5,2989.0,71,1,9,True
21358,Colombia,Medellín,Bronce,False,False,False,0,0,0.0,52,2,5,True
21359,México,—,Bronce,True,False,False,3,1,285.0,20,12,7,False
21360,Colombia,Bogotá D.C.,Bronce,False,True,False,1,0,0.0,3,7,9,False
21361,Colombia,Medellín,Bronce,False,False,True,4,3,2033.0,30,1,6,True
21362,México,—,Bronce,True,True,False,6,4,1620.0,17,11,10,False
21363,Colombia,Medellín,Bronce,True,True,True,2,1,462.0,10,29,6,False
21364,Colombia,Manizales,Bronce,False,True,True,0,0,0.0,9,4,9,True
21365,Colombia,Bucaramanga,Bronce,False,True,True,1,0,0.0,5,7,10,False
21366,Colombia,Pereira,Bronce,True,True,True,1,0,0.0,17,8,8,False
21367,Ecuador,—,Bronce,True,False,True,4,2,1149.0,21,4,7,True
21368,Colombia,Bogotá D.C.,Oro,True,True,True,30,21,12156.0,3,3,4,True
21369,Colombia,Bogotá D.C.,Bronce,False,True,True,2,1,367.0,22,7,7,False
21370,México,—,Bronce,False,False,True,0,0,0.0,13,5,10,True
21371,Colombia,Medellín,Oro,False,False,False,44,25,12308.0,4,6,8,True
21372,Ecuador,—,Bronce,False,False,True,1,0,0.0,6,3,6,True
21373,Colombia,Bogotá D.C.,Bronce,False,False,False,2,1,275.0,3,4,10,True
21374,Colombia,Bogotá D.C.,Bronce,True,False,True,0,0,0.0,39,6,10,True
21375,Perú,—,Bronce,True,True,True,5,3,788.0,16,7,8,False
21376,Colombia,Bogotá D.C.,Bronce,False,False,True,0,0,0.0,11,4,8,True
21377,Colombia,Otras ciudades,Bronce,True,False,True,2,1,511.0,28,8,6,False
21378,Colombia,Cali,Bronce,False,False,True,1,0,0.0,20,2,9,True
21379,Colombia,Cali,Bronce,False,False,True,0,0,0.0,21,16,10,False
21380,México,—,Bronce,True,False,True,2,1,704.0,61,2,5,True
21381,Ecuador,—,Bronce,True,False,True,7,6,2148.0,80,7,4,False
21382,Colombia,Bogotá D.C.,Bronce,False,False,True,0,0,0.0,65,4,9,True
21383,Colombia,Bogotá D.C.,Bronce,False,False,True,2,1,543.0,2,2,10,True
21384,Colombia,Otras ciudades,Bronce,False,False,True,0,0,0.0,16,1,6,True
21385,Colombia,Otras ciudades,Bronce,False,False,False,0,0,0.0,46,4,8,True
21386,Ecuador,—,Bronce,False,False,True,1,0,0.0,33,2,7,True
21387,Colombia,Otras ciudades,Bronce,False,False,True,3,1,589.0,51,3,10,True
21388,México,—,Bronce,False,False,True,0,0,0.0,57,9,10,False
21389,Colombia,Santa Marta,Bronce,True,True,True,0,0,0.0,20,2,10,True
21390,México,—,Bronce,True,False,True,7,4,2141.0,14,9,9,False
21391,Chile,—,Bronce,False,False,True,5,4,1764.0,4,4,9,True
21392,Colombia,Cartagena,Bronce,True,True,True,0,0,0.0,25,8,4,False
21393,Colombia,Medellín,Bronce,True,False,True,4,2,991.0,19,7,8,False
21394,Uruguay,—,Bronce,False,True,True,1,0,0.0,18,7,6,False
21395,Colombia,Medellín,Bronce,False,False,True,1,0,0.0,48,19,6,False
21396,Colombia,Medellín,Plata,True,False,False,22,19,7022.0,7,16,9,False
21397,Colombia,Cali,Oro,True,True,True,33,27,15056.0,92,4,6,True
21398,México,—,Bronce,False,False,True,0,0,0.0,2,13,8,False
21399,Colombia,Cúcuta,Plata,True,True,True,16,14,8407.0,6,7,8,False
21400,Colombia,Medellín,Bronce,False,True,False,0,0,0.0,35,15,2,False
21401,Colombia,Armenia,Bronce,True,True,True,2,1,522.0,17,6,9,True
21402,México,—,Bronce,False,False,False,4,3,1102.0,16,7,9,False
21403,Ecuador,—,Plata,False,False,False,8,7,2842.0,34,7,6,False
21404,México,—,Bronce,False,False,True,2,1,471.0,31,4,7,True
21405,Colombia,Bogotá D.C.,Plata,False,True,False,9,6,2260.0,68,12,7,False
21406,Uruguay,—,Bronce,False,True,True,0,0,0.0,6,3,7,True
21407,Ecuador,—,Bronce,False,False,True,6,3,1770.0,23,4,6,True
21408,Colombia,Barranquilla,Bronce,False,False,True,1,0,0.0,11,6,7,True
21409,Colombia,Cartagena,Plata,True,False,True,11,7,4085.0,20,11,8,False
21410,México,—,Bronce,True,False,True,1,0,0.0,21,3,7,True
21411,México,—,Bronce,False,False,True,6,5,2366.0,20,8,8,False
21412,Colombia,Bogotá D.C.,Bronce,True,True,True,0,0,0.0,95,4,6,True
21413,Perú,—,Bronce,False,False,True,0,0,0.0,26,15,9,False
21414,Ecuador,—,Bronce,True,True,True,2,1,328.0,19,3,10,True
21415,México,—,Bronce,True,False,True,5,4,2406.0,16,8,10,False
21416,Perú,—,Bronce,False,True,True,0,0,0.0,56,0,7,True
21417,Colombia,Bucaramanga,Bronce,True,True,True,0,0,0.0,5,1,9,True
21418,Colombia,Armenia,Bronce,False,False,True,0,0,0.0,29,2,6,True
21419,Colombia,Cartagena,Platino,False,False,True,330,215,68314.0,17,6,8,True
21420,Colombia,Bucaramanga,Bronce,False,True,True,2,1,573.0,83,8,7,False
21421,México,—,Bronce,True,False,True,2,1,550.0,10,2,7,True
21422,México,—,Bronce,False,False,True,7,5,2074.0,3,1,10,True
21423,Colombia,Medellín,Bronce,False,False,True,0,0,0.0,22,2,5,True
21424,Colombia,Bucaramanga,Bronce,True,False,True,1,0,0.0,19,1,6,True
21425,Colombia,Bogotá D.C.,Bronce,False,True,True,2,1,460.0,19,12,6,False
21426,Colombia,Cali,Bronce,False,True,True,1,0,0.0,42,5,6,True
21427,Colombia,Bogotá D.C.,Bronce,True,False,True,1,0,0.0,50,2,9,True
21428,Colombia,Cúcuta,Bronce,True,False,True,2,1,650.0,7,15,8,False
21429,Ecuador,—,Bronce,False,False,True,3,1,565.0,89,1,9,True
21430,Colombia,Bogotá D.C.,Bronce,False,False,False,1,0,0.0,15,3,10,True
21431,Colombia,Cali,Bronce,False,False,False,2,1,479.0,52,0,6,True
21432,Colombia,Otras ciudades,Bronce,False,False,True,0,0,0.0,12,12,5,False
21433,Colombia,Cali,Oro,False,True,False,33,28,13655.0,9,0,9,True
21434,México,—,Bronce,True,False,False,0,0,0.0,1,14,7,False
21435,Chile,—,Bronce,False,False,True,4,2,1033.0,40,4,8,True
21436,Colombia,Pereira,Bronce,True,True,True,7,4,1794.0,20,3,10,True
21437,Colombia,Medellín,Bronce,True,False,True,1,0,0.0,29,1,10,True
21438,México,—,Bronce,True,True,False,0,0,0.0,65,9,7,False
21439,Perú,—,Bronce,False,True,True,1,0,0.0,6,1,8,True
21440,Colombia,Bogotá D.C.,Bronce,False,False,True,1,0,0.0,7,0,3,True
21441,México,—,Bronce,True,True,True,0,0,0.0,69,13,7,False
21442,Colombia,Bogotá D.C.,Bronce,True,False,True,2,1,342.0,10,6,6,True
21443,Colombia,Cartagena,Bronce,False,False,False,0,0,0.0,70,6,7,True
21444,México,—,Bronce,False,False,True,0,0,0.0,21,10,8,False
21445,Colombia,Bogotá D.C.,Bronce,False,False,False,6,5,2656.0,23,1,5,True
21446,Colombia,Cali,Bronce,True,False,True,4,2,1011.0,51,5,7,True
21447,Colombia,Popayán,Bronce,False,False,True,5,4,2064.0,21,11,9,False
21448,México,—,Bronce,False,True,False,1,0,0.0,13,0,10,True
21449,Uruguay,—,Bronce,True,False,True,1,0,0.0,41,1,10,True
21450,Colombia,Bogotá D.C.,Bronce,False,False,True,0,0,0.0,48,2,9,True
21451,México,—,Bronce,True,True,True,1,0,0.0,33,8,8,False
21452,Colombia,Medellín,Bronce,False,False,True,2,1,456.0,29,2,9,True
21453,Perú,—,Bronce,True,True,True,1,0,0.0,10,2,6,True
21454,Colombia,Bogotá D.C.,Bronce,False,False,True,6,5,2104.0,11,0,10,True
21455,México,—,Bronce,True,False,True,5,2,1078.0,79,2,6,True
21456,Colombia,Bogotá D.C.,Plata,True,False,True,20,14,5597.0,33,11,6,False
21457,México,—,Bronce,False,False,True,1,0,0.0,46,4,6,True
21458,Colombia,Bogotá D.C.,Bronce,True,False,True,3,2,898.0,17,6,6,True
21459,Colombia,Bogotá D.C.,Bronce,False,False,True,1,0,0.0,25,7,9,False
21460,Colombia,Pereira,Bronce,True,False,True,0,0,0.0,23,3,10,True
21461,México,—,Bronce,False,False,True,0,0,0.0,2,3,10,True
21462,Colombia,Bogotá D.C.,Bronce,True,True,False,3,1,357.0,34,1,3,True
21463,Colombia,Manizales,Bronce,False,False,True,2,1,497.0,27,2,10,True
21464,Colombia,Bogotá D.C.,Bronce,False,False,True,1,0,0.0,30,4,7,True
21465,Ecuador,—,Plata,False,False,True,20,14,8764.0,40,4,8,True
21466,Colombia,Medellín,Bronce,True,False,True,7,6,2125.0,53,3,10,True
21467,Colombia,Medellín,Bronce,False,False,True,5,4,1646.0,10,2,4,True
21468,Colombia,Cúcuta,Oro,False,False,True,29,19,10441.0,25,3,7,True
21469,Colombia,Cali,Plata,False,False,True,14,12,6420.0,28,1,7,True
21470,Colombia,Ibagué,Bronce,False,True,False,0,0,0.0,10,0,4,True
21471,México,—,Bronce,False,False,False,2,1,477.0,8,3,5,True
21472,Chile,—,Bronce,False,False,True,1,0,0.0,9,9,8,False
21473,México,—,Plata,True,False,True,13,8,4128.0,32,1,4,True
21474,Colombia,Bogotá D.C.,Bronce,False,False,True,6,4,1429.0,15,3,9,True
21475,México,—,Bronce,False,False,True,2,1,423.0,60,1,7,True
21476,Colombia,Santa Marta,Bronce,False,True,True,2,1,439.0,35,0,5,True
21477,Colombia,Sincelejo,Bronce,False,True,True,1,0,0.0,16,5,6,True
21478,Colombia,Bucaramanga,Bronce,False,True,True,0,0,0.0,17,0,9,True
21479,México,—,Bronce,False,True,True,1,0,0.0,38,2,10,True
21480,Colombia,Medellín,Bronce,False,False,True,2,1,517.0,25,2,6,True
21481,México,—,Bronce,True,False,False,0,0,0.0,35,0,7,True
21482,Perú,—,Bronce,False,False,True,0,0,0.0,4,10,10,False
21483,Colombia,Bogotá D.C.,Oro,False,False,True,26,17,9260.0,68,17,7,False
21484,Perú,—,Bronce,True,False,True,4,3,1462.0,31,3,9,True
21485,Uruguay,—,Bronce,True,False,False,0,0,0.0,11,11,5,False
21486,México,—,Bronce,True,True,False,0,0,0.0,23,11,4,False
21487,Colombia,Cúcuta,Bronce,False,False,True,1,0,0.0,13,0,7,True
21488,Colombia,Otras ciudades,Bronce,True,False,False,7,5,2803.0,91,6,4,True
21489,Colombia,Bogotá D.C.,Bronce,True,True,True,0,0,0.0,21,0,10,True
21490,México,—,Bronce,True,False,True,0,0,0.0,14,2,10,True
21491,Colombia,Cali,Bronce,True,False,True,2,1,390.0,19,8,8,False
21492,Chile,—,Plata,True,False,True,11,7,4358.0,43,1,8,True
21493,México,—,Bronce,True,True,True,0,0,0.0,31,16,7,False
21494,Colombia,Otras ciudades,Bronce,False,True,True,1,0,0.0,8,7,6,False
21495,Colombia,Villavicencio,Bronce,True,False,False,1,0,0.0,10,11,10,False
21496,México,—,Bronce,False,False,True,0,0,0.0,62,2,8,True
21497,Colombia,Bogotá D.C.,Bronce,True,False,False,0,0,0.0,59,1,8,True
21498,Colombia,Medellín,Bronce,True,True,False,0,0,0.0,38,5,6,True
21499,México,—,Bronce,False,False,True,1,0,0.0,16,30,8,False
21500,Colombia,Bucaramanga,Plata,True,True,True,9,8,3723.0,12,6,6,True
21501,Colombia,Medellín,Plata,True,True,False,10,9,4884.0,6,7,5,False
21502,Ecuador,—,Bronce,True,True,True,6,4,1248.0,20,8,6,False
21503,Chile,—,Oro,True,True,True,48,35,16441.0,14,5,8,True
21504,México,—,Bronce,False,False,False,0,0,0.0,15,7,3,False
21505,Colombia,Bogotá D.C.,Bronce,False,False,True,2,1,551.0,19,8,10,False
21506,Colombia,Medellín,Plata,False,True,True,8,4,1238.0,38,15,9,False
21507,Colombia,Otras ciudades,Oro,True,False,False,35,29,16165.0,8,7,7,False
21508,Colombia,Cali,Bronce,True,True,True,2,1,464.0,22,5,10,True
21509,Chile,—,Bronce,True,False,False,4,2,1194.0,39,10,8,False
21510,Colombia,Bogotá D.C.,Bronce,False,False,True,0,0,0.0,23,1,10,True
21511,Colombia,Otras ciudades,Bronce,False,False,True,2,1,324.0,16,4,6,True
21512,Chile,—,Bronce,False,False,False,0,0,0.0,23,0,5,True
21513,Ecuador,—,Bronce,False,False,True,0,0,0.0,39,3,8,True
21514,México,—,Bronce,False,False,True,2,1,415.0,5,6,7,True
21515,México,—,Bronce,False,True,True,0,0,0.0,64,3,10,True
21516,Colombia,Bogotá D.C.,Bronce,False,False,True,6,5,2310.0,52,0,4,True
21517,Colombia,Medellín,Plata,False,False,True,11,7,3130.0,56,1,8,True
21518,Perú,—,Bronce,False,True,True,0,0,0.0,29,12,7,False
21519,Colombia,Cúcuta,Plata,True,False,True,12,10,3659.0,33,1,9,True
21520,Ecuador,—,Bronce,True,False,True,0,0,0.0,21,4,8,True
21521,México,—,Bronce,False,False,True,1,0,0.0,7,2,10,True
21522,Ecuador,—,Bronce,False,False,True,1,0,0.0,20,4,9,True
21523,Colombia,Cali,Bronce,True,False,False,0,0,0.0,40,3,6,True
21524,Colombia,Cúcuta,Bronce,False,False,True,1,0,0.0,42,3,8,True
21525,Colombia,Bogotá D.C.,Bronce,False,False,True,3,2,1217.0,45,0,3,True
21526,Colombia,Barranquilla,Bronce,False,False,True,1,0,0.0,15,2,4,True
21527,Colombia,Cali,Bronce,True,False,True,0,0,0.0,14,10,6,False
21528,Colombia,Ibagué,Bronce,True,False,True,5,3,1354.0,73,1,4,True
21529,México,—,Bronce,False,True,True,4,2,711.0,9,4,9,True
21530,Perú,—,Bronce,True,False,False,3,2,983.0,42,0,9,True
21531,Colombia,Bogotá D.C.,Bronce,False,True,True,1,0,0.0,14,19,6,False
21532,Colombia,Cali,Bronce,True,True,True,0,0,0.0,61,4,3,True
21533,México,—,Bronce,True,False,True,1,0,0.0,39,3,10,True
21534,Colombia,Bogotá D.C.,Bronce,False,False,False,5,3,1311.0,12,8,4,False
21535,Colombia,Barranquilla,Bronce,True,False,True,0,0,0.0,3,1,10,True
21536,Colombia,Bogotá D.C.,Bronce,True,True,True,0,0,0.0,22,2,9,True
21537,Colombia,Cartagena,Bronce,False,False,False,1,0,0.0,4,15,9,False
21538,Colombia,Bogotá D.C.,Platino,False,True,True,105,65,30776.0,35,1,7,True
21539,Colombia,Cali,Plata,False,True,False,20,15,7119.0,17,4,7,True
21540,Perú,—,Bronce,False,False,True,0,0,0.0,5,4,9,True
21541,Colombia,Bogotá D.C.,Bronce,True,True,False,6,3,1965.0,59,6,7,True
21542,Colombia,Otras ciudades,Bronce,False,False,True,1,0,0.0,78,3,6,True
21543,Colombia,Bogotá D.C.,Bronce,True,False,True,3,2,947.0,13,15,3,False
21544,México,—,Bronce,True,False,True,5,4,2274.0,25,9,6,False
21545,Colombia,Bogotá D.C.,Bronce,False,True,True,1,0,0.0,87,7,9,False
21546,Colombia,Villavicencio,Bronce,False,False,True,0,0,0.0,29,19,3,False
21547,México,—,Bronce,False,False,True,3,2,428.0,7,4,6,True
21548,Colombia,Cartagena,Bronce,True,False,False,1,0,0.0,12,8,9,False
21549,Colombia,Manizales,Bronce,False,False,True,0,0,0.0,6,3,10,True
21550,Perú,—,Bronce,True,True,True,0,0,0.0,9,12,7,False
21551,México,—,Bronce,False,False,True,2,1,317.0,20,4,9,True
21552,Colombia,Cali,Bronce,True,False,True,2,1,265.0,35,4,6,True
21553,Colombia,Otras ciudades,Bronce,False,True,True,1,0,0.0,8,4,6,True
21554,Colombia,Cartagena,Plata,True,False,True,9,5,1345.0,7,1,9,True
21555,México,—,Plata,True,False,True,16,11,6270.0,4,15,8,False
21556,Perú,—,Bronce,True,False,True,2,1,416.0,14,12,5,False
21557,Colombia,Ibagué,Bronce,True,False,True,1,0,0.0,15,12,10,False
21558,México,—,Bronce,True,False,True,6,4,1839.0,52,6,9,True
21559,Colombia,Armenia,Bronce,True,False,True,0,0,0.0,25,5,7,True
21560,México,—,Bronce,False,True,False,0,0,0.0,9,7,9,False
21561,Colombia,Bucaramanga,Bronce,False,False,True,1,0,0.0,37,3,6,True
21562,Colombia,Bogotá D.C.,Bronce,True,False,True,0,0,0.0,9,7,7,False
21563,Colombia,Ibagué,Plata,False,True,True,9,6,2761.0,28,3,10,True
21564,México,—,Oro,False,True,True,52,35,19480.0,16,5,9,True
21565,México,—,Bronce,True,False,False,0,0,0.0,1,8,5,False
21566,México,—,Bronce,True,False,True,0,0,0.0,16,0,10,True
21567,Colombia,Cali,Bronce,True,False,True,0,0,0.0,12,10,5,False
21568,Ecuador,—,Bronce,False,False,True,2,1,384.0,74,1,5,True
21569,Colombia,Bucaramanga,Bronce,False,False,True,1,0,0.0,9,12,7,False
21570,Colombia,Bogotá D.C.,Bronce,True,False,True,1,0,0.0,2,4,6,True
21571,Colombia,Cartagena,Bronce,False,False,True,0,0,0.0,27,1,7,True
21572,Chile,—,Bronce,False,False,True,7,5,2836.0,21,5,5,True
21573,Colombia,Pereira,Bronce,True,False,False,0,0,0.0,10,5,9,True
21574,México,—,Bronce,False,True,True,0,0,0.0,37,9,9,False
21575,Colombia,Otras ciudades,Plata,True,True,True,21,17,9377.0,17,9,6,False
21576,Colombia,Medellín,Bronce,True,False,True,4,3,1414.0,14,9,4,False
21577,Colombia,Sincelejo,Bronce,False,False,True,5,3,1792.0,23,5,7,True
21578,México,—,Bronce,True,True,True,7,6,2941.0,5,3,4,True
21579,México,—,Bronce,False,True,True,0,0,0.0,12,3,9,True
21580,Colombia,Medellín,Bronce,False,False,False,2,1,554.0,32,10,7,False
21581,Colombia,Manizales,Bronce,True,False,False,1,0,0.0,21,2,9,True
21582,Colombia,Cali,Bronce,False,True,True,0,0,0.0,34,4,10,True
21583,Chile,—,Bronce,True,False,True,5,4,2755.0,6,5,10,True
21584,Ecuador,—,Bronce,False,True,True,7,5,2037.0,28,12,5,False
21585,Colombia,Neiva,Bronce,False,True,True,0,0,0.0,12,1,6,True
21586,Colombia,Bogotá D.C.,Plata,False,True,True,19,14,4680.0,38,1,10,True
21587,Colombia,Bogotá D.C.,Bronce,True,False,True,1,0,0.0,22,3,7,True
21588,Ecuador,—,Bronce,False,True,False,6,5,2935.0,16,2,8,True
21589,Colombia,Cali,Bronce,False,False,True,1,0,0.0,7,4,9,True
21590,Colombia,Bogotá D.C.,Bronce,True,False,True,1,0,0.0,14,1,10,True
21591,Colombia,Bogotá D.C.,Plata,False,True,True,9,7,1878.0,12,10,9,False
21592,Colombia,Villavicencio,Bronce,False,True,True,1,0,0.0,54,8,8,False
21593,Colombia,Barranquilla,Bronce,False,True,True,1,0,0.0,14,4,8,True
21594,México,—,Bronce,True,True,False,0,0,0.0,12,2,6,True
21595,Colombia,Medellín,Bronce,True,True,True,3,1,407.0,27,4,6,True
21596,Colombia,Cali,Bronce,True,False,True,0,0,0.0,12,0,9,True
21597,Colombia,Barranquilla,Plata,False,True,False,11,6,2442.0,47,1,9,True
21598,Colombia,Ibagué,Bronce,True,False,True,3,1,549.0,43,1,10,True
21599,Colombia,Bogotá D.C.,Bronce,False,False,True,2,1,523.0,28,9,7,False
21600,México,—,Bronce,True,False,True,0,0,0.0,89,6,8,True
21601,Perú,—,Bronce,True,False,True,0,0,0.0,36,6,9,True
21602,Colombia,Montería,Bronce,False,False,False,0,0,0.0,38,4,5,True
21603,Chile,—,Bronce,False,False,True,0,0,0.0,46,7,7,False
21604,Colombia,Bogotá D.C.,Bronce,True,False,True,2,1,484.0,24,11,6,False
21605,México,—,Bronce,False,False,True,0,0,0.0,54,8,10,False
21606,Colombia,Otras ciudades,Bronce,False,False,True,2,1,433.0,2,1,5,True
21607,Perú,—,Bronce,True,False,True,0,0,0.0,40,5,6,True
21608,Ecuador,—,Bronce,True,True,True,0,0,0.0,16,5,8,True
21609,Colombia,Cali,Bronce,True,False,True,0,0,0.0,17,2,9,True
21610,Ecuador,—,Plata,False,False,True,10,8,3165.0,87,0,10,True
21611,Colombia,Bogotá D.C.,Bronce,True,False,True,5,4,2054.0,17,1,8,True
21612,Colombia,Bogotá D.C.,Bronce,True,False,True,5,4,2023.0,14,2,8,True
21613,Ecuador,—,Plata,False,True,True,21,19,6098.0,28,2,5,True
21614,Colombia,Cali,Bronce,False,False,True,1,0,0.0,92,2,7,True
21615,Colombia,Armenia,Bronce,False,True,False,0,0,0.0,36,10,7,False
21616,Colombia,Cúcuta,Bronce,False,False,True,0,0,0.0,9,4,9,True
21617,México,—,Platino,True,False,False,71,66,31343.0,15,1,6,True
21618,Ecuador,—,Bronce,True,True,True,0,0,0.0,12,0,5,True
21619,Colombia,Valledupar,Plata,True,False,True,8,5,1291.0,10,2,4,True
21620,Colombia,Bogotá D.C.,Bronce,True,False,True,0,0,0.0,32,7,6,False
21621,Ecuador,—,Bronce,True,False,True,1,0,0.0,56,11,6,False
21622,Colombia,Barranquilla,Bronce,True,False,False,4,3,1272.0,4,2,7,True
21623,Colombia,Cali,Bronce,False,False,True,4,2,895.0,42,11,5,False
21624,Perú,—,Bronce,False,True,True,7,4,2069.0,18,7,6,False
21625,Colombia,Medellín,Bronce,False,False,True,0,0,0.0,47,9,9,False
21626,Colombia,Bogotá D.C.,Bronce,True,False,True,1,0,0.0,34,6,5,True
21627,Colombia,Bogotá D.C.,Bronce,False,True,True,6,5,865.0,21,9,8,False
21628,Colombia,Medellín,Oro,False,True,True,41,27,9835.0,71,2,8,True
21629,Colombia,Bogotá D.C.,Bronce,False,False,True,1,0,0.0,37,1,10,True
21630,Ecuador,—,Bronce,False,False,False,1,0,0.0,6,3,7,True
21631,Colombia,Bogotá D.C.,Bronce,False,False,True,5,3,1819.0,64,2,8,True
21632,México,—,Bronce,False,True,True,1,0,0.0,21,13,6,False
21633,Colombia,Otras ciudades,Bronce,True,False,True,0,0,0.0,35,4,6,True
21634,Colombia,Bucaramanga,Bronce,False,False,True,1,0,0.0,106,3,9,True
21635,Colombia,Cali,Plata,True,True,False,11,8,3825.0,32,6,10,True
21636,Colombia,Medellín,Bronce,False,True,True,0,0,0.0,39,2,7,True
21637,Ecuador,—,Bronce,False,True,True,1,0,0.0,22,8,10,False
21638,Colombia,Bogotá D.C.,Bronce,False,True,True,0,0,0.0,40,7,7,False
21639,Colombia,Bucaramanga,Bronce,True,True,True,1,0,0.0,19,14,6,False
21640,Colombia,Valledupar,Bronce,True,False,True,2,1,502.0,8,4,8,True
21641,Colombia,Barranquilla,Bronce,True,False,True,0,0,0.0,76,2,8,True
21642,Colombia,Popayán,Bronce,True,True,True,2,1,481.0,8,9,10,False
21643,México,—,Bronce,True,False,True,6,3,1309.0,12,4,7,True
21644,Ecuador,—,Bronce,False,False,True,2,1,503.0,13,7,6,False
21645,Ecuador,—,Bronce,False,False,True,0,0,0.0,29,15,5,False
21646,Colombia,Bogotá D.C.,Bronce,True,True,True,4,3,1326.0,4,6,10,True
21647,Colombia,Cali,Bronce,False,False,True,0,0,0.0,1,17,8,False
21648,Perú,—,Bronce,False,True,True,5,2,986.0,23,16,9,False
21649,Perú,—,Plata,False,True,True,17,14,7785.0,2,12,10,False
21650,Colombia,Bogotá D.C.,Bronce,False,False,True,0,0,0.0,11,0,8,True
21651,Colombia,Medellín,Bronce,False,False,False,1,0,0.0,27,5,7,True
21652,Uruguay,—,Bronce,False,False,True,1,0,0.0,25,6,2,True
21653,Ecuador,—,Bronce,False,True,True,6,5,2085.0,96,3,9,True
21654,Colombia,Cali,Plata,True,False,True,17,15,6030.0,37,5,8,True
21655,Colombia,Bogotá D.C.,Plata,True,False,True,11,9,6813.0,21,3,8,True
21656,Colombia,Armenia,Bronce,True,False,True,7,4,2250.0,1,0,9,True
21657,Uruguay,—,Bronce,True,False,True,0,0,0.0,2,5,6,True
21658,México,—,Bronce,False,True,True,0,0,0.0,34,2,10,True
21659,Colombia,Manizales,Bronce,False,False,True,4,3,1360.0,4,3,4,True
21660,Uruguay,—,Plata,False,True,True,9,6,2967.0,21,5,6,True
21661,Colombia,Bogotá D.C.,Bronce,True,True,True,1,0,0.0,21,3,10,True
21662,Colombia,Medellín,Bronce,True,False,True,0,0,0.0,20,6,8,True
21663,Colombia,Bogotá D.C.,Bronce,True,False,True,1,0,0.0,34,11,9,False
21664,Colombia,Medellín,Bronce,False,False,True,1,0,0.0,22,22,8,False
21665,Perú,—,Bronce,True,False,True,0,0,0.0,32,11,8,False
21666,Colombia,Medellín,Bronce,True,False,True,7,4,1721.0,25,20,2,False
21667,México,—,Bronce,False,False,False,6,3,1303.0,19,2,6,True
21668,Colombia,Bogotá D.C.,Bronce,False,False,True,0,0,0.0,26,4,7,True
21669,Colombia,Ibagué,Bronce,True,False,True,0,0,0.0,32,9,10,False
21670,Colombia,Bogotá D.C.,Bronce,True,False,True,1,0,0.0,13,1,6,True
21671,Colombia,Neiva,Plata,True,False,True,14,12,3888.0,44,0,6,True
21672,Colombia,Barranquilla,Bronce,True,True,True,1,0,0.0,28,5,9,True
21673,Colombia,Cartagena,Bronce,True,False,True,3,2,1181.0,54,2,8,True
21674,México,—,Bronce,True,False,False,0,0,0.0,26,2,9,True
21675,México,—,Bronce,True,False,True,2,1,429.0,15,2,6,True
21676,Colombia,Cali,Bronce,True,False,True,2,1,503.0,1,2,7,True
21677,Colombia,Sincelejo,Bronce,True,False,True,1,0,0.0,15,0,7,True
21678,México,—,Bronce,False,False,True,0,0,0.0,53,7,6,False
21679,Perú,—,Bronce,True,False,True,0,0,0.0,20,4,5,True
21680,Colombia,Bogotá D.C.,Plata,False,False,False,22,19,10044.0,17,1,8,True
21681,Colombia,Bogotá D.C.,Bronce,True,False,False,2,1,539.0,10,1,7,True
21682,Colombia,Popayán,Bronce,False,False,True,2,1,606.0,15,4,8,True
21683,México,—,Bronce,False,True,True,1,0,0.0,76,2,6,True
21684,Uruguay,—,Plata,True,True,True,24,14,8148.0,8,0,6,True
21685,Colombia,Cali,Bronce,False,True,False,0,0,0.0,23,13,10,False
21686,Colombia,Bogotá D.C.,Bronce,False,True,True,0,0,0.0,51,0,7,True
21687,Colombia,Bogotá D.C.,Bronce,False,False,True,1,0,0.0,19,3,6,True
21688,Colombia,Otras ciudades,Bronce,True,False,True,1,0,0.0,28,5,5,True
21689,Colombia,Popayán,Bronce,False,False,False,7,5,2208.0,24,6,8,True
21690,México,—,Bronce,True,False,True,0,0,0.0,16,4,9,True
21691,Colombia,Popayán,Bronce,True,False,True,0,0,0.0,12,4,7,True
21692,Colombia,Otras ciudades,Bronce,True,False,False,0,0,0.0,30,2,10,True
21693,Colombia,Bogotá D.C.,Bronce,True,False,True,6,5,3276.0,20,16,7,False
21694,Colombia,Pereira,Bronce,True,True,True,4,3,1224.0,31,12,8,False
21695,Colombia,Bucaramanga,Bronce,True,False,True,3,2,1165.0,22,4,3,True
21696,Ecuador,—,Bronce,False,True,True,5,3,1550.0,14,10,9,False
21697,México,—,Bronce,False,True,True,1,0,0.0,34,1,9,True
21698,Colombia,Bogotá D.C.,Bronce,False,False,True,0,0,0.0,23,5,8,True
21699,México,—,Bronce,True,True,True,1,0,0.0,26,6,8,True
21700,Colombia,Medellín,Bronce,False,False,True,1,0,0.0,28,5,5,True
21701,Colombia,Bogotá D.C.,Bronce,False,False,True,3,2,826.0,22,3,9,True
21702,Perú,—,Bronce,False,False,True,0,0,0.0,8,14,9,False
21703,Colombia,Cali,Bronce,True,True,True,2,1,364.0,30,4,5,True
21704,Colombia,Bogotá D.C.,Bronce,True,True,True,6,3,1272.0,64,7,7,False
21705,Colombia,Villavicencio,Bronce,False,False,True,4,2,1404.0,2,3,8,True
21706,Colombia,Otras ciudades,Bronce,False,True,False,1,0,0.0,37,25,9,False
21707,México,—,Bronce,True,False,True,0,0,0.0,33,11,10,False
21708,Colombia,Bucaramanga,Plata,True,False,True,13,11,2979.0,41,4,6,True
21709,Colombia,Bogotá D.C.,Bronce,True,False,False,3,2,1064.0,16,4,6,True
21710,Colombia,Barranquilla,Bronce,True,True,True,0,0,0.0,155,7,4,False
21711,Colombia,Barranquilla,Bronce,False,False,True,0,0,0.0,3,32,6,False
21712,Colombia,Medellín,Bronce,False,True,True,2,1,464.0,20,10,5,False
21713,México,—,Bronce,True,False,True,1,0,0.0,14,9,6,False
21714,Colombia,Bucaramanga,Bronce,True,False,True,0,0,0.0,21,4,6,True
21715,Colombia,Barranquilla,Bronce,False,True,True,0,0,0.0,38,7,8,False
21716,Colombia,Cali,Bronce,False,False,True,1,0,0.0,56,3,3,True
21717,México,—,Bronce,False,True,False,0,0,0.0,27,4,10,True
21718,Colombia,Pasto,Bronce,False,False,True,1,0,0.0,34,7,10,False
21719,Colombia,Medellín,Oro,True,False,False,26,21,12490.0,85,4,7,True
21720,Perú,—,Bronce,True,True,True,5,4,2317.0,24,5,10,True
21721,Colombia,Cali,Platino,False,True,True,80,63,24104.0,2,1,8,True
21722,Colombia,Pereira,Plata,True,False,True,9,7,2012.0,6,2,9,True
21723,Ecuador,—,Plata,True,True,True,9,5,1572.0,2,7,3,False
21724,México,—,Bronce,True,True,True,1,0,0.0,72,3,5,True
21725,Colombia,Bogotá D.C.,Bronce,False,False,True,0,0,0.0,40,6,7,True
21726,Colombia,Cali,Bronce,False,False,True,1,0,0.0,25,5,9,True
21727,México,—,Bronce,False,True,True,3,2,861.0,6,11,7,False
21728,Colombia,Bogotá D.C.,Bronce,True,True,True,0,0,0.0,7,8,6,False
21729,Colombia,Cali,Bronce,False,True,True,0,0,0.0,54,19,8,False
21730,México,—,Bronce,False,False,True,0,0,0.0,5,3,6,True
21731,Colombia,Bogotá D.C.,Bronce,True,True,True,0,0,0.0,29,8,7,False
21732,Ecuador,—,Bronce,False,False,False,0,0,0.0,52,0,4,True
21733,Colombia,Otras ciudades,Bronce,False,False,True,3,1,434.0,17,3,10,True
21734,Colombia,Medellín,Plata,False,True,True,17,10,4575.0,54,4,6,True
21735,Colombia,Medellín,Bronce,False,False,True,0,0,0.0,47,5,6,True
21736,Colombia,Neiva,Bronce,True,False,True,3,2,1134.0,17,2,9,True
21737,Colombia,Medellín,Bronce,False,True,True,2,1,480.0,8,4,8,True
21738,Colombia,Bucaramanga,Plata,True,True,False,21,16,8170.0,8,13,10,False
21739,Colombia,Otras ciudades,Bronce,True,False,True,1,0,0.0,31,2,6,True
21740,Colombia,Barranquilla,Bronce,True,False,True,1,0,0.0,10,10,10,False
21741,Ecuador,—,Bronce,True,True,True,0,0,0.0,12,9,10,False
21742,Colombia,Cali,Bronce,False,False,False,2,1,432.0,28,5,8,True
21743,Colombia,Bucaramanga,Bronce,False,False,True,1,0,0.0,30,2,5,True
21744,Colombia,Medellín,Bronce,False,False,True,4,2,990.0,30,3,8,True
21745,Colombia,Cartagena,Bronce,False,True,True,4,3,1144.0,14,7,10,False
21746,Colombia,Bogotá D.C.,Bronce,False,True,True,1,0,0.0,43,5,7,True
21747,Colombia,Pereira,Bronce,True,True,True,0,0,0.0,72,3,4,True
21748,México,—,Bronce,False,False,True,1,0,0.0,23,13,6,False
21749,Ecuador,—,Bronce,True,False,True,0,0,0.0,51,4,8,True
21750,México,—,Bronce,True,False,True,0,0,0.0,12,26,8,False
21751,Ecuador,—,Bronce,True,False,False,1,0,0.0,8,2,7,True
21752,Colombia,Cali,Bronce,False,True,True,2,1,567.0,1,1,6,True
21753,México,—,Bronce,False,False,True,0,0,0.0,25,11,7,False
21754,Colombia,Medellín,Bronce,True,False,True,4,2,1022.0,58,5,3,True
21755,Perú,—,Bronce,False,True,False,0,0,0.0,33,1,8,True
21756,Colombia,Medellín,Bronce,False,False,True,3,2,599.0,6,12,3,False
21757,Colombia,Barranquilla,Bronce,True,False,True,0,0,0.0,18,3,3,True
21758,México,—,Bronce,True,True,True,0,0,0.0,34,7,10,False
21759,Colombia,Pereira,Bronce,True,False,False,2,1,379.0,65,16,10,False
21760,Uruguay,—,Bronce,False,False,True,0,0,0.0,69,0,8,True
21761,Colombia,Otras ciudades,Bronce,False,False,True,1,0,0.0,30,8,9,False
21762,Colombia,Medellín,Bronce,False,False,False,1,0,0.0,54,4,10,True
21763,Uruguay,—,Bronce,True,False,True,3,2,941.0,39,12,8,False
21764,Colombia,Medellín,Bronce,False,False,True,2,1,564.0,36,4,10,True
21765,México,—,Bronce,True,False,False,2,1,493.0,12,9,6,False
21766,Colombia,Bogotá D.C.,Bronce,False,False,True,0,0,0.0,40,9,7,False
21767,Colombia,Bogotá D.C.,Bronce,True,True,True,1,0,0.0,14,12,5,False
21768,México,—,Bronce,True,False,True,0,0,0.0,29,8,9,False
21769,Colombia,Popayán,Plata,True,False,True,9,6,3323.0,28,20,9,False
21770,Colombia,Cali,Bronce,False,True,True,2,1,539.0,39,9,10,False
21771,Colombia,Ibagué,Bronce,False,False,True,7,5,2177.0,4,21,10,False
21772,Colombia,Medellín,Bronce,True,False,True,7,5,2121.0,36,6,10,True
21773,México,—,Bronce,True,False,False,0,0,0.0,18,2,5,True
21774,México,—,Plata,True,False,True,10,9,2933.0,81,13,4,False
21775,Ecuador,—,Bronce,True,False,True,3,1,515.0,7,1,10,True
21776,Colombia,Otras ciudades,Bronce,False,False,True,1,0,0.0,37,19,5,False
21777,México,—,Bronce,True,True,True,1,0,0.0,39,6,8,True
21778,Colombia,Ibagué,Bronce,True,False,True,5,3,1891.0,69,4,7,True
21779,Ecuador,—,Bronce,True,False,False,1,0,0.0,63,11,10,False
21780,Ecuador,—,Oro,True,False,True,27,21,13556.0,56,3,6,True
21781,Colombia,Cali,Bronce,False,False,True,0,0,0.0,62,2,8,True
21782,Colombia,Bogotá D.C.,Bronce,True,False,True,2,1,549.0,10,9,7,False
21783,México,—,Bronce,True,True,True,4,2,935.0,13,3,5,True
21784,México,—,Bronce,False,False,True,1,0,0.0,22,2,6,True
21785,Perú,—,Platino,True,False,True,106,95,48671.0,48,5,10,True
21786,Chile,—,Bronce,False,False,True,0,0,0.0,67,9,4,False
21787,Colombia,Cali,Bronce,True,True,True,4,3,1456.0,5,1,2,True
21788,Colombia,Pasto,Bronce,True,False,True,0,0,0.0,23,17,6,False
21789,México,—,Bronce,True,False,True,0,0,0.0,12,15,7,False
21790,Colombia,Pereira,Plata,False,False,False,9,8,4026.0,9,8,8,False
21791,Colombia,Manizales,Bronce,False,False,True,0,0,0.0,23,4,10,True
21792,Colombia,Bogotá D.C.,Bronce,False,False,True,0,0,0.0,10,2,10,True
21793,México,—,Bronce,False,True,True,1,0,0.0,44,8,9,False
21794,Ecuador,—,Bronce,False,False,False,7,4,2138.0,4,2,8,True
21795,México,—,Platino,True,True,False,70,65,35919.0,7,1,7,True
21796,México,—,Bronce,False,False,True,6,4,2406.0,62,2,9,True
21797,Ecuador,—,Oro,True,False,True,43,27,13107.0,5,0,6,True
21798,México,—,Bronce,False,True,False,4,2,934.0,53,13,7,False
21799,México,—,Bronce,True,False,True,7,5,2726.0,43,4,4,True
21800,Colombia,Villavicencio,Bronce,False,False,True,0,0,0.0,22,8,7,False
21801,Colombia,Valledupar,Bronce,True,False,True,0,0,0.0,8,2,7,True
21802,Ecuador,—,Bronce,True,False,True,0,0,0.0,57,5,5,True
21803,Colombia,Medellín,Bronce,False,True,False,0,0,0.0,13,7,7,False
21804,México,—,Bronce,False,False,True,2,1,478.0,67,9,6,False
21805,Colombia,Bogotá D.C.,Bronce,True,False,False,2,1,553.0,1,2,7,True
21806,Ecuador,—,Bronce,False,True,True,0,0,0.0,24,3,10,True
21807,Colombia,Bogotá D.C.,Plata,False,False,True,11,9,3738.0,50,3,8,True
21808,Colombia,Bogotá D.C.,Bronce,True,False,True,4,3,2005.0,5,12,7,False
21809,México,—,Bronce,True,False,True,2,1,465.0,20,4,6,True
21810,Ecuador,—,Bronce,True,False,True,2,1,188.0,24,4,7,True
21811,Colombia,Pasto,Plata,True,False,True,19,13,6597.0,89,1,6,True
21812,México,—,Bronce,False,True,True,0,0,0.0,15,0,7,True
21813,México,—,Bronce,True,True,False,6,4,2046.0,15,11,3,False
21814,Colombia,Cúcuta,Bronce,True,True,False,0,0,0.0,5,1,10,True
21815,Ecuador,—,Bronce,True,False,True,0,0,0.0,49,5,10,True
21816,México,—,Bronce,True,False,True,0,0,0.0,25,6,10,True
21817,Colombia,Pereira,Bronce,True,False,True,1,0,0.0,35,2,7,True
21818,México,—,Bronce,True,False,False,3,1,387.0,31,11,10,False
21819,México,—,Bronce,False,True,True,0,0,0.0,14,8,9,False
21820,Colombia,Bogotá D.C.,Bronce,True,False,True,1,0,0.0,42,4,6,True
21821,México,—,Plata,True,True,True,8,6,2230.0,41,7,9,False
21822,Colombia,Medellín,Bronce,True,False,True,1,0,0.0,39,7,8,False
21823,Perú,—,Bronce,True,True,True,2,1,517.0,18,9,8,False
21824,Uruguay,—,Bronce,True,True,True,2,1,470.0,27,1,5,True
21825,Colombia,Bogotá D.C.,Bronce,False,False,False,0,0,0.0,52,5,9,True
21826,Colombia,Bogotá D.C.,Bronce,True,False,False,3,2,1275.0,13,9,8,False
21827,Ecuador,—,Oro,True,True,True,30,22,12174.0,57,5,7,True
21828,Perú,—,Plata,False,False,True,10,7,5305.0,4,10,9,False
21829,Ecuador,—,Bronce,True,False,True,4,2,983.0,35,11,3,False
21830,Colombia,Medellín,Bronce,False,False,True,5,3,1328.0,8,13,6,False
21831,Colombia,Otras ciudades,Bronce,False,False,True,0,0,0.0,18,4,10,True
21832,Ecuador,—,Bronce,False,True,True,2,1,579.0,19,5,10,True
21833,Colombia,Montería,Bronce,False,True,True,1,0,0.0,18,1,10,True
21834,Colombia,Bucaramanga,Oro,False,False,False,39,35,20104.0,10,2,10,True
21835,Colombia,Ibagué,Bronce,False,False,False,3,1,488.0,15,5,8,True
21836,Colombia,Pasto,Bronce,False,False,False,3,2,1231.0,31,7,7,False
21837,Ecuador,—,Bronce,False,True,True,1,0,0.0,31,6,6,True
21838,Colombia,Cali,Bronce,True,False,True,0,0,0.0,33,6,9,True
21839,Colombia,Montería,Bronce,False,False,True,0,0,0.0,15,5,4,True
21840,Colombia,Cali,Bronce,False,False,True,2,1,634.0,1,5,8,True
21841,Colombia,Bogotá D.C.,Bronce,False,False,False,1,0,0.0,37,1,8,True
21842,Colombia,Cali,Bronce,False,False,True,0,0,0.0,27,0,10,True
21843,Colombia,Medellín,Bronce,True,False,True,1,0,0.0,28,18,9,False
21844,Colombia,Cali,Bronce,False,False,True,4,3,1452.0,31,2,10,True
21845,México,—,Bronce,False,False,False,0,0,0.0,34,6,10,True
21846,Colombia,Cali,Bronce,True,False,True,2,1,660.0,32,6,8,True
21847,Colombia,Otras ciudades,Plata,False,False,False,13,10,3360.0,39,7,8,False
21848,Colombia,Bogotá D.C.,Bronce,True,False,True,1,0,0.0,46,14,6,False
21849,Colombia,Bogotá D.C.,Bronce,False,False,True,0,0,0.0,9,6,8,True
21850,Uruguay,—,Bronce,False,True,True,5,4,1941.0,2,8,7,False
21851,Ecuador,—,Bronce,False,False,False,0,0,0.0,32,7,6,False
21852,Colombia,Ibagué,Bronce,True,False,True,1,0,0.0,46,1,5,True
21853,Colombia,Cartagena,Bronce,False,False,True,1,0,0.0,9,2,6,True
21854,México,—,Plata,False,False,True,9,5,2009.0,56,0,10,True
21855,México,—,Oro,True,False,True,25,15,6207.0,6,4,6,True
21856,Colombia,Pereira,Plata,False,True,True,11,8,3537.0,40,3,4,True
21857,Colombia,Medellín,Bronce,True,False,True,0,0,0.0,20,10,7,False
21858,Colombia,Bucaramanga,Bronce,False,True,True,0,0,0.0,35,2,8,True
21859,Colombia,Bogotá D.C.,Bronce,True,False,True,1,0,0.0,47,11,6,False
21860,Colombia,Otras ciudades,Bronce,True,False,True,3,2,1004.0,35,4,7,True
21861,Colombia,Bogotá D.C.,Bronce,False,False,False,1,0,0.0,10,3,4,True
21862,Colombia,Santa Marta,Bronce,False,False,True,6,5,3291.0,42,12,0,False
21863,Perú,—,Plata,True,True,True,9,5,1362.0,23,7,6,False
21864,Colombia,Bogotá D.C.,Bronce,True,False,True,0,0,0.0,30,1,6,True
21865,Colombia,Medellín,Bronce,True,False,True,0,0,0.0,23,0,6,True
21866,Colombia,Otras ciudades,Plata,False,False,True,9,7,4170.0,16,8,7,False
21867,Colombia,Bogotá D.C.,Bronce,False,False,True,0,0,0.0,18,4,8,True
21868,México,—,Bronce,True,True,True,4,2,1150.0,18,15,6,False
21869,Colombia,Cartagena,Bronce,False,False,True,0,0,0.0,32,2,7,True
21870,Colombia,Valledupar,Bronce,False,False,True,5,3,1387.0,45,5,10,True
21871,Uruguay,—,Bronce,True,False,True,3,2,1061.0,1,4,7,True
21872,Colombia,Bogotá D.C.,Bronce,True,False,True,1,0,0.0,15,6,10,True
21873,Colombia,Medellín,Bronce,False,False,True,0,0,0.0,61,0,9,True
21874,Colombia,Medellín,Bronce,False,False,True,0,0,0.0,5,7,7,False
21875,Colombia,Cali,Bronce,True,False,False,0,0,0.0,48,8,9,False
21876,Colombia,Bogotá D.C.,Bronce,True,False,True,2,1,573.0,35,0,3,True
21877,Ecuador,—,Plata,False,False,True,14,11,5398.0,61,9,5,False
21878,Ecuador,—,Plata,False,False,True,8,5,1632.0,38,0,9,True
21879,Chile,—,Bronce,False,False,True,1,0,0.0,4,10,7,False
21880,Colombia,Bogotá D.C.,Bronce,False,False,True,2,1,590.0,61,1,9,True
21881,Colombia,Otras ciudades,Plata,False,False,True,23,18,5354.0,24,0,6,True
21882,Colombia,Barranquilla,Bronce,True,False,True,3,2,1413.0,13,8,3,False
21883,Ecuador,—,Bronce,False,False,True,7,6,3175.0,16,8,7,False
21884,México,—,Bronce,True,True,True,0,0,0.0,61,4,8,True
21885,Colombia,Popayán,Bronce,True,False,True,4,3,1620.0,13,6,8,True
21886,México,—,Bronce,False,True,True,1,0,0.0,62,3,9,True
21887,Colombia,Bogotá D.C.,Bronce,False,False,True,0,0,0.0,48,10,8,False
21888,Perú,—,Bronce,False,True,True,2,1,536.0,3,2,10,True
21889,México,—,Bronce,True,False,False,0,0,0.0,5,4,10,True
21890,Colombia,Pasto,Bronce,True,False,True,0,0,0.0,67,2,5,True
21891,Colombia,Medellín,Bronce,True,False,True,4,2,894.0,41,16,7,False
21892,Colombia,Medellín,Bronce,False,False,True,0,0,0.0,19,4,9,True
21893,México,—,Bronce,False,False,False,6,4,1950.0,21,5,9,True
21894,Colombia,Popayán,Bronce,True,False,False,0,0,0.0,16,6,10,True
21895,México,—,Bronce,True,False,True,4,2,1022.0,25,0,7,True
21896,Colombia,Pereira,Bronce,True,False,True,1,0,0.0,66,5,5,True
21897,Colombia,Medellín,Plata,False,False,True,11,9,4887.0,12,7,6,False
21898,Perú,—,Bronce,False,False,True,2,1,377.0,5,3,7,True
21899,Colombia,Bogotá D.C.,Bronce,False,False,False,5,4,2428.0,6,7,7,False
21900,Colombia,Ibagué,Bronce,False,False,True,2,1,505.0,14,0,8,True
21901,Colombia,Bucaramanga,Bronce,False,False,False,0,0,0.0,5,8,6,False
21902,México,—,Bronce,True,False,True,1,0,0.0,18,5,4,True
21903,Colombia,Ibagué,Bronce,True,False,False,1,0,0.0,24,0,8,True
21904,México,—,Bronce,True,True,True,0,0,0.0,57,9,10,False
21905,México,—,Bronce,True,False,True,0,0,0.0,4,4,10,True
21906,Colombia,Otras ciudades,Bronce,True,False,True,1,0,0.0,46,4,8,True
21907,Colombia,Pereira,Oro,False,False,True,58,53,30383.0,29,6,10,True
21908,Colombia,Bogotá D.C.,Bronce,False,False,True,0,0,0.0,30,10,7,False
21909,Colombia,Bogotá D.C.,Bronce,False,False,True,0,0,0.0,19,6,4,True
21910,México,—,Bronce,False,True,False,2,1,437.0,9,5,9,True
21911,México,—,Bronce,True,True,False,4,3,1265.0,39,3,3,True
21912,Colombia,Bogotá D.C.,Bronce,True,False,True,2,1,623.0,36,6,8,True
21913,Perú,—,Bronce,True,False,True,0,0,0.0,16,13,8,False
21914,Colombia,Medellín,Bronce,True,False,True,0,0,0.0,1,9,6,False
21915,Colombia,Manizales,Bronce,False,False,True,5,3,1380.0,13,0,9,True
21916,México,—,Bronce,False,True,False,2,1,480.0,39,4,10,True
21917,Perú,—,Bronce,True,False,False,2,1,467.0,53,2,10,True
21918,Colombia,Bogotá D.C.,Bronce,True,False,True,0,0,0.0,22,14,6,False
21919,México,—,Bronce,True,False,True,0,0,0.0,33,4,5,True
21920,Uruguay,—,Bronce,False,False,True,7,5,2199.0,19,11,10,False
21921,Colombia,Bucaramanga,Bronce,True,False,True,1,0,0.0,8,3,9,True
21922,Colombia,Bogotá D.C.,Bronce,False,False,False,0,0,0.0,14,7,5,False
21923,Colombia,Otras ciudades,Bronce,False,False,True,4,3,1117.0,3,0,8,True
21924,México,—,Bronce,True,False,True,0,0,0.0,20,5,9,True
21925,México,—,Bronce,False,False,True,1,0,0.0,5,2,4,True
21926,Colombia,Medellín,Bronce,False,True,True,0,0,0.0,17,1,5,True
21927,Colombia,Medellín,Bronce,False,True,True,0,0,0.0,33,15,9,False
21928,Colombia,Barranquilla,Bronce,False,True,True,0,0,0.0,21,1,6,True
21929,México,—,Plata,True,False,True,8,6,1870.0,42,2,6,True
21930,Colombia,Cali,Bronce,False,False,True,0,0,0.0,58,5,6,True
21931,Perú,—,Bronce,True,False,True,6,5,3117.0,32,2,5,True
21932,Perú,—,Bronce,False,False,False,0,0,0.0,6,3,10,True
21933,México,—,Bronce,False,False,True,0,0,0.0,9,1,6,True
21934,Colombia,Otras ciudades,Plata,False,False,True,24,19,11227.0,36,5,5,True
21935,Colombia,Bogotá D.C.,Plata,True,False,True,12,10,4445.0,25,2,7,True
21936,Colombia,Cúcuta,Bronce,False,False,True,0,0,0.0,56,13,10,False
21937,Colombia,Cartagena,Bronce,True,True,True,0,0,0.0,30,3,8,True
21938,Colombia,Manizales,Bronce,False,False,True,0,0,0.0,36,7,6,False
21939,Colombia,Medellín,Platino,False,False,True,79,60,25477.0,59,5,6,True
21940,Perú,—,Bronce,True,False,True,1,0,0.0,25,3,7,True
21941,Colombia,Cali,Bronce,False,True,True,0,0,0.0,4,12,5,False
21942,Colombia,Cali,Bronce,False,False,True,1,0,0.0,6,10,1,False
21943,México,—,Bronce,True,False,True,5,3,1517.0,23,4,10,True
21944,Colombia,Barranquilla,Plata,False,False,True,14,12,4660.0,26,2,0,True
21945,México,—,Oro,False,True,True,32,25,8242.0,19,8,7,False
21946,Perú,—,Plata,False,False,True,18,14,2690.0,23,1,5,True
21947,Colombia,Cali,Bronce,False,False,True,0,0,0.0,18,3,9,True
21948,Ecuador,—,Bronce,False,True,True,0,0,0.0,17,4,10,True
21949,Ecuador,—,Bronce,True,True,True,1,0,0.0,6,4,9,True
21950,México,—,Bronce,False,False,False,1,0,0.0,49,6,5,True
21951,Colombia,Bogotá D.C.,Plata,True,False,True,12,9,3148.0,54,2,10,True
21952,Colombia,Bogotá D.C.,Bronce,True,False,True,2,1,529.0,20,4,0,True
21953,México,—,Bronce,True,True,True,0,0,0.0,8,1,9,True
21954,Uruguay,—,Bronce,False,False,True,0,0,0.0,43,1,7,True
21955,Colombia,Manizales,Bronce,True,False,True,2,1,457.0,23,4,7,True
21956,Colombia,Cali,Bronce,False,False,True,4,3,1591.0,14,3,9,True
21957,Colombia,Bogotá D.C.,Bronce,True,False,True,6,4,1929.0,28,1,4,True
21958,Colombia,Cartagena,Bronce,False,False,False,2,1,269.0,8,8,3,False
21959,Colombia,Bogotá D.C.,Bronce,False,True,True,2,1,443.0,17,1,6,True
21960,México,—,Bronce,False,True,False,0,0,0.0,3,9,4,False
21961,Colombia,Cartagena,Bronce,True,False,True,5,2,955.0,66,9,9,False
21962,Colombia,Bogotá D.C.,Bronce,False,False,True,0,0,0.0,17,10,3,False
21963,Colombia,Bogotá D.C.,Bronce,False,True,True,2,1,649.0,17,2,4,True
21964,Colombia,Bogotá D.C.,Bronce,False,False,True,1,0,0.0,57,9,6,False
21965,México,—,Bronce,True,False,True,1,0,0.0,16,0,8,True
21966,Colombia,Montería,Bronce,False,False,True,6,5,2573.0,10,21,6,False
21967,Colombia,Bogotá D.C.,Plata,False,False,True,23,14,5252.0,15,3,8,True
21968,Colombia,Bogotá D.C.,Bronce,False,False,True,1,0,0.0,40,2,7,True
21969,Colombia,Cali,Bronce,True,False,True,2,1,168.0,34,5,8,True
21970,Perú,—,Bronce,True,False,True,1,0,0.0,114,7,8,False
21971,Colombia,Santa Marta,Bronce,True,True,False,0,0,0.0,21,3,10,True
21972,Colombia,Bogotá D.C.,Bronce,True,True,True,1,0,0.0,1,3,9,True
21973,Colombia,Sincelejo,Bronce,True,False,True,0,0,0.0,11,3,7,True
21974,Colombia,Cali,Plata,True,False,True,10,6,2938.0,13,6,6,True
21975,Colombia,Villavicencio,Bronce,False,False,False,4,3,1794.0,38,7,10,False
21976,Colombia,Popayán,Bronce,True,True,True,3,2,838.0,8,16,2,False
21977,Colombia,Otras ciudades,Bronce,False,True,True,4,3,1590.0,5,2,7,True
21978,Colombia,Bogotá D.C.,Bronce,True,False,True,2,1,551.0,21,13,8,False
21979,Colombia,Bogotá D.C.,Oro,True,False,True,28,21,9711.0,22,6,5,True
21980,Colombia,Bogotá D.C.,Bronce,False,False,True,3,2,668.0,3,4,8,True
21981,Colombia,Bogotá D.C.,Bronce,False,True,True,1,0,0.0,18,11,8,False
21982,Colombia,Cúcuta,Bronce,True,False,True,0,0,0.0,26,4,7,True
21983,Colombia,Cali,Plata,False,False,True,15,10,5924.0,24,15,6,False
21984,Colombia,Cali,Bronce,True,True,True,1,0,0.0,22,7,7,False
21985,Colombia,Bogotá D.C.,Bronce,True,False,True,0,0,0.0,23,6,6,True
21986,Colombia,Sincelejo,Bronce,True,False,False,0,0,0.0,2,6,7,True
21987,Ecuador,—,Bronce,True,True,False,0,0,0.0,24,1,10,True
21988,Colombia,Santa Marta,Bronce,False,True,True,7,5,2834.0,14,10,10,False
21989,Colombia,Bogotá D.C.,Bronce,False,False,True,2,1,480.0,13,6,9,True
21990,México,—,Bronce,True,True,True,1,0,0.0,16,19,4,False
21991,Colombia,Bogotá D.C.,Plata,True,True,False,12,7,3120.0,49,9,10,False
21992,Colombia,Bogotá D.C.,Plata,True,False,True,19,13,6866.0,190,3,7,True
21993,Colombia,Barranquilla,Bronce,True,True,True,3,2,955.0,15,4,7,True
21994,Uruguay,—,Bronce,True,False,True,0,0,0.0,4,0,8,True
21995,Colombia,Cali,Bronce,False,True,True,1,0,0.0,35,13,8,False
21996,Colombia,Armenia,Plata,False,False,True,8,6,2935.0,36,6,7,True
21997,Colombia,Barranquilla,Plata,True,False,True,14,12,6742.0,31,5,9,True
21998,Colombia,Bogotá D.C.,Bronce,False,False,True,1,0,0.0,34,4,10,True
21999,Colombia,Sincelejo,Bronce,False,False,False,1,0,0.0,8,2,6,True
22000,Colombia,Manizales,Bronce,False,False,False,5,2,767.0,60,6,6,True
22001,Colombia,Bogotá D.C.,Plata,False,True,False,8,5,2940.0,8,2,8,True
22002,Colombia,Villavicencio,Bronce,True,False,True,0,0,0.0,32,1,7,True
22003,Ecuador,—,Plata,False,False,True,12,11,5339.0,4,11,5,False
22004,México,—,Bronce,True,True,True,0,0,0.0,62,8,10,False
22005,Colombia,Medellín,Plata,False,True,True,13,11,6109.0,13,2,6,True
22006,Colombia,Medellín,Bronce,False,False,True,2,1,612.0,4,3,9,True
22007,Colombia,Medellín,Plata,True,False,False,8,6,4048.0,12,2,7,True
22008,Ecuador,—,Bronce,False,False,True,0,0,0.0,28,3,6,True
22009,Colombia,Otras ciudades,Oro,True,False,True,26,19,10565.0,1,1,7,True
22010,Ecuador,—,Bronce,False,False,True,2,1,435.0,40,0,7,True
22011,Ecuador,—,Bronce,True,False,True,0,0,0.0,4,6,9,True
22012,Colombia,Bucaramanga,Bronce,False,False,True,0,0,0.0,6,14,10,False
22013,Colombia,Bogotá D.C.,Bronce,False,False,True,0,0,0.0,15,5,10,True
22014,Colombia,Medellín,Bronce,False,False,False,5,3,1462.0,25,7,8,False
22015,México,—,Bronce,False,False,True,0,0,0.0,41,1,4,True
22016,México,—,Plata,True,True,True,12,8,5448.0,35,17,3,False
22017,Colombia,Pasto,Bronce,True,False,True,0,0,0.0,25,3,7,True
22018,Ecuador,—,Bronce,True,False,True,2,1,417.0,24,5,8,True
22019,Colombia,Bogotá D.C.,Bronce,True,False,False,0,0,0.0,44,1,3,True
22020,Uruguay,—,Bronce,False,False,True,0,0,0.0,11,10,6,False
22021,México,—,Plata,False,False,True,15,14,8769.0,61,1,6,True
22022,Perú,—,Bronce,False,True,True,7,5,2041.0,7,1,5,True
22023,Colombia,Bogotá D.C.,Bronce,True,True,False,0,0,0.0,50,2,8,True
22024,Colombia,Bogotá D.C.,Bronce,False,False,True,4,3,1625.0,12,1,7,True
22025,Colombia,Pasto,Bronce,True,False,True,0,0,0.0,35,4,7,True
22026,México,—,Bronce,False,True,False,4,3,1396.0,25,7,5,False
22027,Colombia,Otras ciudades,Bronce,True,False,True,0,0,0.0,7,3,6,True
22028,Ecuador,—,Plata,True,True,False,20,13,6122.0,68,14,6,False
22029,Colombia,Cartagena,Bronce,False,False,True,0,0,0.0,36,11,10,False
22030,Colombia,Barranquilla,Plata,False,False,True,10,9,3228.0,29,9,10,False
22031,México,—,Bronce,False,True,True,1,0,0.0,7,4,6,True
22032,Colombia,Bogotá D.C.,Bronce,True,False,False,2,1,425.0,21,4,5,True
22033,Colombia,Bogotá D.C.,Plata,True,False,True,9,8,2639.0,35,11,10,False
22034,Ecuador,—,Bronce,False,False,True,4,3,1439.0,8,2,9,True
22035,Colombia,Cúcuta,Plata,True,False,True,10,6,3093.0,44,17,9,False
22036,Colombia,Bogotá D.C.,Bronce,True,False,True,1,0,0.0,23,3,9,True
22037,Colombia,Bogotá D.C.,Bronce,False,False,True,0,0,0.0,4,2,10,True
22038,México,—,Bronce,False,False,True,0,0,0.0,35,4,7,True
22039,Uruguay,—,Bronce,True,True,True,0,0,0.0,13,8,6,False
22040,Ecuador,—,Bronce,True,False,True,5,3,1432.0,39,6,5,True
22041,Colombia,Pasto,Bronce,False,True,True,5,4,1126.0,68,6,10,True
22042,Colombia,Cartagena,Bronce,True,False,True,2,1,414.0,28,0,10,True
22043,Colombia,Cali,Bronce,False,True,True,0,0,0.0,20,6,6,True
22044,Uruguay,—,Bronce,False,False,True,4,3,1736.0,59,1,8,True
22045,Colombia,Bogotá D.C.,Bronce,True,False,True,0,0,0.0,28,4,10,True
22046,Colombia,Pereira,Bronce,False,True,False,7,5,2346.0,38,3,6,True
22047,Colombia,Bucaramanga,Bronce,True,True,False,4,2,1155.0,16,2,5,True
22048,Colombia,Medellín,Plata,False,False,False,14,12,8412.0,43,13,9,False
22049,Colombia,Cali,Bronce,True,True,False,2,1,579.0,63,0,7,True
22050,Colombia,Medellín,Oro,False,True,True,25,20,8747.0,42,9,10,False
22051,Colombia,Medellín,Bronce,False,False,True,1,0,0.0,22,15,7,False
22052,Perú,—,Bronce,False,False,True,5,4,1921.0,16,1,10,True
22053,Colombia,Bogotá D.C.,Bronce,False,False,True,6,4,2487.0,33,5,10,True
22054,Uruguay,—,Bronce,False,True,False,1,0,0.0,58,9,3,False
22055,Colombia,Bogotá D.C.,Bronce,True,False,True,1,0,0.0,38,6,6,True
22056,Colombia,Bogotá D.C.,Bronce,True,True,False,4,3,1925.0,25,11,4,False
22057,México,—,Bronce,False,False,True,5,3,901.0,27,9,8,False
22058,Colombia,Bogotá D.C.,Bronce,True,False,True,3,2,659.0,12,0,8,True
22059,México,—,Plata,True,False,True,8,7,4451.0,20,9,6,False
22060,Chile,—,Bronce,False,False,True,3,2,1106.0,38,5,9,True
22061,Colombia,Medellín,Bronce,True,False,True,0,0,0.0,19,4,6,True
22062,México,—,Plata,True,False,True,15,10,4389.0,21,5,7,True
22063,Colombia,Cali,Bronce,True,True,True,2,1,568.0,26,8,7,False
22064,Ecuador,—,Bronce,False,False,True,0,0,0.0,6,4,7,True
22065,México,—,Bronce,True,False,True,7,6,1863.0,35,10,6,False
22066,Colombia,Bogotá D.C.,Bronce,False,True,True,3,2,1089.0,32,0,8,True
22067,México,—,Bronce,False,True,False,0,0,0.0,7,2,10,True
22068,México,—,Bronce,True,True,True,4,2,1083.0,29,4,10,True
22069,Colombia,Cali,Bronce,True,False,True,1,0,0.0,22,13,10,False
22070,Colombia,Montería,Bronce,True,False,False,1,0,0.0,92,0,7,True
22071,Colombia,Ibagué,Bronce,False,True,True,2,1,355.0,29,2,9,True
22072,Colombia,Otras ciudades,Bronce,False,True,True,1,0,0.0,35,10,8,False
22073,Colombia,Pereira,Bronce,False,False,True,0,0,0.0,82,4,9,True
22074,Colombia,Cali,Bronce,False,False,True,2,1,550.0,43,14,9,False
22075,Colombia,Pereira,Plata,True,False,False,17,12,5009.0,30,5,6,True
22076,Colombia,Bogotá D.C.,Bronce,False,True,True,2,1,322.0,27,1,5,True
22077,Colombia,Otras ciudades,Bronce,True,True,False,0,0,0.0,22,5,8,True
22078,México,—,Bronce,True,False,True,0,0,0.0,72,22,10,False
22079,Colombia,Santa Marta,Bronce,False,False,False,2,1,562.0,14,5,9,True
22080,México,—,Plata,True,False,False,17,12,3503.0,3,0,2,True
22081,Ecuador,—,Bronce,False,False,True,0,0,0.0,61,2,10,True
22082,Colombia,Bogotá D.C.,Bronce,False,False,True,0,0,0.0,34,0,5,True
22083,Colombia,Bogotá D.C.,Bronce,False,False,True,6,5,3306.0,2,4,9,True
22084,México,—,Oro,False,False,True,35,27,14953.0,8,13,7,False
22085,México,—,Bronce,False,False,True,5,4,2166.0,16,1,6,True
22086,Chile,—,Bronce,False,True,True,1,0,0.0,48,0,10,True
22087,Perú,—,Bronce,False,True,True,2,1,377.0,16,5,8,True
22088,México,—,Bronce,False,True,True,6,4,1971.0,30,8,8,False
22089,Colombia,Medellín,Bronce,False,False,True,0,0,0.0,34,10,8,False
22090,Uruguay,—,Bronce,False,True,True,0,0,0.0,71,0,10,True
22091,Colombia,Cúcuta,Bronce,True,True,False,6,3,943.0,42,1,8,True
22092,México,—,Bronce,False,True,False,3,2,766.0,74,2,9,True
22093,Colombia,Otras ciudades,Bronce,False,False,True,1,0,0.0,61,1,10,True
22094,Colombia,Cali,Bronce,False,False,True,0,0,0.0,1,13,5,False
22095,Colombia,Santa Marta,Bronce,True,False,True,4,3,1721.0,10,0,7,True
22096,Colombia,Otras ciudades,Bronce,False,False,True,3,2,1064.0,29,1,4,True
22097,Colombia,Bogotá D.C.,Bronce,False,True,False,0,0,0.0,43,0,7,True
22098,Colombia,Otras ciudades,Plata,False,False,False,9,6,3563.0,67,12,6,False
22099,Colombia,Bogotá D.C.,Bronce,False,False,True,1,0,0.0,65,2,3,True
22100,Perú,—,Bronce,False,False,True,2,1,583.0,36,0,10,True
22101,Colombia,Barranquilla,Bronce,False,False,True,2,1,375.0,4,5,8,True
22102,Colombia,Medellín,Plata,True,True,True,8,6,1829.0,46,4,8,True
22103,Colombia,Bogotá D.C.,Bronce,True,False,False,2,1,424.0,32,2,5,True
22104,Colombia,Bucaramanga,Plata,True,False,True,21,17,7194.0,73,1,9,True
22105,Colombia,Medellín,Plata,False,False,False,17,13,7025.0,39,6,4,True
22106,Colombia,Bogotá D.C.,Bronce,False,True,False,1,0,0.0,31,4,6,True
22107,Colombia,Bogotá D.C.,Bronce,True,False,True,1,0,0.0,22,5,5,True
22108,Colombia,Bogotá D.C.,Bronce,False,False,True,6,4,2077.0,33,6,4,True
22109,Colombia,Bogotá D.C.,Bronce,True,False,True,3,2,796.0,53,9,7,False
22110,Colombia,Ibagué,Bronce,True,True,False,2,1,389.0,50,4,6,True
22111,Perú,—,Bronce,True,True,True,1,0,0.0,8,2,7,True
22112,Colombia,Otras ciudades,Bronce,False,False,True,0,0,0.0,1,4,7,True
22113,Chile,—,Bronce,False,True,True,7,5,1840.0,30,5,8,True
22114,Colombia,Cartagena,Plata,False,False,True,15,13,7167.0,26,2,7,True
22115,Colombia,Bogotá D.C.,Plata,True,False,True,9,7,3327.0,27,8,8,False
22116,México,—,Bronce,True,False,True,0,0,0.0,18,10,8,False
22117,Colombia,Cartagena,Bronce,False,True,True,0,0,0.0,55,6,4,True
22118,Colombia,Barranquilla,Bronce,True,False,True,1,0,0.0,3,3,10,True
22119,Ecuador,—,Bronce,False,True,True,1,0,0.0,31,1,7,True
22120,Colombia,Bogotá D.C.,Bronce,True,False,True,3,2,809.0,38,3,4,True
22121,Chile,—,Oro,False,False,True,48,28,10305.0,16,9,9,False
22122,Colombia,Bogotá D.C.,Bronce,True,True,True,0,0,0.0,32,11,9,False
22123,México,—,Bronce,True,False,False,0,0,0.0,41,10,8,False
22124,Colombia,Manizales,Bronce,True,True,False,0,0,0.0,28,3,4,True
22125,Colombia,Bogotá D.C.,Bronce,True,True,True,2,1,539.0,31,6,10,True
22126,Colombia,Montería,Bronce,True,True,True,0,0,0.0,17,2,9,True
22127,Colombia,Bogotá D.C.,Oro,False,False,True,31,20,12380.0,14,0,10,True
22128,Colombia,Armenia,Bronce,True,True,True,0,0,0.0,23,4,5,True
22129,Uruguay,—,Bronce,False,False,True,3,2,501.0,29,10,8,False
22130,México,—,Bronce,True,False,False,1,0,0.0,72,14,8,False
22131,Colombia,Medellín,Bronce,False,False,False,3,2,824.0,3,3,7,True
22132,Colombia,Bogotá D.C.,Bronce,True,False,True,2,1,367.0,77,7,4,False
22133,Perú,—,Bronce,False,False,False,0,0,0.0,3,8,8,False
22134,Colombia,Bogotá D.C.,Bronce,True,False,True,1,0,0.0,11,17,3,False
22135,México,—,Bronce,True,False,True,0,0,0.0,33,4,9,True
22136,Colombia,Villavicencio,Bronce,True,True,True,3,1,432.0,18,1,7,True
22137,México,—,Bronce,False,True,False,0,0,0.0,40,28,9,False
22138,México,—,Bronce,True,False,False,2,1,500.0,55,0,9,True
22139,México,—,Bronce,True,True,True,0,0,0.0,15,7,7,False
22140,México,—,Bronce,False,False,True,3,1,537.0,5,4,6,True
22141,Colombia,Pasto,Bronce,False,False,True,0,0,0.0,37,1,10,True
22142,Uruguay,—,Bronce,True,False,True,2,1,410.0,28,1,10,True
22143,Colombia,Bogotá D.C.,Bronce,True,False,False,0,0,0.0,20,6,4,True
22144,Colombia,Bogotá D.C.,Bronce,False,False,True,1,0,0.0,93,1,6,True
22145,Ecuador,—,Bronce,False,False,True,2,1,456.0,16,14,4,False
22146,México,—,Bronce,False,True,True,0,0,0.0,3,4,1,True
22147,Colombia,Cali,Bronce,True,False,True,0,0,0.0,5,10,3,False
22148,Colombia,Montería,Bronce,False,False,False,0,0,0.0,13,0,8,True
22149,Colombia,Bogotá D.C.,Bronce,False,False,True,2,1,626.0,22,4,7,True
22150,Colombia,Neiva,Bronce,False,True,True,2,1,532.0,24,5,6,True
22151,Colombia,Cali,Bronce,True,False,True,3,2,775.0,33,8,10,False
22152,México,—,Bronce,True,True,True,0,0,0.0,13,3,9,True
22153,Colombia,Medellín,Bronce,True,True,True,4,3,1199.0,5,5,10,True
22154,México,—,Bronce,False,False,True,2,1,623.0,38,10,5,False
22155,Colombia,Popayán,Platino,True,False,True,60,36,18526.0,49,2,5,True
22156,Colombia,Bogotá D.C.,Bronce,False,False,True,4,3,1486.0,33,2,10,True
22157,Colombia,Bogotá D.C.,Bronce,False,True,True,2,1,388.0,2,1,10,True
22158,Colombia,Otras ciudades,Plata,False,False,True,12,9,4558.0,29,8,10,False
22159,Colombia,Otras ciudades,Plata,False,False,True,11,8,3539.0,8,22,5,False
22160,Ecuador,—,Bronce,False,True,True,4,3,1472.0,23,8,8,False
22161,Colombia,Otras ciudades,Bronce,False,False,True,0,0,0.0,28,0,7,True
22162,Ecuador,—,Bronce,True,False,True,0,0,0.0,23,2,7,True
22163,Colombia,Bogotá D.C.,Plata,True,False,True,24,17,7018.0,8,1,7,True
22164,Chile,—,Bronce,False,False,True,0,0,0.0,41,2,9,True
22165,Colombia,Bogotá D.C.,Plata,False,False,True,18,15,4979.0,75,3,6,True
22166,Colombia,Cúcuta,Bronce,False,True,True,4,2,1033.0,22,1,7,True
22167,Colombia,Bogotá D.C.,Plata,True,False,True,19,12,5946.0,29,1,4,True
22168,Colombia,Medellín,Bronce,False,False,True,1,0,0.0,17,2,8,True
22169,Colombia,Bucaramanga,Bronce,True,True,True,1,0,0.0,2,4,7,True
22170,Perú,—,Bronce,False,False,True,0,0,0.0,62,5,4,True
22171,Colombia,Bogotá D.C.,Bronce,False,False,True,1,0,0.0,44,11,9,False
22172,Colombia,Medellín,Plata,True,False,False,9,8,2997.0,26,10,6,False
22173,Ecuador,—,Bronce,False,False,False,2,1,589.0,34,4,4,True
22174,Colombia,Ibagué,Bronce,False,False,True,0,0,0.0,11,4,6,True
22175,Colombia,Cartagena,Plata,False,True,True,10,6,3360.0,48,14,8,False
22176,Perú,—,Bronce,False,False,False,1,0,0.0,60,2,5,True
22177,Colombia,Medellín,Bronce,True,False,True,0,0,0.0,4,1,7,True
22178,México,—,Bronce,False,True,True,0,0,0.0,31,2,6,True
22179,Perú,—,Bronce,False,False,True,2,1,416.0,14,1,6,True
22180,Ecuador,—,Bronce,True,False,True,5,3,1495.0,13,17,5,False
22181,Colombia,Bogotá D.C.,Bronce,True,True,True,0,0,0.0,51,5,8,True
22182,Colombia,Bogotá D.C.,Bronce,False,False,True,1,0,0.0,2,0,8,True
22183,México,—,Bronce,True,False,True,1,0,0.0,27,5,7,True
22184,Colombia,Bogotá D.C.,Bronce,True,True,True,1,0,0.0,15,8,10,False
22185,México,—,Bronce,True,True,False,2,1,337.0,22,14,10,False
22186,Colombia,Bogotá D.C.,Bronce,False,True,True,1,0,0.0,46,5,10,True
22187,Colombia,Cartagena,Plata,True,False,False,10,6,1658.0,25,15,10,False
22188,Colombia,Medellín,Bronce,False,False,True,2,1,540.0,41,8,8,False
22189,Colombia,Neiva,Bronce,True,True,True,1,0,0.0,24,3,7,True
22190,México,—,Platino,True,True,True,139,98,56631.0,15,0,8,True
22191,México,—,Bronce,False,False,False,0,0,0.0,55,5,9,True
22192,Colombia,Cartagena,Bronce,True,False,True,1,0,0.0,41,0,7,True
22193,Colombia,Medellín,Bronce,False,False,True,2,1,499.0,23,4,10,True
22194,Colombia,Bucaramanga,Bronce,True,False,True,0,0,0.0,19,1,8,True
22195,Colombia,Bogotá D.C.,Bronce,True,False,False,3,2,1070.0,12,5,3,True
22196,Uruguay,—,Bronce,True,False,True,2,1,619.0,69,1,7,True
22197,Colombia,Medellín,Bronce,False,False,True,0,0,0.0,21,2,9,True
22198,México,—,Bronce,False,True,False,1,0,0.0,32,7,4,False
22199,Chile,—,Plata,True,False,True,14,10,4731.0,33,13,6,False
22200,Colombia,Ibagué,Oro,True,False,True,52,48,20752.0,15,2,7,True
22201,Perú,—,Bronce,False,True,True,0,0,0.0,36,3,6,True
22202,Colombia,Ibagué,Bronce,True,False,True,0,0,0.0,19,5,7,True
22203,Colombia,Medellín,Bronce,False,True,True,4,3,1647.0,17,4,5,True
22204,Colombia,Cali,Bronce,False,True,True,3,1,409.0,15,0,7,True
22205,Colombia,Medellín,Plata,False,False,False,8,5,2296.0,28,17,10,False
22206,Colombia,Cartagena,Bronce,False,True,True,0,0,0.0,39,6,4,True
22207,Colombia,Bogotá D.C.,Bronce,False,False,True,3,2,696.0,68,4,6,True
22208,Colombia,Cúcuta,Bronce,True,False,False,0,0,0.0,17,5,5,True
22209,Colombia,Bogotá D.C.,Bronce,True,False,False,0,0,0.0,76,1,8,True
22210,Colombia,Otras ciudades,Bronce,False,False,True,0,0,0.0,11,15,8,False
22211,Colombia,Otras ciudades,Plata,False,False,True,11,6,3716.0,5,9,8,False
22212,Colombia,Montería,Plata,True,False,True,23,19,9532.0,1,16,6,False
22213,Colombia,Cali,Plata,False,True,True,23,17,13211.0,18,13,6,False
22214,Colombia,Pasto,Plata,False,False,True,11,10,6582.0,51,6,9,True
22215,Ecuador,—,Bronce,False,False,True,1,0,0.0,20,4,9,True
22216,Colombia,Cartagena,Bronce,False,False,True,7,4,1826.0,14,6,8,True
22217,Colombia,Cúcuta,Bronce,False,True,True,1,0,0.0,58,1,9,True
22218,Colombia,Pereira,Bronce,False,True,True,1,0,0.0,21,10,9,False
22219,Colombia,Bogotá D.C.,Bronce,True,False,True,0,0,0.0,45,2,8,True
22220,Colombia,Santa Marta,Bronce,False,False,True,0,0,0.0,10,5,10,True
22221,México,—,Plata,True,True,True,9,6,4124.0,39,11,8,False
22222,Colombia,Medellín,Plata,True,False,False,12,9,3673.0,23,2,8,True
22223,México,—,Bronce,False,False,True,2,1,558.0,43,2,7,True
22224,Colombia,Armenia,Bronce,False,False,True,1,0,0.0,19,7,5,False
22225,México,—,Bronce,False,False,True,1,0,0.0,47,1,9,True
22226,Colombia,Cali,Bronce,False,False,False,6,4,2322.0,14,3,3,True
22227,Colombia,Barranquilla,Bronce,True,False,True,1,0,0.0,42,1,9,True
22228,Colombia,Bogotá D.C.,Bronce,False,True,True,0,0,0.0,7,7,8,False
22229,México,—,Bronce,True,False,True,0,0,0.0,33,4,9,True
22230,México,—,Plata,True,False,True,10,6,3265.0,4,13,6,False
22231,Ecuador,—,Bronce,False,False,False,3,2,955.0,24,14,5,False
22232,Colombia,Manizales,Bronce,False,False,True,0,0,0.0,18,2,7,True
22233,Colombia,Cali,Bronce,True,True,False,0,0,0.0,27,4,6,True
22234,México,—,Bronce,False,False,True,3,2,567.0,7,3,6,True
22235,México,—,Bronce,False,False,True,1,0,0.0,43,0,4,True
22236,Colombia,Cúcuta,Bronce,False,False,True,0,0,0.0,34,7,4,False
22237,Perú,—,Bronce,False,True,True,6,3,1418.0,35,11,7,False
22238,Colombia,Santa Marta,Bronce,True,False,True,2,1,450.0,9,16,7,False
22239,Colombia,Popayán,Bronce,False,True,True,0,0,0.0,77,3,4,True
22240,Colombia,Manizales,Bronce,True,False,True,0,0,0.0,14,1,8,True
22241,Colombia,Medellín,Bronce,True,False,False,4,2,918.0,20,15,4,False
22242,Colombia,Barranquilla,Bronce,True,False,True,3,1,386.0,22,9,5,False
22243,Ecuador,—,Bronce,False,True,True,0,0,0.0,6,1,10,True
22244,Colombia,Medellín,Bronce,False,False,True,0,0,0.0,41,1,10,True
22245,Colombia,Bogotá D.C.,Bronce,False,False,False,0,0,0.0,18,4,7,True
22246,Ecuador,—,Bronce,False,False,True,0,0,0.0,9,9,9,False
22247,Colombia,Medellín,Plata,True,True,True,14,8,4254.0,52,6,10,True
22248,Colombia,Medellín,Bronce,True,False,True,4,2,916.0,21,4,8,True
22249,Colombia,Pereira,Bronce,False,False,True,1,0,0.0,31,7,9,False
22250,Colombia,Bogotá D.C.,Bronce,False,False,True,0,0,0.0,27,2,6,True
22251,México,—,Bronce,False,False,False,0,0,0.0,39,3,10,True
22252,Colombia,Bogotá D.C.,Bronce,False,True,True,0,0,0.0,12,4,5,True
22253,Colombia,Bogotá D.C.,Bronce,True,False,True,0,0,0.0,32,4,8,True
22254,Colombia,Bogotá D.C.,Bronce,False,True,False,0,0,0.0,54,3,10,True
22255,Colombia,Medellín,Oro,False,False,True,53,37,13111.0,7,12,2,False
22256,Chile,—,Bronce,True,True,True,0,0,0.0,10,0,9,True
22257,México,—,Bronce,False,False,True,1,0,0.0,9,7,5,False
22258,Uruguay,—,Bronce,False,True,True,0,0,0.0,16,17,7,False
22259,Colombia,Bogotá D.C.,Bronce,True,True,True,0,0,0.0,18,9,7,False
22260,México,—,Plata,True,False,True,14,10,5873.0,13,2,4,True
22261,Colombia,Medellín,Oro,False,False,True,26,23,12055.0,67,9,10,False
22262,Chile,—,Bronce,False,False,True,2,1,361.0,8,4,9,True
22263,Ecuador,—,Plata,True,True,True,11,10,6759.0,1,6,6,True
22264,Colombia,Bogotá D.C.,Bronce,False,False,True,0,0,0.0,5,1,8,True
22265,Ecuador,—,Bronce,False,False,False,1,0,0.0,10,2,6,True
22266,México,—,Bronce,False,False,True,0,0,0.0,56,12,6,False
22267,Colombia,Cali,Bronce,True,False,False,3,2,1088.0,59,3,8,True
22268,Colombia,Cali,Bronce,False,True,True,0,0,0.0,53,3,4,True
22269,Colombia,Otras ciudades,Bronce,True,False,True,1,0,0.0,4,3,9,True
22270,Colombia,Otras ciudades,Bronce,True,True,True,0,0,0.0,38,3,10,True
22271,Colombia,Neiva,Plata,False,False,True,17,14,8901.0,22,2,6,True
22272,Colombia,Bucaramanga,Bronce,False,False,True,0,0,0.0,12,2,9,True
22273,Colombia,Otras ciudades,Bronce,False,False,True,0,0,0.0,7,16,5,False
22274,Ecuador,—,Bronce,True,False,True,0,0,0.0,17,1,6,True
22275,Colombia,Montería,Bronce,True,True,False,6,4,2426.0,17,10,5,False
22276,Colombia,Bogotá D.C.,Bronce,True,False,True,5,4,2333.0,38,7,9,False
22277,Colombia,Bogotá D.C.,Bronce,False,False,True,3,1,431.0,64,4,7,True
22278,Colombia,Otras ciudades,Bronce,True,False,True,0,0,0.0,125,2,7,True
22279,Perú,—,Bronce,True,True,True,2,1,561.0,3,20,9,False
22280,Ecuador,—,Bronce,False,False,True,0,0,0.0,37,19,4,False
22281,Perú,—,Bronce,True,False,True,4,3,1265.0,6,7,8,False
22282,Colombia,Barranquilla,Oro,False,False,True,34,29,16238.0,28,1,7,True
22283,Colombia,Medellín,Plata,False,False,True,11,7,3160.0,7,4,5,True
22284,México,—,Bronce,True,False,True,0,0,0.0,7,3,7,True
22285,México,—,Bronce,False,True,True,2,1,549.0,3,6,7,True
22286,Ecuador,—,Bronce,False,False,True,0,0,0.0,22,13,7,False
22287,México,—,Bronce,True,False,True,0,0,0.0,29,3,10,True
22288,Colombia,Santa Marta,Bronce,True,False,True,0,0,0.0,20,4,6,True
22289,Colombia,Cali,Bronce,False,True,True,5,4,2115.0,16,4,5,True
22290,México,—,Bronce,False,True,True,0,0,0.0,10,1,8,True
22291,Uruguay,—,Bronce,False,False,True,0,0,0.0,7,5,7,True
22292,Colombia,Cartagena,Bronce,False,False,True,3,2,944.0,63,4,6,True
22293,Colombia,Manizales,Bronce,True,False,True,0,0,0.0,28,1,6,True
22294,Colombia,Villavicencio,Bronce,True,False,True,2,1,401.0,60,4,8,True
22295,Colombia,Otras ciudades,Plata,True,True,True,9,6,2487.0,22,17,6,False
22296,Colombia,Bucaramanga,Bronce,True,False,True,3,2,1106.0,17,7,8,False
22297,México,—,Bronce,True,False,True,2,1,389.0,8,1,8,True
22298,Perú,—,Bronce,True,False,True,1,0,0.0,55,0,9,True
22299,Ecuador,—,Bronce,False,False,True,0,0,0.0,9,10,10,False
22300,Colombia,Barranquilla,Bronce,False,True,True,4,3,1686.0,6,7,8,False
22301,Colombia,Bogotá D.C.,Bronce,False,False,True,5,2,867.0,10,1,8,True
22302,Colombia,Valledupar,Bronce,False,False,False,0,0,0.0,65,3,7,True
22303,Colombia,Barranquilla,Bronce,False,False,False,1,0,0.0,12,6,7,True
22304,Uruguay,—,Bronce,True,False,False,5,3,1672.0,2,0,7,True
22305,Chile,—,Bronce,False,False,True,1,0,0.0,23,7,6,False
22306,Colombia,Barranquilla,Bronce,False,False,True,0,0,0.0,25,1,5,True
22307,Perú,—,Bronce,False,False,False,0,0,0.0,13,3,10,True
22308,Colombia,Cali,Bronce,True,False,True,7,5,2925.0,43,2,5,True
22309,Colombia,Manizales,Bronce,False,False,True,5,4,2765.0,19,5,9,True
22310,Ecuador,—,Plata,False,False,False,14,9,4056.0,8,1,9,True
22311,México,—,Bronce,False,False,True,1,0,0.0,12,5,8,True
22312,Colombia,Bogotá D.C.,Bronce,False,False,True,0,0,0.0,32,6,10,True
22313,Colombia,Sincelejo,Bronce,False,False,True,3,2,1114.0,14,2,7,True
22314,México,—,Bronce,True,True,False,7,5,2640.0,17,10,10,False
22315,Colombia,Bogotá D.C.,Bronce,False,False,True,4,3,1503.0,43,7,10,False
22316,Colombia,Bogotá D.C.,Bronce,False,False,True,1,0,0.0,38,16,6,False
22317,Colombia,Bucaramanga,Bronce,True,False,False,1,0,0.0,8,3,10,True
22318,México,—,Bronce,False,False,True,2,1,324.0,24,13,5,False
22319,Ecuador,—,Bronce,False,True,True,2,1,559.0,26,2,3,True
22320,México,—,Plata,True,False,False,11,8,2202.0,55,1,6,True
22321,Colombia,Medellín,Bronce,True,False,True,0,0,0.0,10,1,9,True
22322,Colombia,Bogotá D.C.,Bronce,False,False,True,0,0,0.0,49,15,5,False
22323,Colombia,Bogotá D.C.,Bronce,True,True,True,6,5,2374.0,63,3,9,True
22324,Perú,—,Bronce,False,True,False,2,1,518.0,47,9,10,False
22325,Colombia,Barranquilla,Bronce,False,True,False,5,4,1348.0,37,1,10,True
22326,Perú,—,Bronce,False,False,True,0,0,0.0,51,11,10,False
22327,Colombia,Bogotá D.C.,Bronce,False,False,True,1,0,0.0,27,1,6,True
22328,México,—,Bronce,False,False,True,0,0,0.0,50,3,7,True
22329,México,—,Bronce,False,True,True,0,0,0.0,21,4,6,True
22330,Colombia,Villavicencio,Bronce,True,True,False,5,2,1048.0,26,2,8,True
22331,Colombia,Medellín,Bronce,True,False,True,5,4,1959.0,1,5,6,True
22332,Colombia,Otras ciudades,Bronce,False,True,True,1,0,0.0,24,2,7,True
22333,Colombia,Barranquilla,Bronce,False,False,True,0,0,0.0,20,2,7,True
22334,Colombia,Bogotá D.C.,Plata,False,False,True,13,11,4313.0,20,0,6,True
22335,Perú,—,Bronce,False,False,True,2,1,676.0,49,1,7,True
22336,Colombia,Medellín,Bronce,True,False,True,1,0,0.0,11,2,10,True
22337,Colombia,Bogotá D.C.,Bronce,False,False,False,0,0,0.0,28,7,6,False
22338,Colombia,Bogotá D.C.,Plata,True,True,True,17,10,6547.0,1,1,4,True
22339,Ecuador,—,Bronce,True,True,True,7,4,1970.0,31,3,8,True
22340,Colombia,Medellín,Bronce,False,False,True,4,3,1060.0,27,4,6,True
22341,Colombia,Bogotá D.C.,Bronce,True,False,True,7,5,2831.0,25,3,4,True
22342,Colombia,Pereira,Bronce,False,True,True,2,1,289.0,55,12,4,False
22343,Colombia,Bogotá D.C.,Bronce,True,False,True,2,1,425.0,6,14,10,False
22344,México,—,Bronce,True,False,True,6,3,1403.0,42,3,6,True
22345,Colombia,Armenia,Bronce,True,False,True,1,0,0.0,19,23,6,False
22346,Ecuador,—,Bronce,True,False,True,1,0,0.0,4,0,10,True
22347,Colombia,Cali,Bronce,False,False,True,1,0,0.0,19,1,6,True
22348,Colombia,Barranquilla,Bronce,True,False,True,4,3,1703.0,78,9,0,False
22349,Colombia,Bogotá D.C.,Bronce,True,False,True,3,2,1156.0,49,18,10,False
22350,Ecuador,—,Bronce,False,False,True,0,0,0.0,19,7,7,False
22351,México,—,Bronce,False,True,True,0,0,0.0,16,0,5,True
22352,Colombia,Santa Marta,Bronce,False,False,True,0,0,0.0,16,22,10,False
22353,Colombia,Otras ciudades,Bronce,True,False,True,0,0,0.0,9,16,6,False
22354,Ecuador,—,Bronce,False,False,False,3,2,1070.0,40,10,7,False
22355,Colombia,Medellín,Bronce,False,False,True,2,1,495.0,27,9,5,False
22356,Colombia,Bogotá D.C.,Bronce,True,False,True,0,0,0.0,18,9,6,False
22357,Colombia,Medellín,Bronce,False,False,True,0,0,0.0,27,2,5,True
22358,Colombia,Otras ciudades,Bronce,False,False,True,0,0,0.0,14,10,7,False
22359,Colombia,Bogotá D.C.,Platino,False,False,True,131,95,43355.0,23,5,7,True
22360,Colombia,Medellín,Bronce,False,False,True,3,2,1080.0,121,10,10,False
22361,Colombia,Pereira,Bronce,False,False,True,2,1,525.0,22,2,8,True
22362,Colombia,Barranquilla,Bronce,False,False,True,6,4,2136.0,18,2,4,True
22363,México,—,Bronce,False,False,False,0,0,0.0,21,2,8,True
22364,Colombia,Medellín,Bronce,False,False,True,1,0,0.0,30,1,8,True
22365,Colombia,Pereira,Plata,True,True,True,10,7,3446.0,82,12,2,False
22366,Ecuador,—,Bronce,False,False,True,3,2,887.0,20,7,10,False
22367,Uruguay,—,Platino,False,True,True,104,72,38823.0,27,4,9,True
22368,Colombia,Barranquilla,Bronce,False,False,False,7,5,2499.0,4,7,4,False
22369,Colombia,Cali,Bronce,False,False,False,1,0,0.0,32,17,7,False
22370,Colombia,Ibagué,Bronce,False,False,False,0,0,0.0,15,4,6,True
22371,Ecuador,—,Bronce,True,True,True,2,1,485.0,22,6,7,True
22372,Colombia,Otras ciudades,Bronce,True,False,True,0,0,0.0,20,6,9,True
22373,México,—,Bronce,False,False,False,1,0,0.0,5,10,5,False
22374,Colombia,Bogotá D.C.,Bronce,False,False,True,1,0,0.0,32,15,8,False
22375,Colombia,Manizales,Bronce,True,False,True,0,0,0.0,21,2,8,True
22376,Colombia,Medellín,Bronce,True,True,True,0,0,0.0,24,14,9,False
22377,Colombia,Cartagena,Bronce,False,True,True,5,4,2026.0,27,1,10,True
22378,Colombia,Bogotá D.C.,Bronce,False,True,False,3,1,383.0,57,1,8,True
22379,Colombia,Medellín,Bronce,True,False,True,0,0,0.0,83,10,7,False
22380,Colombia,Bogotá D.C.,Bronce,False,True,True,5,3,1357.0,42,2,10,True
22381,Colombia,Cali,Bronce,False,False,True,1,0,0.0,43,1,7,True
22382,Colombia,Pereira,Plata,True,False,True,8,7,3931.0,7,5,10,True
22383,Colombia,Pereira,Oro,False,False,True,30,18,8203.0,5,1,8,True
22384,Colombia,Barranquilla,Bronce,True,False,True,1,0,0.0,25,11,9,False
22385,Colombia,Bucaramanga,Bronce,True,True,True,5,3,1487.0,26,24,6,False
22386,México,—,Bronce,False,False,True,0,0,0.0,23,12,6,False
22387,Colombia,Medellín,Plata,False,False,True,11,9,4212.0,2,4,10,True
22388,Colombia,Armenia,Bronce,False,False,False,1,0,0.0,14,13,7,False
22389,Colombia,Medellín,Bronce,False,False,True,1,0,0.0,4,2,6,True
22390,Colombia,Bucaramanga,Bronce,False,False,True,1,0,0.0,106,1,9,True
22391,Chile,—,Bronce,True,True,True,0,0,0.0,31,2,10,True
22392,Colombia,Otras ciudades,Bronce,False,False,True,0,0,0.0,28,14,10,False
22393,Colombia,Otras ciudades,Bronce,False,True,True,1,0,0.0,24,12,9,False
22394,Colombia,Bogotá D.C.,Bronce,True,False,True,0,0,0.0,34,10,8,False
22395,México,—,Bronce,False,False,False,0,0,0.0,5,6,6,True
22396,Colombia,Ibagué,Bronce,True,False,True,3,1,625.0,10,7,8,False
22397,Colombia,Armenia,Bronce,False,False,True,0,0,0.0,79,26,8,False
22398,Perú,—,Bronce,True,False,True,1,0,0.0,29,0,6,True
22399,Colombia,Medellín,Platino,True,False,False,192,155,85371.0,55,0,10,True
22400,Colombia,Cali,Bronce,True,False,True,1,0,0.0,6,7,10,False
22401,Colombia,Bogotá D.C.,Plata,True,False,True,8,6,2870.0,8,1,5,True
22402,México,—,Bronce,True,False,True,1,0,0.0,21,2,7,True
22403,Colombia,Bogotá D.C.,Bronce,False,False,True,4,2,862.0,3,4,9,True
22404,Ecuador,—,Bronce,False,True,True,0,0,0.0,26,3,7,True
22405,Colombia,Cúcuta,Bronce,False,False,True,0,0,0.0,23,8,6,False
22406,Ecuador,—,Bronce,False,False,True,0,0,0.0,4,10,8,False
22407,Ecuador,—,Bronce,True,True,True,1,0,0.0,58,2,6,True
22408,Colombia,Bogotá D.C.,Bronce,True,False,False,1,0,0.0,27,2,7,True
22409,Colombia,Bogotá D.C.,Bronce,True,False,True,0,0,0.0,35,5,6,True
22410,Colombia,Barranquilla,Bronce,False,False,True,0,0,0.0,98,1,6,True
22411,Ecuador,—,Bronce,False,False,True,3,2,849.0,17,10,5,False
22412,Colombia,Bogotá D.C.,Bronce,False,True,True,7,6,3330.0,21,13,6,False
22413,Uruguay,—,Plata,False,False,True,23,14,6470.0,27,0,6,True
22414,Uruguay,—,Bronce,False,True,True,0,0,0.0,24,5,8,True
22415,Chile,—,Plata,True,True,True,13,9,5365.0,5,5,5,True
22416,Colombia,Bogotá D.C.,Bronce,True,False,False,0,0,0.0,26,10,7,False
22417,Colombia,Otras ciudades,Bronce,False,False,True,1,0,0.0,35,8,10,False
22418,México,—,Bronce,False,False,True,0,0,0.0,24,3,7,True
22419,Colombia,Medellín,Bronce,True,False,True,3,2,746.0,33,14,8,False
22420,Perú,—,Bronce,True,False,True,0,0,0.0,27,5,6,True
22421,Colombia,Otras ciudades,Bronce,True,False,False,5,4,805.0,25,4,8,True
22422,Uruguay,—,Bronce,False,False,True,1,0,0.0,30,3,7,True
22423,Colombia,Manizales,Plata,True,False,False,18,11,5405.0,24,1,6,True
22424,Colombia,Cúcuta,Bronce,False,False,False,3,2,913.0,67,4,7,True
22425,Colombia,Pereira,Bronce,True,False,True,5,2,943.0,7,1,6,True
22426,Colombia,Bogotá D.C.,Bronce,True,False,True,1,0,0.0,25,5,8,True
22427,Ecuador,—,Bronce,True,False,True,2,1,558.0,9,12,5,False
22428,Perú,—,Bronce,True,False,False,2,1,453.0,36,2,5,True
22429,Ecuador,—,Bronce,False,False,True,1,0,0.0,9,6,5,True
22430,Colombia,Medellín,Bronce,True,False,True,0,0,0.0,23,2,6,True
22431,Uruguay,—,Bronce,True,False,True,0,0,0.0,29,1,10,True
22432,Chile,—,Bronce,False,True,True,0,0,0.0,31,17,5,False
22433,Colombia,Armenia,Bronce,False,True,True,4,3,1858.0,45,15,7,False
22434,Colombia,Bogotá D.C.,Oro,True,True,True,37,29,15179.0,23,10,9,False
22435,Colombia,Bogotá D.C.,Bronce,False,False,True,1,0,0.0,10,1,7,True
22436,Colombia,Bogotá D.C.,Bronce,False,False,True,0,0,0.0,69,2,9,True
22437,Colombia,Medellín,Bronce,True,False,True,1,0,0.0,19,2,8,True
22438,Colombia,Bogotá D.C.,Bronce,True,False,True,0,0,0.0,22,1,10,True
22439,México,—,Plata,False,False,False,14,11,5473.0,71,3,6,True
22440,Colombia,Cali,Bronce,True,True,True,5,2,1086.0,21,7,4,False
22441,Colombia,Bucaramanga,Bronce,True,False,False,4,2,796.0,1,4,8,True
22442,Colombia,Bogotá D.C.,Bronce,True,False,True,0,0,0.0,34,1,9,True
22443,Perú,—,Bronce,True,False,False,1,0,0.0,13,0,7,True
22444,Colombia,Bogotá D.C.,Bronce,False,False,False,4,2,1021.0,5,6,4,True
22445,México,—,Plata,False,False,True,15,12,3104.0,29,5,8,True
22446,Ecuador,—,Bronce,False,True,True,1,0,0.0,8,3,4,True
22447,México,—,Bronce,True,True,True,2,1,357.0,21,24,7,False
22448,Ecuador,—,Bronce,False,False,False,2,1,370.0,16,6,8,True
22449,México,—,Bronce,True,False,True,2,1,471.0,14,1,7,True
22450,Colombia,Bogotá D.C.,Bronce,True,False,True,4,3,1010.0,17,4,3,True
22451,Colombia,Bogotá D.C.,Bronce,False,True,True,1,0,0.0,21,1,8,True
22452,Colombia,Montería,Bronce,False,False,True,0,0,0.0,57,10,8,False
22453,Colombia,Bogotá D.C.,Plata,False,False,True,21,18,10003.0,68,0,5,True
22454,México,—,Bronce,False,False,True,2,1,332.0,43,3,8,True
22455,México,—,Plata,True,True,True,8,5,1055.0,1,10,1,False
22456,Colombia,Bogotá D.C.,Bronce,False,False,True,2,1,436.0,17,10,10,False
22457,México,—,Bronce,True,False,False,0,0,0.0,17,5,10,True
22458,México,—,Bronce,False,False,True,6,5,2467.0,2,1,3,True
22459,Colombia,Bogotá D.C.,Bronce,True,True,True,1,0,0.0,47,3,6,True
22460,Perú,—,Plata,True,False,True,24,15,9714.0,13,16,9,False
22461,México,—,Bronce,True,False,True,0,0,0.0,48,0,5,True
22462,Colombia,Bucaramanga,Bronce,False,False,True,3,2,1053.0,35,1,9,True
22463,Perú,—,Bronce,False,False,True,0,0,0.0,42,6,9,True
22464,México,—,Bronce,True,False,True,1,0,0.0,5,1,8,True
22465,Ecuador,—,Oro,True,False,False,25,20,10393.0,52,6,9,True
22466,Perú,—,Plata,False,False,True,16,10,5499.0,47,11,10,False
22467,Colombia,Otras ciudades,Plata,False,False,True,15,13,7169.0,2,1,10,True
22468,Uruguay,—,Bronce,False,False,True,0,0,0.0,8,11,10,False
22469,México,—,Bronce,False,False,True,1,0,0.0,11,9,9,False
22470,Colombia,Bucaramanga,Bronce,False,False,False,0,0,0.0,15,1,10,True
22471,Colombia,Cali,Bronce,True,False,True,1,0,0.0,20,9,10,False
22472,Ecuador,—,Bronce,False,False,True,2,1,376.0,45,16,9,False
22473,Ecuador,—,Bronce,False,True,True,0,0,0.0,25,8,9,False
22474,Colombia,Bogotá D.C.,Bronce,False,False,True,0,0,0.0,59,3,4,True
22475,Colombia,Cartagena,Bronce,False,False,True,1,0,0.0,60,3,6,True
22476,Ecuador,—,Bronce,True,False,True,2,1,520.0,35,5,10,True
22477,Chile,—,Bronce,True,False,True,2,1,355.0,66,5,10,True
22478,Colombia,Ibagué,Bronce,False,False,True,0,0,0.0,35,3,6,True
22479,Colombia,Barranquilla,Platino,True,False,False,116,100,49443.0,15,5,8,True
22480,Chile,—,Bronce,True,True,True,0,0,0.0,6,1,6,True
22481,Colombia,Otras ciudades,Bronce,False,True,True,0,0,0.0,6,10,5,False
22482,México,—,Bronce,True,False,True,3,2,802.0,7,3,9,True
22483,Colombia,Pereira,Bronce,True,False,True,0,0,0.0,84,8,7,False
22484,Colombia,Cali,Bronce,False,True,False,6,3,1679.0,26,6,4,True
22485,Colombia,Cartagena,Bronce,False,False,True,0,0,0.0,38,1,3,True
22486,Colombia,Medellín,Bronce,True,False,True,1,0,0.0,3,11,10,False
22487,México,—,Bronce,False,True,True,2,1,449.0,106,1,4,True
22488,Perú,—,Bronce,False,False,True,6,5,2844.0,65,2,5,True
22489,Colombia,Bogotá D.C.,Bronce,False,False,True,4,2,1327.0,13,18,10,False
22490,Uruguay,—,Bronce,True,True,True,4,3,1626.0,22,1,9,True
22491,Colombia,Medellín,Bronce,True,True,True,3,1,447.0,25,3,7,True
22492,Perú,—,Oro,False,False,True,37,28,8052.0,38,22,8,False
22493,México,—,Bronce,False,False,False,0,0,0.0,14,2,10,True
22494,México,—,Bronce,False,False,True,3,2,982.0,26,6,6,True
22495,Colombia,Bogotá D.C.,Oro,True,False,False,40,25,10118.0,36,2,9,True
22496,México,—,Bronce,False,True,True,5,4,2474.0,13,2,7,True
22497,Colombia,Santa Marta,Plata,True,False,True,10,8,5037.0,17,12,8,False
22498,Ecuador,—,Bronce,False,True,False,3,2,982.0,2,1,7,True
22499,Colombia,Armenia,Bronce,False,False,True,0,0,0.0,6,11,6,False
22500,Perú,—,Bronce,False,False,True,0,0,0.0,9,9,9,False
22501,Uruguay,—,Bronce,False,False,False,2,1,462.0,29,1,10,True
22502,Colombia,Montería,Bronce,True,True,True,2,1,518.0,1,2,10,True
22503,Colombia,Barranquilla,Bronce,False,True,True,3,2,1208.0,5,0,10,True
22504,Colombia,Sincelejo,Bronce,False,False,True,0,0,0.0,22,10,9,False
22505,Colombia,Bogotá D.C.,Bronce,False,False,True,0,0,0.0,12,4,10,True
22506,Colombia,Medellín,Bronce,False,False,True,0,0,0.0,38,4,8,True
22507,Colombia,Bogotá D.C.,Bronce,True,False,True,0,0,0.0,28,5,6,True
22508,Colombia,Bucaramanga,Bronce,False,True,True,2,1,605.0,26,0,5,True
22509,Colombia,Bucaramanga,Bronce,False,False,False,4,3,1470.0,32,4,7,True
22510,Colombia,Villavicencio,Bronce,True,True,True,3,1,550.0,25,3,8,True
22511,Colombia,Bogotá D.C.,Bronce,True,True,False,0,0,0.0,8,9,4,False
22512,Colombia,Bogotá D.C.,Plata,True,False,True,16,12,5034.0,27,0,8,True
22513,Chile,—,Bronce,False,False,True,4,2,898.0,25,1,8,True
22514,Colombia,Pereira,Bronce,True,True,False,6,5,2180.0,79,4,9,True
22515,Colombia,Armenia,Bronce,True,False,True,1,0,0.0,36,11,10,False
22516,Colombia,Medellín,Plata,True,False,True,8,7,3602.0,4,2,8,True
22517,Colombia,Bucaramanga,Bronce,False,False,False,0,0,0.0,10,7,8,False
22518,Colombia,Pereira,Bronce,True,False,True,0,0,0.0,37,3,9,True
22519,Colombia,Cali,Bronce,True,False,True,0,0,0.0,41,6,1,True
22520,Colombia,Bogotá D.C.,Bronce,False,False,True,4,3,1523.0,53,6,8,True
22521,Colombia,Bogotá D.C.,Bronce,True,True,True,0,0,0.0,31,4,9,True
22522,Colombia,Medellín,Bronce,True,False,False,0,0,0.0,23,2,6,True
22523,México,—,Bronce,False,True,False,2,1,496.0,14,7,9,False
22524,México,—,Bronce,False,False,True,1,0,0.0,87,15,7,False
22525,Colombia,Bogotá D.C.,Oro,False,False,False,26,19,9776.0,32,2,6,True
22526,Colombia,Bogotá D.C.,Bronce,True,True,True,0,0,0.0,51,4,7,True
22527,Colombia,Bogotá D.C.,Bronce,False,False,True,0,0,0.0,12,1,7,True
22528,Colombia,Popayán,Bronce,False,False,False,1,0,0.0,33,1,10,True
22529,Colombia,Bogotá D.C.,Bronce,True,False,True,3,2,821.0,40,0,7,True
22530,Colombia,Bogotá D.C.,Bronce,False,True,True,1,0,0.0,29,4,7,True
22531,Colombia,Bogotá D.C.,Bronce,True,True,True,4,3,1317.0,43,8,10,False
22532,Colombia,Bogotá D.C.,Oro,False,False,False,32,26,13570.0,4,4,5,True
22533,México,—,Bronce,True,True,True,1,0,0.0,1,13,8,False
22534,Ecuador,—,Bronce,False,False,True,0,0,0.0,7,2,4,True
22535,Colombia,Bogotá D.C.,Bronce,False,False,True,1,0,0.0,31,10,10,False
22536,México,—,Bronce,False,True,True,0,0,0.0,81,11,10,False
22537,Colombia,Bogotá D.C.,Bronce,True,True,True,0,0,0.0,1,7,7,False
22538,Colombia,Cartagena,Bronce,True,False,True,2,1,626.0,51,7,9,False
22539,Colombia,Medellín,Bronce,False,False,True,1,0,0.0,7,4,6,True
22540,México,—,Plata,False,True,True,16,10,4576.0,25,1,9,True
22541,Colombia,Bucaramanga,Bronce,True,False,True,0,0,0.0,43,0,10,True
22542,Uruguay,—,Oro,True,False,True,26,17,7884.0,17,15,5,False
22543,Colombia,Medellín,Bronce,False,False,True,2,1,651.0,24,10,7,False
22544,Colombia,Montería,Bronce,False,False,True,0,0,0.0,11,4,10,True
22545,Ecuador,—,Bronce,False,True,True,1,0,0.0,7,3,10,True
22546,Colombia,Barranquilla,Bronce,False,True,True,3,2,909.0,46,4,4,True
22547,Colombia,Bogotá D.C.,Bronce,False,True,True,5,3,1450.0,23,9,8,False
22548,México,—,Bronce,False,False,True,0,0,0.0,18,0,8,True
22549,México,—,Bronce,False,False,False,0,0,0.0,27,7,10,False
22550,Colombia,Montería,Bronce,False,True,True,2,1,457.0,8,12,8,False
22551,México,—,Bronce,False,False,False,0,0,0.0,25,1,7,True
22552,Colombia,Bogotá D.C.,Plata,True,False,True,9,5,3588.0,21,8,10,False
22553,Colombia,Medellín,Bronce,False,False,True,1,0,0.0,5,1,5,True
22554,Colombia,Medellín,Bronce,False,False,True,3,1,531.0,27,9,6,False
22555,México,—,Bronce,False,False,True,0,0,0.0,45,5,10,True
22556,Colombia,Bogotá D.C.,Bronce,False,False,True,1,0,0.0,29,2,10,True
22557,México,—,Bronce,True,True,False,2,1,702.0,34,4,7,True
22558,Colombia,Medellín,Bronce,False,False,True,0,0,0.0,64,3,6,True
22559,Perú,—,Bronce,False,False,True,0,0,0.0,11,11,6,False
22560,México,—,Bronce,False,False,True,0,0,0.0,12,6,8,True
22561,Perú,—,Bronce,False,False,False,0,0,0.0,49,7,9,False
22562,Colombia,Medellín,Bronce,False,False,True,1,0,0.0,60,21,10,False
22563,Colombia,Otras ciudades,Bronce,False,False,False,0,0,0.0,25,17,10,False
22564,Colombia,Otras ciudades,Oro,True,False,True,27,17,11030.0,20,2,9,True
22565,Colombia,Medellín,Bronce,True,False,False,1,0,0.0,13,9,6,False
22566,Perú,—,Bronce,False,True,True,0,0,0.0,20,0,6,True
22567,Colombia,Medellín,Bronce,False,True,True,2,1,557.0,9,7,7,False
22568,Colombia,Popayán,Bronce,False,True,False,7,4,1282.0,22,2,10,True
22569,Colombia,Bogotá D.C.,Bronce,True,True,True,0,0,0.0,10,12,10,False
22570,México,—,Bronce,False,True,False,3,1,648.0,3,7,7,False
22571,Ecuador,—,Bronce,True,False,True,2,1,671.0,30,2,6,True
22572,Colombia,Bogotá D.C.,Bronce,False,False,True,0,0,0.0,21,9,4,False
22573,México,—,Bronce,True,True,False,1,0,0.0,36,3,10,True
22574,México,—,Bronce,True,True,True,0,0,0.0,17,20,5,False
22575,Colombia,Bucaramanga,Bronce,False,False,True,1,0,0.0,2,3,10,True
22576,México,—,Bronce,True,False,False,0,0,0.0,32,9,10,False
22577,Colombia,Medellín,Bronce,True,False,True,0,0,0.0,128,4,6,True
22578,Colombia,Medellín,Bronce,False,False,True,1,0,0.0,40,8,10,False
22579,Uruguay,—,Bronce,True,False,True,0,0,0.0,52,1,10,True
22580,Colombia,Medellín,Bronce,False,True,True,0,0,0.0,13,8,9,False
22581,Colombia,Bogotá D.C.,Bronce,True,False,True,0,0,0.0,19,11,6,False
22582,Ecuador,—,Bronce,True,True,False,3,1,329.0,20,4,7,True
22583,Perú,—,Bronce,False,True,True,0,0,0.0,27,11,8,False
22584,Colombia,Cali,Bronce,False,False,False,4,3,1189.0,15,5,6,True
22585,Colombia,Medellín,Bronce,True,False,False,1,0,0.0,47,2,5,True
22586,Ecuador,—,Bronce,False,False,False,1,0,0.0,3,20,8,False
22587,Colombia,Montería,Plata,False,False,True,11,8,4493.0,12,0,8,True
22588,Colombia,Bogotá D.C.,Bronce,False,False,True,2,1,528.0,4,16,8,False
22589,Colombia,Cali,Bronce,True,False,True,7,4,2655.0,17,4,7,True
22590,Colombia,Otras ciudades,Bronce,False,True,True,2,1,546.0,2,5,5,True
22591,Colombia,Bogotá D.C.,Bronce,True,True,True,1,0,0.0,14,2,7,True
22592,Uruguay,—,Bronce,False,True,True,0,0,0.0,3,6,3,True
22593,México,—,Bronce,False,False,True,0,0,0.0,27,7,6,False
22594,Perú,—,Bronce,False,True,True,3,2,1024.0,37,8,6,False
22595,Perú,—,Bronce,False,True,False,2,1,483.0,29,6,6,True
22596,Colombia,Bogotá D.C.,Bronce,True,False,True,2,1,469.0,24,0,4,True
22597,Colombia,Ibagué,Bronce,False,False,True,0,0,0.0,71,8,10,False
22598,Colombia,Valledupar,Plata,False,False,True,16,12,5075.0,12,12,7,False
22599,México,—,Bronce,True,False,True,2,1,442.0,10,17,10,False
22600,Uruguay,—,Bronce,False,True,True,2,1,493.0,1,0,7,True
22601,Colombia,Medellín,Bronce,False,False,True,2,1,447.0,28,12,8,False
22602,Colombia,Medellín,Bronce,False,False,True,1,0,0.0,42,8,10,False
22603,Colombia,Cali,Bronce,True,False,True,3,2,865.0,28,0,9,True
22604,Colombia,Bogotá D.C.,Bronce,False,False,True,0,0,0.0,17,2,9,True
22605,México,—,Bronce,True,False,False,0,0,0.0,39,8,7,False
22606,Colombia,Bogotá D.C.,Bronce,True,False,True,0,0,0.0,26,0,10,True
22607,México,—,Bronce,False,False,True,3,2,914.0,32,1,5,True
22608,Colombia,Bogotá D.C.,Bronce,False,False,False,4,2,942.0,2,4,6,True
22609,Colombia,Cali,Bronce,True,False,True,1,0,0.0,50,12,10,False
22610,Colombia,Bogotá D.C.,Bronce,False,False,False,1,0,0.0,35,2,7,True
22611,Perú,—,Bronce,False,True,True,4,2,1214.0,33,17,8,False
22612,Ecuador,—,Bronce,False,False,False,0,0,0.0,18,3,8,True
22613,Colombia,Bogotá D.C.,Bronce,False,False,True,0,0,0.0,44,10,5,False
22614,Colombia,Bucaramanga,Bronce,False,True,True,0,0,0.0,14,8,9,False
22615,Uruguay,—,Bronce,False,False,True,3,2,1280.0,19,6,10,True
22616,Colombia,Villavicencio,Bronce,True,False,False,0,0,0.0,22,12,9,False
22617,Colombia,Bogotá D.C.,Bronce,True,False,True,3,2,1065.0,21,1,9,True
22618,México,—,Bronce,True,False,True,6,3,1866.0,16,3,9,True
22619,Colombia,Bogotá D.C.,Bronce,False,True,True,2,1,529.0,16,8,8,False
22620,Chile,—,Oro,False,False,True,53,31,14324.0,2,7,9,False
22621,Colombia,Bogotá D.C.,Bronce,False,False,True,2,1,622.0,5,5,7,True
22622,México,—,Bronce,False,False,True,1,0,0.0,1,2,10,True
22623,Colombia,Medellín,Bronce,True,False,False,3,2,1056.0,3,5,5,True
22624,Colombia,Bucaramanga,Bronce,True,False,True,0,0,0.0,9,0,10,True
22625,México,—,Bronce,False,False,True,3,2,1190.0,14,8,5,False
22626,Colombia,Bogotá D.C.,Bronce,False,False,False,0,0,0.0,9,7,7,False
22627,Colombia,Bogotá D.C.,Bronce,True,False,True,2,1,411.0,42,1,7,True
22628,México,—,Bronce,False,False,True,0,0,0.0,45,10,7,False
22629,Perú,—,Bronce,True,False,True,3,1,356.0,67,5,3,True
22630,Colombia,Popayán,Bronce,False,False,False,4,3,1367.0,16,13,7,False
22631,Colombia,Bogotá D.C.,Plata,True,False,True,12,10,2043.0,56,2,10,True
22632,Colombia,Barranquilla,Bronce,True,False,False,5,3,1810.0,28,9,6,False
22633,Colombia,Medellín,Bronce,False,False,True,0,0,0.0,20,6,7,True
22634,Colombia,Medellín,Bronce,False,True,True,0,0,0.0,20,3,5,True
22635,México,—,Bronce,False,False,True,0,0,0.0,5,9,4,False
22636,Colombia,Otras ciudades,Bronce,False,False,False,1,0,0.0,45,4,8,True
22637,Colombia,Neiva,Bronce,False,False,True,1,0,0.0,7,8,6,False
22638,Ecuador,—,Bronce,True,True,True,2,1,346.0,11,6,8,True
22639,Colombia,Villavicencio,Bronce,True,True,True,1,0,0.0,17,3,6,True
22640,Colombia,Bogotá D.C.,Bronce,False,True,True,7,6,4208.0,21,1,7,True
22641,Colombia,Pereira,Bronce,False,False,True,1,0,0.0,22,5,6,True
22642,Colombia,Bogotá D.C.,Plata,False,False,True,16,10,6703.0,91,31,10,False
22643,México,—,Bronce,True,False,True,4,2,1061.0,45,18,7,False
22644,Colombia,Bogotá D.C.,Bronce,False,False,True,5,2,970.0,58,17,8,False
22645,México,—,Bronce,True,False,True,2,1,452.0,40,4,9,True
22646,Colombia,Medellín,Bronce,False,False,True,0,0,0.0,25,7,6,False
22647,Colombia,Otras ciudades,Bronce,False,True,True,2,1,586.0,31,3,9,True
22648,Colombia,Cali,Bronce,True,False,True,1,0,0.0,44,4,4,True
22649,Colombia,Cúcuta,Bronce,True,False,True,6,4,2404.0,42,1,7,True
22650,Colombia,Bogotá D.C.,Bronce,False,True,False,3,2,923.0,36,0,6,True
22651,México,—,Bronce,False,False,True,2,1,355.0,122,5,9,True
22652,México,—,Plata,False,False,True,9,5,2314.0,62,0,6,True
22653,Colombia,Sincelejo,Bronce,False,False,False,0,0,0.0,19,1,6,True
22654,Colombia,Cali,Bronce,False,False,True,2,1,548.0,9,0,7,True
22655,Colombia,Otras ciudades,Bronce,False,False,True,2,1,340.0,67,6,5,True
22656,Colombia,Manizales,Bronce,False,False,True,0,0,0.0,62,1,9,True
22657,Colombia,Bogotá D.C.,Bronce,True,True,True,1,0,0.0,73,9,8,False
22658,Colombia,Bogotá D.C.,Plata,False,True,True,13,8,2444.0,28,16,4,False
22659,Colombia,Medellín,Bronce,True,False,True,6,3,1410.0,61,3,9,True
22660,México,—,Plata,True,False,True,12,9,4567.0,7,3,8,True
22661,Colombia,Bogotá D.C.,Bronce,False,False,True,7,4,2062.0,29,15,10,False
22662,Colombia,Cali,Bronce,True,True,False,1,0,0.0,37,5,9,True
22663,Perú,—,Bronce,True,False,True,0,0,0.0,63,7,8,False
22664,México,—,Bronce,True,False,False,0,0,0.0,62,3,5,True
22665,Uruguay,—,Bronce,False,False,True,0,0,0.0,40,3,3,True
22666,Colombia,Bogotá D.C.,Bronce,True,False,True,2,1,267.0,60,2,7,True
22667,Ecuador,—,Bronce,True,False,True,6,4,2426.0,12,2,10,True
22668,Colombia,Barranquilla,Bronce,True,True,True,2,1,544.0,94,4,5,True
22669,México,—,Bronce,True,False,True,2,1,590.0,11,5,9,True
22670,Chile,—,Bronce,False,False,True,0,0,0.0,3,3,8,True
22671,Perú,—,Bronce,False,False,True,2,1,406.0,11,5,7,True
22672,Colombia,Medellín,Bronce,False,False,True,2,1,477.0,58,7,10,False
22673,México,—,Plata,False,False,True,20,18,4867.0,6,2,9,True
22674,Colombia,Santa Marta,Plata,False,True,False,9,8,4516.0,61,6,10,True
22675,Uruguay,—,Bronce,True,False,True,6,4,2045.0,8,3,6,True
22676,Colombia,Armenia,Bronce,False,False,True,1,0,0.0,18,8,8,False
22677,Perú,—,Bronce,True,False,True,0,0,0.0,41,1,10,True
22678,Colombia,Barranquilla,Bronce,True,False,True,1,0,0.0,17,5,8,True
22679,Ecuador,—,Bronce,True,False,True,2,1,415.0,33,9,7,False
22680,Colombia,Cali,Bronce,False,False,True,0,0,0.0,15,0,9,True
22681,Colombia,Bogotá D.C.,Bronce,True,True,True,1,0,0.0,67,6,10,True
22682,Colombia,Barranquilla,Bronce,True,True,True,0,0,0.0,9,4,10,True
22683,Colombia,Manizales,Bronce,False,True,True,0,0,0.0,17,5,7,True
22684,Colombia,Bucaramanga,Bronce,True,False,True,0,0,0.0,10,3,8,True
22685,México,—,Bronce,True,True,True,0,0,0.0,11,7,5,False
22686,Colombia,Medellín,Bronce,False,False,True,1,0,0.0,31,1,10,True
22687,Colombia,Bogotá D.C.,Bronce,True,True,True,0,0,0.0,6,1,7,True
22688,Colombia,Pasto,Bronce,False,False,True,0,0,0.0,39,2,9,True
22689,Colombia,Cali,Bronce,True,False,True,0,0,0.0,21,2,7,True
22690,Ecuador,—,Bronce,False,False,False,0,0,0.0,8,1,10,True
22691,Colombia,Neiva,Bronce,False,False,True,3,2,702.0,28,8,6,False
22692,Colombia,Cali,Bronce,False,False,True,4,3,1035.0,68,1,6,True
22693,Colombia,Bogotá D.C.,Bronce,True,False,False,2,1,556.0,33,29,4,False
22694,Colombia,Cúcuta,Bronce,False,False,True,1,0,0.0,10,2,8,True
22695,Perú,—,Plata,True,False,True,20,12,5802.0,29,8,7,False
22696,Colombia,Medellín,Bronce,False,False,False,3,2,600.0,3,4,10,True
22697,Colombia,Valledupar,Bronce,True,True,True,1,0,0.0,3,6,6,True
22698,México,—,Bronce,False,False,True,4,3,1414.0,29,7,9,False
22699,México,—,Bronce,False,False,False,0,0,0.0,28,2,3,True
22700,Colombia,Popayán,Bronce,False,True,False,0,0,0.0,38,4,10,True
22701,Colombia,Cali,Bronce,False,True,False,0,0,0.0,12,0,10,True
22702,Colombia,Bogotá D.C.,Bronce,False,True,True,0,0,0.0,10,16,10,False
22703,Perú,—,Bronce,False,False,False,0,0,0.0,52,3,5,True
22704,Colombia,Bogotá D.C.,Bronce,False,False,True,5,4,1682.0,53,9,7,False
22705,Colombia,Bogotá D.C.,Oro,True,False,True,38,35,15915.0,51,11,10,False
22706,Chile,—,Bronce,False,False,True,1,0,0.0,39,6,7,True
22707,Ecuador,—,Bronce,False,False,True,6,4,2018.0,4,0,7,True
22708,Uruguay,—,Bronce,True,True,True,1,0,0.0,34,0,10,True
22709,Ecuador,—,Bronce,True,False,True,0,0,0.0,40,9,7,False
22710,Ecuador,—,Bronce,False,False,True,1,0,0.0,10,4,10,True
22711,Colombia,Medellín,Bronce,False,False,True,3,2,798.0,26,6,6,True
22712,Ecuador,—,Plata,True,False,False,8,5,2179.0,11,6,8,True
22713,Colombia,Bogotá D.C.,Bronce,False,False,True,0,0,0.0,33,3,3,True
22714,Colombia,Medellín,Bronce,True,False,True,4,3,1177.0,14,1,4,True
22715,Colombia,Manizales,Bronce,False,True,True,0,0,0.0,49,2,7,True
22716,Colombia,Otras ciudades,Bronce,False,False,True,6,4,1508.0,15,8,6,False
22717,Colombia,Cali,Bronce,True,False,True,0,0,0.0,26,18,9,False
22718,Colombia,Medellín,Bronce,True,False,True,1,0,0.0,20,2,5,True
22719,Colombia,Otras ciudades,Bronce,False,True,True,1,0,0.0,35,4,7,True
22720,Colombia,Montería,Plata,True,False,True,11,8,3594.0,8,4,6,True
22721,Colombia,Barranquilla,Bronce,False,True,True,2,1,612.0,14,7,10,False
22722,México,—,Bronce,True,True,True,1,0,0.0,18,10,7,False
22723,Colombia,Bogotá D.C.,Bronce,True,False,True,1,0,0.0,6,6,6,True
22724,Colombia,Bogotá D.C.,Plata,True,False,True,10,8,4414.0,56,1,7,True
22725,Colombia,Bogotá D.C.,Platino,True,False,True,145,92,18575.0,60,7,8,False
22726,Colombia,Bogotá D.C.,Bronce,False,True,True,5,4,1845.0,23,7,6,False
22727,México,—,Bronce,True,False,True,0,0,0.0,28,1,5,True
22728,Colombia,Bogotá D.C.,Bronce,False,False,True,4,3,1824.0,6,0,7,True
22729,Colombia,Bogotá D.C.,Bronce,False,True,True,1,0,0.0,31,2,6,True
22730,México,—,Bronce,False,True,True,1,0,0.0,13,2,6,True
22731,Colombia,Pasto,Bronce,False,False,True,1,0,0.0,8,3,10,True
22732,Colombia,Bogotá D.C.,Bronce,True,False,False,0,0,0.0,10,7,7,False
22733,Colombia,Bogotá D.C.,Bronce,False,True,True,5,4,2585.0,56,10,10,False
22734,México,—,Bronce,False,False,True,0,0,0.0,13,1,5,True
22735,Ecuador,—,Bronce,False,False,True,0,0,0.0,26,10,5,False
22736,Colombia,Bogotá D.C.,Bronce,True,True,True,1,0,0.0,16,2,10,True
22737,Colombia,Bogotá D.C.,Bronce,False,True,True,1,0,0.0,4,3,4,True
22738,Colombia,Armenia,Oro,False,False,True,29,23,13678.0,22,12,7,False
22739,Colombia,Cartagena,Bronce,False,True,True,5,3,1455.0,8,7,6,False
22740,Colombia,Bogotá D.C.,Bronce,False,False,True,0,0,0.0,18,6,3,True
22741,Colombia,Medellín,Bronce,False,False,True,1,0,0.0,23,2,7,True
22742,Colombia,Bogotá D.C.,Bronce,True,False,True,0,0,0.0,22,16,6,False
22743,México,—,Bronce,True,False,True,0,0,0.0,17,2,10,True
22744,Colombia,Bogotá D.C.,Plata,True,False,True,12,7,3769.0,69,4,10,True
22745,Colombia,Bogotá D.C.,Bronce,False,True,True,5,3,1457.0,14,6,7,True
22746,Colombia,Ibagué,Bronce,False,False,True,0,0,0.0,28,6,10,True
22747,Colombia,Otras ciudades,Bronce,True,False,True,1,0,0.0,16,5,7,True
22748,Colombia,Bogotá D.C.,Bronce,False,True,True,0,0,0.0,76,1,4,True
22749,Colombia,Bogotá D.C.,Bronce,False,False,True,1,0,0.0,6,3,7,True
22750,Colombia,Manizales,Bronce,False,False,True,1,0,0.0,8,9,8,False
22751,Colombia,Cúcuta,Bronce,True,False,True,6,4,2481.0,17,3,6,True
22752,México,—,Plata,False,True,True,14,9,2610.0,10,2,8,True
22753,Colombia,Popayán,Bronce,False,False,True,6,5,3519.0,22,9,8,False
22754,Colombia,Barranquilla,Bronce,False,False,True,1,0,0.0,4,13,8,False
22755,Chile,—,Plata,True,False,True,18,11,6742.0,10,2,2,True
22756,Colombia,Otras ciudades,Bronce,False,True,True,0,0,0.0,16,3,6,True
22757,Colombia,Cartagena,Bronce,False,False,True,2,1,266.0,55,1,6,True
22758,Colombia,Neiva,Bronce,True,True,True,2,1,554.0,24,5,8,True
22759,Colombia,Bogotá D.C.,Bronce,False,False,True,2,1,327.0,4,8,6,False
22760,Colombia,Barranquilla,Bronce,False,True,True,0,0,0.0,12,5,7,True
22761,Ecuador,—,Plata,True,False,True,8,5,1317.0,33,5,6,True
22762,Colombia,Medellín,Bronce,False,True,False,2,1,488.0,39,5,6,True
22763,México,—,Bronce,False,False,True,1,0,0.0,35,6,6,True
22764,Colombia,Bogotá D.C.,Plata,False,True,True,9,8,4658.0,5,9,9,False
22765,Colombia,Bucaramanga,Bronce,False,True,False,3,2,1065.0,21,10,7,False
22766,Colombia,Bucaramanga,Bronce,False,False,False,7,5,2320.0,60,0,8,True
22767,Colombia,Cali,Bronce,True,True,True,0,0,0.0,16,10,10,False
22768,Perú,—,Oro,True,True,True,56,48,19632.0,44,21,9,False
22769,Ecuador,—,Bronce,True,False,True,0,0,0.0,20,4,6,True
22770,México,—,Bronce,False,False,True,1,0,0.0,48,19,9,False
22771,Colombia,Bogotá D.C.,Bronce,True,True,True,2,1,522.0,17,0,7,True
22772,México,—,Bronce,False,False,True,2,1,466.0,27,2,5,True
22773,México,—,Bronce,False,False,True,0,0,0.0,37,8,8,False
22774,Colombia,Bogotá D.C.,Plata,True,False,True,21,12,5251.0,18,4,9,True
22775,Colombia,Cali,Oro,True,True,True,25,22,9079.0,10,15,7,False
22776,México,—,Oro,False,False,True,36,28,12977.0,7,16,10,False
22777,Colombia,Bogotá D.C.,Bronce,True,False,True,0,0,0.0,16,3,7,True
22778,Colombia,Bogotá D.C.,Plata,False,False,True,8,5,2928.0,12,9,2,False
22779,Ecuador,—,Bronce,False,False,False,3,1,557.0,5,4,10,True
22780,Colombia,Cartagena,Bronce,True,False,True,4,3,1350.0,16,5,8,True
22781,Chile,—,Bronce,False,True,True,0,0,0.0,22,1,6,True
22782,Colombia,Bogotá D.C.,Bronce,False,False,False,0,0,0.0,7,12,9,False
22783,Ecuador,—,Plata,False,False,True,10,8,4608.0,19,7,9,False
22784,Colombia,Bogotá D.C.,Platino,False,True,True,250,151,70023.0,46,17,8,False
22785,Colombia,Montería,Bronce,False,False,True,3,1,510.0,27,3,10,True
22786,México,—,Bronce,False,False,False,0,0,0.0,60,7,8,False
22787,Colombia,Bogotá D.C.,Platino,False,False,True,61,50,24377.0,26,2,8,True
22788,Colombia,Pereira,Bronce,False,False,True,0,0,0.0,12,5,4,True
22789,Colombia,Villavicencio,Bronce,True,False,True,1,0,0.0,62,1,10,True
22790,Ecuador,—,Bronce,False,True,True,6,4,2763.0,50,23,7,False
22791,Colombia,Pereira,Bronce,True,True,True,5,3,1250.0,8,1,6,True
22792,Colombia,Barranquilla,Bronce,False,True,True,1,0,0.0,23,3,2,True
22793,Colombia,Bogotá D.C.,Bronce,True,False,True,4,2,644.0,22,13,8,False
22794,Perú,—,Bronce,False,False,True,0,0,0.0,28,3,6,True
22795,Colombia,Medellín,Bronce,False,True,False,2,1,598.0,38,6,7,True
22796,México,—,Bronce,True,False,True,1,0,0.0,6,0,3,True
22797,México,—,Bronce,False,False,True,0,0,0.0,64,22,2,False
22798,Colombia,Bogotá D.C.,Bronce,True,False,True,4,3,1887.0,8,7,7,False
22799,México,—,Bronce,False,True,True,1,0,0.0,27,7,8,False
22800,México,—,Bronce,True,False,True,0,0,0.0,46,5,4,True
22801,Colombia,Bogotá D.C.,Bronce,True,True,False,0,0,0.0,22,6,7,True
22802,Colombia,Popayán,Bronce,True,False,True,0,0,0.0,17,13,8,False
22803,Colombia,Otras ciudades,Bronce,False,True,True,1,0,0.0,32,4,6,True
22804,Colombia,Bogotá D.C.,Bronce,True,False,True,0,0,0.0,53,1,7,True
22805,Colombia,Bogotá D.C.,Bronce,True,True,True,6,5,3228.0,4,1,7,True
22806,México,—,Bronce,False,True,True,5,4,1853.0,14,29,9,False
22807,Colombia,Bogotá D.C.,Bronce,True,False,True,2,1,548.0,17,8,9,False
22808,Colombia,Ibagué,Bronce,False,True,True,1,0,0.0,8,3,8,True
22809,Colombia,Pereira,Bronce,True,False,True,0,0,0.0,37,1,8,True
22810,México,—,Bronce,True,False,True,6,4,1965.0,8,10,8,False
22811,Colombia,Ibagué,Bronce,False,False,True,0,0,0.0,62,4,6,True
22812,Colombia,Bogotá D.C.,Bronce,False,True,False,0,0,0.0,23,3,7,True
22813,México,—,Bronce,False,False,True,5,2,1155.0,38,2,8,True
22814,Colombia,Otras ciudades,Plata,False,True,True,12,9,3460.0,21,1,9,True
22815,Ecuador,—,Bronce,True,True,True,0,0,0.0,14,1,10,True
22816,Colombia,Bucaramanga,Plata,False,True,True,21,13,4908.0,25,2,8,True
22817,Colombia,Bogotá D.C.,Bronce,True,True,False,0,0,0.0,28,8,9,False
22818,Colombia,Bogotá D.C.,Plata,False,False,True,12,9,5469.0,41,3,4,True
22819,Ecuador,—,Bronce,False,False,True,1,0,0.0,32,6,7,True
22820,Colombia,Bogotá D.C.,Bronce,True,False,True,0,0,0.0,11,18,8,False
22821,Uruguay,—,Bronce,False,False,True,0,0,0.0,20,0,7,True
22822,Colombia,Cúcuta,Bronce,False,False,False,1,0,0.0,28,6,6,True
22823,México,—,Bronce,True,True,True,0,0,0.0,45,4,10,True
22824,Colombia,Pereira,Bronce,True,True,True,1,0,0.0,8,3,7,True
22825,Colombia,Otras ciudades,Bronce,True,True,True,2,1,461.0,30,4,5,True
22826,Perú,—,Bronce,False,False,True,3,2,1029.0,43,3,9,True
22827,Chile,—,Bronce,False,False,False,4,3,1521.0,40,1,4,True
22828,Colombia,Armenia,Bronce,False,False,True,1,0,0.0,1,4,9,True
22829,Colombia,Cali,Bronce,True,True,True,0,0,0.0,10,5,9,True
22830,Colombia,Medellín,Bronce,False,False,True,2,1,526.0,15,3,6,True
22831,Colombia,Bogotá D.C.,Bronce,True,False,True,0,0,0.0,45,1,6,True
22832,Colombia,Bogotá D.C.,Bronce,False,False,True,0,0,0.0,35,4,5,True
22833,México,—,Bronce,True,True,True,1,0,0.0,11,2,5,True
22834,Colombia,Cali,Bronce,False,False,False,1,0,0.0,18,7,4,False
22835,Colombia,Bogotá D.C.,Bronce,True,True,True,2,1,486.0,74,9,6,False
22836,Colombia,Bucaramanga,Bronce,True,False,True,0,0,0.0,11,6,6,True
22837,Colombia,Medellín,Bronce,False,True,True,5,3,1029.0,15,2,9,True
22838,Colombia,Bogotá D.C.,Bronce,False,True,True,0,0,0.0,10,5,4,True
22839,Colombia,Bogotá D.C.,Bronce,False,False,True,6,5,1325.0,10,9,8,False
22840,Uruguay,—,Bronce,False,False,True,0,0,0.0,96,4,8,True
22841,Colombia,Bogotá D.C.,Bronce,True,False,True,4,3,1670.0,40,4,8,True
22842,Ecuador,—,Bronce,False,False,True,1,0,0.0,26,6,5,True
22843,Colombia,Bogotá D.C.,Bronce,False,False,True,0,0,0.0,14,0,10,True
22844,Colombia,Barranquilla,Bronce,False,False,True,1,0,0.0,14,5,10,True
22845,Colombia,Ibagué,Bronce,False,False,False,0,0,0.0,16,0,6,True
22846,Colombia,Otras ciudades,Bronce,False,False,True,0,0,0.0,50,9,7,False
22847,México,—,Bronce,True,True,True,2,1,569.0,29,3,7,True
22848,Colombia,Cartagena,Bronce,False,False,True,0,0,0.0,39,4,8,True
22849,Colombia,Bogotá D.C.,Bronce,True,False,False,2,1,418.0,52,3,7,True
22850,México,—,Plata,False,False,True,11,8,3512.0,26,5,6,True
22851,Colombia,Cali,Bronce,False,True,True,5,4,2479.0,9,12,9,False
22852,Colombia,Bogotá D.C.,Bronce,False,False,True,0,0,0.0,24,1,7,True
22853,México,—,Bronce,False,False,True,0,0,0.0,29,0,9,True
22854,Ecuador,—,Bronce,True,False,True,5,3,1840.0,10,5,9,True
22855,Perú,—,Bronce,True,False,True,0,0,0.0,89,3,8,True
22856,Colombia,Cali,Bronce,True,True,True,2,1,590.0,4,12,9,False
22857,México,—,Bronce,False,True,True,1,0,0.0,13,4,6,True
22858,Colombia,Bogotá D.C.,Plata,False,False,True,10,6,3756.0,39,11,10,False
22859,Colombia,Villavicencio,Bronce,True,False,True,5,4,2037.0,61,10,6,False
22860,México,—,Bronce,False,True,False,6,4,2331.0,20,15,3,False
22861,Colombia,Pasto,Bronce,False,True,True,0,0,0.0,24,17,8,False
22862,Colombia,Bogotá D.C.,Platino,False,False,True,107,65,30911.0,19,4,6,True
22863,Colombia,Bogotá D.C.,Bronce,True,True,False,1,0,0.0,8,6,7,True
22864,Colombia,Otras ciudades,Oro,True,True,True,33,28,9151.0,24,3,5,True
22865,Colombia,Bogotá D.C.,Bronce,True,False,False,4,3,1021.0,9,4,10,True
22866,Colombia,Manizales,Bronce,True,False,True,5,4,1484.0,20,9,8,False
22867,Colombia,Neiva,Bronce,True,False,False,3,1,393.0,6,6,6,True
22868,Colombia,Barranquilla,Bronce,False,False,False,2,1,517.0,57,4,4,True
22869,Colombia,Cartagena,Bronce,False,True,True,4,2,903.0,16,1,3,True
22870,Colombia,Bogotá D.C.,Bronce,False,False,True,3,2,916.0,35,8,6,False
22871,México,—,Bronce,True,False,True,0,0,0.0,31,3,3,True
22872,Ecuador,—,Bronce,False,False,True,2,1,652.0,31,5,9,True
22873,Uruguay,—,Bronce,False,False,False,0,0,0.0,25,11,5,False
22874,Colombia,Cali,Bronce,True,False,False,0,0,0.0,8,12,1,False
22875,Colombia,Cali,Bronce,True,False,True,2,1,617.0,24,13,7,False
22876,México,—,Bronce,True,False,False,7,5,2571.0,17,9,8,False
22877,Colombia,Bogotá D.C.,Bronce,True,True,False,0,0,0.0,29,4,10,True
22878,Colombia,Cartagena,Bronce,True,False,True,3,2,976.0,20,17,5,False
22879,México,—,Bronce,False,False,False,0,0,0.0,18,10,6,False
22880,Colombia,Manizales,Bronce,True,True,True,1,0,0.0,23,1,6,True
22881,Colombia,Bogotá D.C.,Plata,False,False,True,10,6,1692.0,18,5,8,True
22882,Uruguay,—,Bronce,False,True,True,1,0,0.0,3,2,6,True
22883,México,—,Bronce,False,True,True,0,0,0.0,50,8,10,False
22884,Colombia,Pasto,Plata,False,False,True,8,5,3077.0,22,5,6,True
22885,Uruguay,—,Bronce,True,True,True,6,4,2315.0,8,8,10,False
22886,Ecuador,—,Bronce,True,False,True,1,0,0.0,56,4,9,True
22887,Chile,—,Bronce,False,False,True,0,0,0.0,20,2,7,True
22888,Uruguay,—,Bronce,True,False,False,6,4,1479.0,51,4,9,True
22889,México,—,Bronce,False,False,True,1,0,0.0,38,1,5,True
22890,Colombia,Ibagué,Bronce,False,False,True,0,0,0.0,42,9,10,False
22891,Colombia,Pasto,Bronce,False,True,True,1,0,0.0,33,3,5,True
22892,Colombia,Bogotá D.C.,Bronce,True,False,True,1,0,0.0,120,0,6,True
22893,Colombia,Pasto,Bronce,False,False,True,2,1,426.0,35,2,9,True
22894,Ecuador,—,Plata,False,False,True,12,10,4551.0,16,8,8,False
22895,Perú,—,Bronce,False,False,True,0,0,0.0,17,7,9,False
22896,Uruguay,—,Bronce,True,False,True,0,0,0.0,13,10,10,False
22897,Colombia,Cali,Bronce,True,False,False,1,0,0.0,87,6,10,True
22898,Colombia,Bogotá D.C.,Bronce,True,False,False,7,5,2884.0,14,0,6,True
22899,Colombia,Bogotá D.C.,Bronce,True,True,True,1,0,0.0,36,1,10,True
22900,Colombia,Cartagena,Bronce,True,False,True,0,0,0.0,39,4,8,True
22901,Colombia,Cali,Bronce,False,False,False,5,3,1496.0,36,2,6,True
22902,Colombia,Bogotá D.C.,Bronce,False,False,False,0,0,0.0,18,4,5,True
22903,Chile,—,Bronce,False,False,True,1,0,0.0,48,5,10,True
22904,Colombia,Medellín,Plata,True,False,True,9,7,4134.0,9,6,1,True
22905,Colombia,Otras ciudades,Bronce,True,False,True,0,0,0.0,9,16,8,False
22906,Colombia,Bucaramanga,Bronce,True,False,True,0,0,0.0,92,0,9,True
22907,México,—,Bronce,True,False,True,1,0,0.0,24,1,9,True
22908,México,—,Bronce,False,True,True,4,2,933.0,15,2,10,True
22909,Ecuador,—,Bronce,False,True,True,3,1,538.0,58,1,8,True
22910,México,—,Bronce,False,False,True,1,0,0.0,6,4,9,True
22911,Colombia,Cúcuta,Bronce,False,False,True,0,0,0.0,37,9,7,False
22912,Uruguay,—,Plata,True,False,True,20,14,9039.0,81,4,6,True
22913,México,—,Bronce,False,False,False,2,1,737.0,23,7,8,False
22914,Colombia,Montería,Bronce,True,True,False,0,0,0.0,30,3,4,True
22915,Colombia,Bogotá D.C.,Bronce,False,False,True,1,0,0.0,19,3,7,True
22916,Chile,—,Bronce,True,False,True,0,0,0.0,84,12,3,False
22917,Colombia,Villavicencio,Bronce,False,False,True,1,0,0.0,14,4,4,True
22918,Colombia,Bogotá D.C.,Bronce,True,False,True,1,0,0.0,9,9,8,False
22919,Perú,—,Bronce,False,True,False,2,1,477.0,27,0,9,True
22920,Colombia,Bogotá D.C.,Plata,True,False,True,13,11,5544.0,29,5,7,True
22921,Colombia,Otras ciudades,Bronce,False,False,True,2,1,334.0,50,2,4,True
22922,Colombia,Bogotá D.C.,Bronce,False,False,True,2,1,619.0,6,11,9,False
22923,México,—,Bronce,False,False,True,7,6,2792.0,31,7,10,False
22924,Colombia,Medellín,Plata,True,False,True,10,6,3688.0,49,3,8,True
22925,Colombia,Cali,Bronce,True,False,False,0,0,0.0,23,1,9,True
22926,Colombia,Cali,Bronce,True,False,True,1,0,0.0,12,3,6,True
22927,Colombia,Cali,Bronce,True,False,True,1,0,0.0,32,3,8,True
22928,Colombia,Cartagena,Bronce,False,True,True,2,1,594.0,34,2,7,True
22929,Colombia,Bogotá D.C.,Bronce,True,False,True,1,0,0.0,26,3,7,True
22930,Ecuador,—,Bronce,False,False,True,2,1,617.0,16,5,10,True
22931,Colombia,Bogotá D.C.,Bronce,True,False,True,3,2,991.0,4,3,10,True
22932,Colombia,Pereira,Bronce,True,False,False,1,0,0.0,15,1,6,True
22933,Colombia,Bogotá D.C.,Bronce,True,False,True,1,0,0.0,25,5,6,True
22934,Colombia,Valledupar,Bronce,True,False,True,3,2,724.0,34,6,10,True
22935,Colombia,Barranquilla,Bronce,True,False,True,5,3,1733.0,42,13,10,False
22936,Colombia,Santa Marta,Bronce,False,True,True,4,3,1274.0,68,7,10,False
22937,Colombia,Cali,Bronce,True,False,False,0,0,0.0,45,0,7,True
22938,México,—,Bronce,False,True,True,2,1,553.0,21,0,7,True
22939,Colombia,Medellín,Bronce,True,True,True,4,3,1423.0,17,12,7,False
22940,Colombia,Bogotá D.C.,Bronce,True,True,False,3,2,873.0,4,10,10,False
22941,Colombia,Bogotá D.C.,Bronce,False,False,True,0,0,0.0,29,4,7,True
22942,México,—,Bronce,False,False,True,1,0,0.0,14,11,6,False
22943,Colombia,Cartagena,Bronce,False,True,True,2,1,302.0,37,3,9,True
22944,Chile,—,Bronce,False,False,False,0,0,0.0,1,3,5,True
22945,Colombia,Bogotá D.C.,Plata,True,False,True,20,15,7979.0,17,3,8,True
22946,Colombia,Bogotá D.C.,Bronce,True,True,True,3,2,815.0,27,1,7,True
22947,Colombia,Santa Marta,Bronce,True,False,True,0,0,0.0,15,2,7,True
22948,Uruguay,—,Bronce,True,False,True,7,4,1505.0,29,3,10,True
22949,Colombia,Cartagena,Bronce,False,True,False,0,0,0.0,7,7,7,False
22950,México,—,Bronce,False,False,True,2,1,356.0,30,5,7,True
22951,Ecuador,—,Bronce,False,False,True,1,0,0.0,12,13,7,False
22952,México,—,Oro,False,True,True,45,33,10317.0,44,5,7,True
22953,México,—,Bronce,True,True,True,5,4,2982.0,5,3,7,True
22954,Colombia,Otras ciudades,Bronce,True,False,True,1,0,0.0,22,8,8,False
22955,Colombia,Bogotá D.C.,Bronce,False,False,True,7,6,3663.0,38,5,10,True
22956,México,—,Bronce,False,False,True,0,0,0.0,86,14,8,False
22957,Colombia,Otras ciudades,Bronce,False,False,True,3,1,678.0,17,3,10,True
22958,Colombia,Bogotá D.C.,Bronce,True,False,True,0,0,0.0,3,1,7,True
22959,Colombia,Bogotá D.C.,Bronce,True,False,True,2,1,455.0,26,4,8,True
22960,Colombia,Cúcuta,Bronce,True,False,True,2,1,456.0,47,5,10,True
22961,México,—,Bronce,False,True,True,0,0,0.0,79,19,10,False
22962,Colombia,Bogotá D.C.,Bronce,True,False,True,1,0,0.0,43,0,8,True
22963,México,—,Bronce,True,False,True,2,1,433.0,40,4,5,True
22964,Colombia,Bogotá D.C.,Bronce,False,False,True,0,0,0.0,5,10,5,False
22965,Colombia,Bogotá D.C.,Bronce,False,False,True,3,2,1081.0,39,1,10,True
22966,Colombia,Manizales,Plata,False,True,True,12,8,5221.0,14,2,9,True
22967,Colombia,Barranquilla,Bronce,True,True,True,0,0,0.0,4,4,7,True
22968,México,—,Plata,True,False,True,11,7,4017.0,40,3,6,True
22969,Colombia,Otras ciudades,Plata,False,True,False,14,11,5242.0,34,2,9,True
22970,Colombia,Bogotá D.C.,Bronce,False,False,False,1,0,0.0,12,4,9,True
22971,Uruguay,—,Bronce,True,False,True,2,1,607.0,10,10,10,False
22972,Colombia,Cali,Bronce,False,True,True,0,0,0.0,26,3,6,True
22973,México,—,Bronce,True,False,True,7,5,1877.0,25,15,10,False
22974,Colombia,Villavicencio,Bronce,False,False,False,0,0,0.0,31,7,10,False
22975,Colombia,Neiva,Bronce,False,False,False,6,3,1683.0,58,6,9,True
22976,México,—,Bronce,True,True,True,1,0,0.0,25,9,10,False
22977,Colombia,Bogotá D.C.,Bronce,False,False,True,0,0,0.0,18,26,6,False
22978,Colombia,Bucaramanga,Plata,True,True,True,8,6,3375.0,20,18,6,False
22979,México,—,Bronce,True,False,True,4,2,753.0,24,11,9,False
22980,Colombia,Cartagena,Bronce,False,False,True,3,1,352.0,28,1,8,True
22981,Colombia,Manizales,Plata,True,True,True,20,16,10675.0,28,1,9,True
22982,Colombia,Bogotá D.C.,Bronce,False,True,False,1,0,0.0,29,6,7,True
22983,Ecuador,—,Oro,True,False,True,33,21,11068.0,34,1,7,True
22984,Colombia,Barranquilla,Plata,False,False,True,13,7,4578.0,28,5,6,True
22985,Ecuador,—,Bronce,False,True,True,4,2,629.0,22,4,8,True
22986,Colombia,Otras ciudades,Bronce,True,False,True,3,2,828.0,60,2,5,True
22987,Colombia,Armenia,Bronce,True,True,True,0,0,0.0,19,2,10,True
22988,Perú,—,Plata,False,False,False,8,5,2274.0,42,29,5,False
22989,Colombia,Bogotá D.C.,Bronce,False,False,True,0,0,0.0,30,2,7,True
22990,Colombia,Bogotá D.C.,Bronce,True,False,True,1,0,0.0,40,3,10,True
22991,México,—,Bronce,True,False,True,1,0,0.0,15,4,5,True
22992,Perú,—,Bronce,True,False,True,5,4,2181.0,8,6,6,True
22993,México,—,Bronce,True,True,True,1,0,0.0,13,19,6,False
22994,Perú,—,Bronce,False,False,True,7,5,2815.0,20,8,7,False
22995,Colombia,Pereira,Bronce,False,False,True,0,0,0.0,2,0,9,True
22996,Colombia,Bucaramanga,Bronce,False,False,False,0,0,0.0,15,0,7,True
22997,Colombia,Otras ciudades,Bronce,False,True,False,0,0,0.0,8,12,6,False
22998,México,—,Bronce,True,False,False,6,4,2130.0,5,15,9,False
22999,Perú,—,Bronce,True,False,False,3,1,600.0,18,7,4,False
23000,Colombia,Medellín,Plata,True,False,True,19,12,6937.0,35,3,10,True
23001,Colombia,Bogotá D.C.,Bronce,True,False,True,0,0,0.0,9,9,3,False
23002,Colombia,Bogotá D.C.,Bronce,False,False,True,0,0,0.0,6,4,7,True
23003,Colombia,Bogotá D.C.,Bronce,False,False,True,0,0,0.0,12,4,10,True
23004,Colombia,Medellín,Bronce,False,False,True,4,2,652.0,8,1,6,True
23005,Colombia,Manizales,Bronce,False,False,True,7,5,2918.0,20,1,7,True
23006,Colombia,Bogotá D.C.,Bronce,False,False,True,0,0,0.0,19,4,8,True
23007,Colombia,Medellín,Bronce,True,False,True,3,2,1237.0,119,17,7,False
23008,Colombia,Sincelejo,Bronce,True,False,False,3,2,892.0,32,20,10,False
23009,Perú,—,Plata,True,True,True,15,13,7779.0,13,6,7,True
23010,Colombia,Sincelejo,Platino,False,False,True,67,52,21430.0,22,3,6,True
23011,Colombia,Villavicencio,Bronce,False,True,False,2,1,419.0,15,4,7,True
23012,Colombia,Bogotá D.C.,Bronce,False,False,True,0,0,0.0,48,4,9,True
23013,Colombia,Bucaramanga,Bronce,True,False,False,1,0,0.0,19,6,5,True
23014,Ecuador,—,Bronce,True,True,True,0,0,0.0,30,5,10,True
23015,Colombia,Medellín,Bronce,False,False,False,3,2,967.0,6,14,5,False
23016,Chile,—,Bronce,True,False,False,0,0,0.0,20,1,7,True
23017,México,—,Bronce,False,False,True,1,0,0.0,12,2,9,True
23018,México,—,Bronce,False,False,True,2,1,426.0,61,3,9,True
23019,Colombia,Medellín,Bronce,True,True,False,6,5,2347.0,37,12,7,False
23020,Colombia,Villavicencio,Bronce,False,False,True,7,5,2667.0,38,5,4,True
23021,Colombia,Otras ciudades,Bronce,True,True,True,0,0,0.0,72,1,9,True
23022,Colombia,Pereira,Bronce,False,False,True,0,0,0.0,25,9,9,False
23023,Colombia,Cali,Bronce,False,True,True,0,0,0.0,6,1,4,True
23024,Colombia,Medellín,Bronce,True,False,True,2,1,724.0,6,2,8,True
23025,México,—,Bronce,True,False,True,2,1,716.0,67,10,7,False
23026,Uruguay,—,Bronce,True,False,True,0,0,0.0,31,1,8,True
23027,Colombia,Bogotá D.C.,Bronce,False,False,True,0,0,0.0,36,10,9,False
23028,Colombia,Medellín,Bronce,True,False,False,0,0,0.0,28,4,6,True
23029,Colombia,Barranquilla,Bronce,False,True,True,1,0,0.0,27,10,3,False
23030,Colombia,Bogotá D.C.,Bronce,False,False,True,0,0,0.0,30,18,6,False
23031,Colombia,Cartagena,Bronce,False,False,False,1,0,0.0,49,0,8,True
23032,Colombia,Cali,Bronce,False,True,True,3,2,926.0,15,2,10,True
23033,Ecuador,—,Bronce,False,False,True,4,3,1012.0,27,6,5,True
23034,Colombia,Barranquilla,Bronce,False,True,True,5,3,1179.0,38,10,7,False
23035,Colombia,Bogotá D.C.,Bronce,False,False,True,0,0,0.0,23,5,5,True
23036,Colombia,Cartagena,Bronce,False,False,True,0,0,0.0,17,5,9,True
23037,Colombia,Bogotá D.C.,Bronce,True,True,True,2,1,496.0,2,6,8,True
23038,México,—,Plata,True,False,False,11,7,4024.0,33,6,3,True
23039,Colombia,Medellín,Bronce,True,False,False,4,3,1447.0,49,4,8,True
23040,Colombia,Bogotá D.C.,Plata,False,False,True,18,16,10087.0,47,2,9,True
23041,Colombia,Santa Marta,Bronce,True,False,True,0,0,0.0,11,4,7,True
23042,Colombia,Barranquilla,Bronce,False,False,False,0,0,0.0,9,1,8,True
23043,Colombia,Medellín,Bronce,True,False,False,0,0,0.0,44,7,9,False
23044,Perú,—,Plata,False,False,True,18,12,5948.0,34,2,6,True
23045,Colombia,Ibagué,Bronce,False,False,False,1,0,0.0,19,14,7,False
23046,Ecuador,—,Bronce,False,False,True,0,0,0.0,31,3,8,True
23047,México,—,Bronce,True,False,True,0,0,0.0,16,14,8,False
23048,Colombia,Cali,Bronce,True,True,True,0,0,0.0,14,9,7,False
23049,Colombia,Ibagué,Bronce,True,True,True,3,2,1071.0,17,14,8,False
23050,Colombia,Popayán,Bronce,True,False,True,4,3,1373.0,13,3,7,True
23051,Colombia,Bogotá D.C.,Bronce,False,True,False,1,0,0.0,11,3,7,True
23052,Colombia,Bogotá D.C.,Bronce,True,False,True,6,4,1271.0,28,3,10,True
23053,Colombia,Bogotá D.C.,Bronce,True,False,True,0,0,0.0,13,6,8,True
23054,Colombia,Valledupar,Bronce,False,False,True,0,0,0.0,8,3,8,True
23055,Ecuador,—,Bronce,False,True,False,0,0,0.0,3,4,9,True
23056,Colombia,Pasto,Bronce,True,False,True,2,1,600.0,7,9,5,False
23057,México,—,Platino,True,True,False,302,275,113498.0,17,4,9,True
23058,Colombia,Bogotá D.C.,Bronce,False,False,True,1,0,0.0,28,2,7,True
23059,Colombia,Bogotá D.C.,Bronce,True,False,True,0,0,0.0,10,21,5,False
23060,México,—,Bronce,False,True,False,1,0,0.0,45,0,7,True
23061,Colombia,Otras ciudades,Bronce,True,False,True,1,0,0.0,114,6,10,True
23062,México,—,Plata,True,False,True,9,7,4118.0,7,6,6,True
23063,Colombia,Bogotá D.C.,Bronce,False,True,True,0,0,0.0,102,4,6,True
23064,Colombia,Bogotá D.C.,Bronce,True,False,True,0,0,0.0,45,0,3,True
23065,México,—,Bronce,False,False,False,1,0,0.0,41,5,9,True
23066,Colombia,Bogotá D.C.,Bronce,True,False,True,5,3,1694.0,9,6,9,True
23067,Ecuador,—,Bronce,False,False,True,2,1,597.0,6,8,9,False
23068,Colombia,Pasto,Bronce,False,True,True,0,0,0.0,56,3,6,True
23069,México,—,Bronce,False,True,True,2,1,431.0,43,0,5,True
23070,Uruguay,—,Plata,False,False,False,10,5,2138.0,15,16,10,False
23071,Perú,—,Bronce,False,False,True,0,0,0.0,38,3,9,True
23072,Colombia,Medellín,Bronce,False,False,True,5,4,1642.0,5,1,6,True
23073,Ecuador,—,Bronce,False,True,True,1,0,0.0,15,3,6,True
23074,México,—,Bronce,True,False,False,5,3,1649.0,25,8,10,False
23075,Ecuador,—,Bronce,False,False,True,4,2,610.0,14,2,8,True
23076,Colombia,Bogotá D.C.,Bronce,True,False,True,2,1,421.0,19,5,10,True
23077,México,—,Bronce,False,True,True,1,0,0.0,53,4,5,True
23078,Colombia,Bogotá D.C.,Bronce,False,False,True,4,2,960.0,25,2,9,True
23079,Perú,—,Bronce,True,False,False,7,5,2164.0,45,4,6,True
23080,Colombia,Bogotá D.C.,Bronce,True,False,True,2,1,596.0,16,7,9,False
23081,Ecuador,—,Bronce,False,True,False,0,0,0.0,9,1,8,True
23082,Colombia,Medellín,Bronce,True,False,True,3,2,1227.0,32,6,7,True
23083,Colombia,Bogotá D.C.,Bronce,False,False,True,0,0,0.0,12,6,7,True
23084,Colombia,Barranquilla,Oro,True,False,False,32,19,10598.0,53,8,7,False
23085,Colombia,Medellín,Bronce,True,False,True,5,3,1612.0,40,1,7,True
23086,Ecuador,—,Bronce,False,False,True,0,0,0.0,12,19,7,False
23087,Colombia,Bogotá D.C.,Bronce,True,True,True,2,1,559.0,3,2,6,True
23088,Colombia,Medellín,Bronce,False,False,True,1,0,0.0,19,5,10,True
23089,Colombia,Bogotá D.C.,Bronce,False,False,True,1,0,0.0,35,5,6,True
23090,Colombia,Medellín,Bronce,True,True,True,4,3,1271.0,7,1,6,True
23091,Colombia,Sincelejo,Plata,False,False,True,9,8,4155.0,53,12,6,False
23092,Colombia,Bogotá D.C.,Plata,False,False,True,19,17,8527.0,19,1,8,True
23093,Colombia,Medellín,Bronce,False,False,False,0,0,0.0,18,21,10,False
23094,Colombia,Cali,Bronce,True,True,True,1,0,0.0,18,8,10,False
23095,Colombia,Bogotá D.C.,Plata,True,False,True,13,10,4169.0,11,16,6,False
23096,México,—,Plata,False,False,True,10,9,3988.0,26,8,7,False
23097,México,—,Bronce,False,True,True,3,2,865.0,31,10,9,False
23098,Colombia,Medellín,Oro,True,False,True,27,24,9445.0,37,6,10,True
23099,Colombia,Medellín,Bronce,True,True,False,0,0,0.0,33,12,5,False
23100,México,—,Bronce,True,False,False,0,0,0.0,2,17,9,False
23101,Colombia,Bogotá D.C.,Plata,True,True,True,14,10,4631.0,10,10,7,False
23102,Ecuador,—,Bronce,True,False,False,5,3,1195.0,14,5,5,True
23103,Colombia,Cali,Bronce,False,False,True,7,6,4260.0,52,4,8,True
23104,Colombia,Otras ciudades,Bronce,False,False,True,5,4,1942.0,83,6,10,True
23105,Ecuador,—,Plata,False,False,True,13,10,5150.0,10,1,6,True
23106,México,—,Bronce,True,False,False,2,1,567.0,27,11,7,False
23107,Colombia,Medellín,Bronce,False,False,True,0,0,0.0,32,0,6,True
23108,Ecuador,—,Bronce,False,True,True,1,0,0.0,116,9,9,False
23109,México,—,Bronce,True,False,True,1,0,0.0,49,11,9,False
23110,Chile,—,Bronce,True,False,True,0,0,0.0,47,0,9,True
23111,Ecuador,—,Bronce,True,False,True,1,0,0.0,24,4,7,True
23112,México,—,Bronce,False,False,False,0,0,0.0,19,5,7,True
23113,Colombia,Medellín,Bronce,False,True,True,0,0,0.0,24,9,5,False
23114,México,—,Bronce,True,True,True,3,2,1146.0,49,7,10,False
23115,Colombia,Bogotá D.C.,Bronce,False,True,True,2,1,425.0,25,7,9,False
23116,Colombia,Bogotá D.C.,Bronce,True,False,True,4,3,1492.0,16,3,6,True
23117,Ecuador,—,Plata,False,False,True,21,15,5828.0,51,5,4,True
23118,Colombia,Villavicencio,Plata,True,False,True,13,9,5489.0,33,1,5,True
23119,Colombia,Cartagena,Bronce,False,False,True,3,2,1275.0,16,9,8,False
23120,Colombia,Barranquilla,Plata,True,False,True,22,13,4974.0,6,1,9,True
23121,México,—,Bronce,False,True,True,2,1,624.0,11,5,6,True
23122,Colombia,Bogotá D.C.,Bronce,False,False,True,0,0,0.0,15,30,7,False
23123,Colombia,Bogotá D.C.,Bronce,True,False,False,0,0,0.0,21,10,10,False
23124,México,—,Bronce,True,True,True,1,0,0.0,24,2,10,True
23125,Colombia,Pasto,Bronce,False,False,True,2,1,553.0,10,5,6,True
23126,Ecuador,—,Bronce,False,False,True,4,2,905.0,7,3,10,True
23127,Colombia,Barranquilla,Plata,False,False,False,13,11,6078.0,75,16,5,False
23128,Ecuador,—,Bronce,True,True,True,0,0,0.0,42,15,8,False
23129,Colombia,Popayán,Bronce,True,False,True,0,0,0.0,4,7,5,False
23130,Colombia,Manizales,Bronce,True,False,False,6,3,1365.0,5,3,10,True
23131,Colombia,Cali,Plata,True,False,True,24,14,6710.0,5,1,5,True
23132,Ecuador,—,Bronce,False,True,True,1,0,0.0,6,8,8,False
23133,Colombia,Pasto,Bronce,False,False,True,3,2,1223.0,13,7,9,False
23134,Colombia,Medellín,Bronce,False,True,True,6,3,1217.0,8,19,6,False
23135,Colombia,Otras ciudades,Bronce,True,False,True,0,0,0.0,8,2,10,True
23136,México,—,Plata,True,False,False,18,14,7522.0,64,3,7,True
23137,Uruguay,—,Bronce,False,False,True,0,0,0.0,96,1,6,True
23138,Colombia,Medellín,Bronce,True,True,True,3,2,1208.0,19,8,7,False
23139,Colombia,Otras ciudades,Bronce,True,False,False,2,1,544.0,75,2,8,True
23140,Colombia,Bogotá D.C.,Bronce,False,False,False,0,0,0.0,14,5,5,True
23141,Colombia,Medellín,Bronce,False,True,False,0,0,0.0,7,5,6,True
23142,Colombia,Medellín,Bronce,False,False,True,3,1,590.0,23,10,10,False
23143,Chile,—,Bronce,True,False,True,5,3,2148.0,32,3,8,True
23144,Colombia,Barranquilla,Bronce,False,False,False,0,0,0.0,27,13,7,False
23145,Colombia,Barranquilla,Bronce,False,False,True,1,0,0.0,19,13,4,False
23146,Colombia,Bogotá D.C.,Bronce,True,True,False,0,0,0.0,41,0,7,True
23147,Colombia,Bucaramanga,Bronce,False,False,True,2,1,543.0,39,22,10,False
23148,México,—,Bronce,False,False,True,2,1,390.0,36,2,8,True
23149,Colombia,Barranquilla,Bronce,False,True,False,2,1,780.0,18,8,10,False
23150,Perú,—,Bronce,True,False,True,1,0,0.0,13,4,9,True
23151,Colombia,Cali,Bronce,True,False,False,3,2,1026.0,31,11,7,False
23152,Colombia,Cartagena,Bronce,False,False,True,0,0,0.0,18,4,9,True
23153,México,—,Bronce,False,False,True,1,0,0.0,8,13,6,False
23154,Perú,—,Bronce,False,True,True,1,0,0.0,8,14,7,False
23155,México,—,Bronce,True,True,False,3,1,657.0,4,2,10,True
23156,Colombia,Bogotá D.C.,Bronce,False,False,True,7,6,3383.0,26,8,4,False
23157,Colombia,Bogotá D.C.,Plata,True,False,True,19,16,6077.0,30,11,4,False
23158,Perú,—,Oro,True,False,True,46,30,15449.0,12,5,6,True
23159,Colombia,Bogotá D.C.,Bronce,True,False,True,0,0,0.0,10,2,4,True
23160,Colombia,Bucaramanga,Bronce,True,False,False,4,3,1588.0,32,4,8,True
23161,Colombia,Medellín,Bronce,False,False,False,7,5,2456.0,20,6,6,True
23162,México,—,Bronce,True,True,True,1,0,0.0,26,8,7,False
23163,Colombia,Bogotá D.C.,Bronce,True,False,True,0,0,0.0,19,6,10,True
23164,Ecuador,—,Bronce,False,False,True,0,0,0.0,12,7,6,False
23165,Perú,—,Bronce,False,False,True,0,0,0.0,14,3,6,True
23166,Colombia,Medellín,Bronce,True,True,True,3,2,1081.0,12,0,6,True
23167,Colombia,Bucaramanga,Oro,False,False,True,54,31,16463.0,29,3,10,True
23168,Ecuador,—,Bronce,False,False,True,0,0,0.0,21,4,8,True
23169,Colombia,Pereira,Bronce,False,False,True,0,0,0.0,32,2,8,True
23170,Colombia,Otras ciudades,Plata,False,False,True,18,15,4590.0,6,10,7,False
23171,Colombia,Medellín,Bronce,True,False,True,0,0,0.0,8,2,9,True
23172,Colombia,Neiva,Bronce,True,False,True,3,2,1151.0,25,2,8,True
23173,Colombia,Bogotá D.C.,Bronce,False,True,True,0,0,0.0,4,2,4,True
23174,Colombia,Bucaramanga,Bronce,True,False,True,5,2,960.0,67,8,5,False
23175,Uruguay,—,Bronce,True,False,True,2,1,477.0,1,24,9,False
23176,Uruguay,—,Plata,False,False,False,10,9,3544.0,32,8,8,False
23177,Colombia,Montería,Platino,True,False,True,105,69,24264.0,6,2,5,True
23178,México,—,Bronce,True,True,True,7,5,1849.0,11,0,6,True
23179,México,—,Bronce,True,False,False,2,1,206.0,38,1,5,True
23180,Colombia,Cali,Bronce,True,False,True,2,1,515.0,9,3,4,True
23181,Colombia,Cartagena,Bronce,False,False,True,5,2,866.0,46,2,6,True
23182,Colombia,Santa Marta,Bronce,True,False,True,1,0,0.0,2,18,9,False
23183,Ecuador,—,Bronce,False,False,True,0,0,0.0,38,1,9,True
23184,Colombia,Cartagena,Plata,False,False,True,9,7,3432.0,37,4,6,True
23185,Colombia,Bucaramanga,Bronce,False,False,True,0,0,0.0,29,2,5,True
23186,México,—,Bronce,True,False,True,2,1,318.0,47,6,8,True
23187,Ecuador,—,Bronce,True,False,False,0,0,0.0,70,5,5,True
23188,Colombia,Manizales,Bronce,True,False,True,6,4,1864.0,8,4,10,True
23189,Perú,—,Bronce,True,False,True,2,1,271.0,55,0,6,True
23190,Colombia,Medellín,Bronce,False,False,True,6,4,1555.0,50,7,10,False
23191,Colombia,Bogotá D.C.,Bronce,True,True,True,7,5,2866.0,11,11,1,False
23192,Colombia,Bogotá D.C.,Bronce,True,False,True,2,1,634.0,27,1,10,True
23193,México,—,Plata,False,True,True,24,17,7724.0,40,5,4,True
23194,Chile,—,Bronce,False,True,True,1,0,0.0,4,3,10,True
23195,México,—,Bronce,False,False,True,2,1,395.0,7,1,8,True
23196,México,—,Bronce,True,False,True,0,0,0.0,16,6,6,True
23197,Colombia,Bogotá D.C.,Bronce,True,False,True,1,0,0.0,21,3,9,True
23198,México,—,Bronce,False,False,True,0,0,0.0,33,1,5,True
23199,México,—,Bronce,True,False,True,3,2,1222.0,12,2,4,True
23200,México,—,Bronce,False,True,False,0,0,0.0,25,1,9,True
23201,Colombia,Barranquilla,Bronce,True,False,False,0,0,0.0,54,10,3,False
23202,Colombia,Bogotá D.C.,Bronce,True,True,True,0,0,0.0,40,2,8,True
23203,Colombia,Barranquilla,Bronce,True,True,True,2,1,450.0,46,4,6,True
23204,Perú,—,Bronce,True,False,False,0,0,0.0,51,7,10,False
23205,Perú,—,Bronce,False,True,True,0,0,0.0,21,2,2,True
23206,Colombia,Bogotá D.C.,Bronce,False,True,False,3,2,989.0,56,4,9,True
23207,Perú,—,Bronce,True,False,False,0,0,0.0,21,9,10,False
23208,México,—,Bronce,True,True,True,3,2,1400.0,45,5,10,True
23209,Colombia,Bogotá D.C.,Bronce,True,False,False,2,1,552.0,43,8,8,False
23210,Colombia,Barranquilla,Plata,False,False,False,8,4,1626.0,3,8,10,False
23211,Colombia,Armenia,Bronce,True,True,True,2,1,240.0,19,2,7,True
23212,Perú,—,Bronce,False,False,True,0,0,0.0,6,5,5,True
23213,Colombia,Medellín,Bronce,True,False,False,5,3,1885.0,16,1,4,True
23214,Colombia,Pasto,Bronce,False,True,True,1,0,0.0,3,5,7,True
23215,Colombia,Bogotá D.C.,Bronce,False,False,True,3,2,652.0,25,0,6,True
23216,Colombia,Bogotá D.C.,Bronce,True,False,False,0,0,0.0,21,8,7,False
23217,México,—,Bronce,False,False,True,2,1,649.0,11,2,7,True
23218,Colombia,Popayán,Plata,True,False,True,16,14,6804.0,16,0,1,True
23219,México,—,Bronce,True,True,True,4,2,958.0,13,3,2,True
23220,Perú,—,Plata,False,True,True,11,9,5854.0,26,1,8,True
23221,Colombia,Pereira,Bronce,False,False,True,0,0,0.0,5,2,7,True
23222,Ecuador,—,Bronce,True,False,True,7,4,1438.0,18,2,6,True
23223,Colombia,Medellín,Bronce,False,False,True,6,3,1064.0,46,1,10,True
23224,Colombia,Medellín,Bronce,True,True,False,0,0,0.0,19,8,9,False
23225,Chile,—,Bronce,True,False,False,3,2,1224.0,25,4,4,True
23226,Colombia,Villavicencio,Bronce,False,False,False,4,2,1207.0,10,4,6,True
23227,Colombia,Cali,Bronce,False,False,False,0,0,0.0,8,8,8,False
23228,Colombia,Neiva,Bronce,True,True,True,1,0,0.0,43,6,10,True
23229,Ecuador,—,Plata,True,True,True,20,17,6715.0,15,4,9,True
23230,Colombia,Ibagué,Plata,False,True,True,9,5,3331.0,18,4,8,True
23231,Colombia,Bogotá D.C.,Plata,False,True,True,14,12,7015.0,8,0,8,True
23232,Colombia,Medellín,Bronce,False,False,True,3,2,1344.0,4,5,10,True
23233,Perú,—,Plata,False,False,True,14,12,6348.0,22,1,5,True
23234,Colombia,Bogotá D.C.,Bronce,False,True,True,0,0,0.0,68,5,6,True
23235,Colombia,Cali,Bronce,False,False,True,0,0,0.0,11,19,3,False
23236,Chile,—,Bronce,True,False,True,1,0,0.0,14,6,6,True
23237,Colombia,Bogotá D.C.,Bronce,False,False,True,0,0,0.0,56,2,9,True
23238,México,—,Bronce,True,False,True,6,5,2494.0,36,7,10,False
23239,México,—,Bronce,False,False,True,2,1,820.0,12,8,6,False
23240,Colombia,Bogotá D.C.,Bronce,True,False,True,1,0,0.0,37,3,10,True
23241,México,—,Bronce,False,False,True,0,0,0.0,17,3,9,True
23242,México,—,Bronce,False,True,True,0,0,0.0,28,4,9,True
23243,Perú,—,Oro,False,True,True,43,36,16781.0,17,7,9,False
23244,Colombia,Cali,Bronce,False,False,False,0,0,0.0,15,9,8,False
23245,Perú,—,Plata,True,False,False,11,8,3892.0,18,5,6,True
23246,Colombia,Bogotá D.C.,Bronce,False,False,True,1,0,0.0,26,5,5,True
23247,México,—,Bronce,False,False,True,1,0,0.0,38,11,9,False
23248,México,—,Bronce,True,False,True,0,0,0.0,10,7,6,False
23249,México,—,Bronce,False,False,True,2,1,608.0,64,6,8,True
23250,México,—,Bronce,True,False,False,2,1,371.0,48,0,10,True
23251,Perú,—,Bronce,False,False,True,1,0,0.0,24,1,7,True
23252,Colombia,Cartagena,Bronce,True,False,True,0,0,0.0,21,4,10,True
23253,Ecuador,—,Bronce,True,False,True,0,0,0.0,43,14,9,False
23254,Perú,—,Bronce,True,False,True,2,1,413.0,47,10,10,False
23255,México,—,Bronce,True,True,True,5,4,2011.0,14,9,10,False
23256,Ecuador,—,Bronce,True,False,True,3,2,986.0,9,4,9,True
23257,Colombia,Medellín,Bronce,False,True,True,4,2,1070.0,56,7,5,False
23258,Colombia,Barranquilla,Bronce,True,False,False,2,1,555.0,10,1,6,True
23259,Colombia,Cali,Plata,False,False,True,19,11,5519.0,24,16,7,False
23260,Colombia,Montería,Bronce,False,True,False,3,2,1411.0,30,1,10,True
23261,Colombia,Popayán,Bronce,False,True,True,1,0,0.0,37,1,3,True
23262,Ecuador,—,Bronce,True,True,True,0,0,0.0,28,13,6,False
23263,Colombia,Medellín,Bronce,False,True,True,1,0,0.0,46,0,9,True
23264,Colombia,Cali,Plata,True,True,False,10,8,3769.0,23,1,5,True
23265,Perú,—,Bronce,True,False,True,0,0,0.0,11,0,8,True
23266,Colombia,Medellín,Bronce,True,False,True,1,0,0.0,19,3,7,True
23267,Colombia,Bogotá D.C.,Bronce,True,True,True,5,2,455.0,68,8,7,False
23268,Ecuador,—,Plata,False,False,True,8,4,2681.0,7,4,8,True
23269,Colombia,Barranquilla,Bronce,True,True,True,5,3,1723.0,14,4,7,True
23270,Perú,—,Bronce,False,False,True,0,0,0.0,11,12,4,False
23271,Colombia,Bogotá D.C.,Bronce,True,False,True,6,4,1956.0,36,8,9,False
23272,México,—,Bronce,True,False,False,5,4,2255.0,19,2,6,True
23273,México,—,Bronce,False,False,False,1,0,0.0,43,17,9,False
23274,Perú,—,Bronce,True,True,True,3,2,1115.0,34,0,7,True
23275,Chile,—,Bronce,False,False,True,0,0,0.0,9,5,10,True
23276,Perú,—,Bronce,True,True,True,0,0,0.0,32,4,7,True
23277,Colombia,Medellín,Bronce,False,False,True,5,3,1140.0,10,19,9,False
23278,Colombia,Sincelejo,Bronce,False,False,True,0,0,0.0,66,17,8,False
23279,México,—,Bronce,True,False,True,2,1,676.0,26,2,10,True
23280,Colombia,Bogotá D.C.,Bronce,False,True,True,2,1,603.0,2,3,10,True
23281,Colombia,Manizales,Bronce,False,False,True,1,0,0.0,11,2,6,True
23282,México,—,Platino,False,False,False,66,41,22684.0,13,5,5,True
23283,Colombia,Bogotá D.C.,Bronce,True,True,False,3,1,513.0,30,2,4,True
23284,Colombia,Medellín,Plata,False,True,True,24,18,5727.0,20,14,10,False
23285,Colombia,Bucaramanga,Bronce,True,True,True,6,4,2191.0,14,3,6,True
23286,Colombia,Medellín,Bronce,False,True,True,2,1,479.0,12,12,10,False
23287,Colombia,Barranquilla,Oro,True,False,True,42,34,13301.0,53,26,8,False
23288,Colombia,Medellín,Bronce,False,False,True,1,0,0.0,17,6,7,True
23289,Uruguay,—,Bronce,False,False,False,0,0,0.0,2,2,6,True
23290,Colombia,Bucaramanga,Bronce,True,True,True,0,0,0.0,24,8,7,False
23291,Perú,—,Bronce,True,True,True,1,0,0.0,3,0,6,True
23292,México,—,Plata,False,True,False,14,12,5357.0,66,7,9,False
23293,Colombia,Bucaramanga,Bronce,True,False,True,2,1,510.0,85,1,10,True
23294,Perú,—,Platino,False,False,False,125,81,59925.0,17,3,3,True
23295,Colombia,Medellín,Bronce,True,False,True,0,0,0.0,23,11,10,False
23296,Colombia,Bucaramanga,Bronce,False,False,False,3,2,1303.0,3,7,5,False
23297,Ecuador,—,Bronce,False,True,False,2,1,469.0,22,3,9,True
23298,Colombia,Bogotá D.C.,Bronce,False,True,True,0,0,0.0,74,16,10,False
23299,México,—,Bronce,True,False,False,1,0,0.0,6,3,8,True
23300,Colombia,Bogotá D.C.,Plata,False,False,True,12,8,2752.0,17,1,9,True
23301,México,—,Plata,True,True,True,16,12,6007.0,31,5,7,True
23302,Colombia,Bogotá D.C.,Bronce,False,False,True,2,1,468.0,42,1,10,True
23303,Colombia,Cali,Bronce,False,False,True,0,0,0.0,24,4,9,True
23304,Colombia,Otras ciudades,Oro,False,False,True,33,20,10326.0,24,3,6,True
23305,Colombia,Bogotá D.C.,Oro,False,True,True,43,30,16419.0,14,10,9,False
23306,Colombia,Bogotá D.C.,Bronce,False,False,False,0,0,0.0,13,3,9,True
23307,Colombia,Bogotá D.C.,Bronce,False,False,True,6,4,1215.0,8,6,6,True
23308,Colombia,Bucaramanga,Bronce,False,False,True,3,1,486.0,32,8,5,False
23309,Colombia,Bogotá D.C.,Bronce,True,True,True,2,1,524.0,10,2,3,True
23310,Colombia,Bogotá D.C.,Bronce,True,False,True,7,6,2700.0,68,14,7,False
23311,Colombia,Manizales,Bronce,True,False,True,4,2,861.0,16,6,8,True
23312,Colombia,Medellín,Bronce,True,False,True,0,0,0.0,11,4,5,True
23313,Colombia,Medellín,Bronce,True,False,True,1,0,0.0,41,1,7,True
23314,Colombia,Medellín,Bronce,False,False,False,5,4,1746.0,9,2,8,True
23315,Perú,—,Bronce,False,False,True,6,3,1601.0,65,0,5,True
23316,Ecuador,—,Plata,True,False,True,8,4,2024.0,55,4,8,True
23317,México,—,Platino,False,False,True,184,172,77716.0,22,12,8,False
23318,Colombia,Bucaramanga,Bronce,False,False,False,3,2,738.0,21,3,10,True
23319,Chile,—,Bronce,False,False,True,1,0,0.0,18,3,2,True
23320,Colombia,Armenia,Bronce,False,False,True,0,0,0.0,29,7,7,False
23321,Colombia,Medellín,Bronce,False,False,True,0,0,0.0,30,0,6,True
23322,Perú,—,Bronce,True,False,False,5,4,2770.0,11,4,10,True
23323,Colombia,Bogotá D.C.,Plata,False,False,True,20,18,9537.0,7,8,6,False
23324,Colombia,Bogotá D.C.,Plata,False,False,True,20,14,5756.0,35,3,7,True
23325,Colombia,Barranquilla,Bronce,True,False,True,0,0,0.0,43,10,9,False
23326,Colombia,Montería,Bronce,False,True,True,0,0,0.0,12,18,9,False
23327,México,—,Bronce,True,True,False,4,2,1052.0,49,9,6,False
23328,México,—,Plata,True,False,True,10,7,4058.0,24,6,10,True
23329,Colombia,Medellín,Bronce,True,False,False,1,0,0.0,40,2,8,True
23330,Colombia,Santa Marta,Bronce,True,False,True,0,0,0.0,16,11,8,False
23331,Uruguay,—,Bronce,True,False,True,0,0,0.0,37,1,4,True
23332,México,—,Bronce,False,False,True,1,0,0.0,1,6,8,True
23333,Colombia,Bogotá D.C.,Oro,False,False,False,35,25,14156.0,27,4,7,True
23334,Colombia,Armenia,Bronce,False,True,True,2,1,727.0,11,17,10,False
23335,Colombia,Medellín,Bronce,False,True,True,0,0,0.0,10,5,9,True
23336,México,—,Bronce,False,False,True,0,0,0.0,35,3,10,True
23337,Colombia,Medellín,Bronce,False,False,True,0,0,0.0,43,2,5,True
23338,Colombia,Otras ciudades,Plata,False,True,True,10,6,3436.0,6,4,6,True
23339,México,—,Bronce,True,False,True,1,0,0.0,53,5,8,True
23340,Colombia,Cartagena,Bronce,False,False,True,1,0,0.0,33,3,6,True
23341,Colombia,Bogotá D.C.,Bronce,False,False,False,3,1,548.0,79,8,10,False
23342,Colombia,Barranquilla,Bronce,True,True,True,2,1,407.0,31,8,10,False
23343,Colombia,Bogotá D.C.,Bronce,False,False,False,0,0,0.0,11,14,7,False
23344,Colombia,Cartagena,Bronce,True,False,False,0,0,0.0,19,2,6,True
23345,Chile,—,Bronce,False,False,True,1,0,0.0,33,3,9,True
23346,Colombia,Medellín,Bronce,False,True,True,0,0,0.0,46,1,7,True
23347,Colombia,Bogotá D.C.,Bronce,False,True,True,7,4,2513.0,27,5,7,True
23348,Colombia,Bogotá D.C.,Bronce,True,True,False,1,0,0.0,33,1,8,True
23349,Ecuador,—,Bronce,False,False,False,1,0,0.0,11,5,8,True
23350,Colombia,Cali,Bronce,False,False,True,0,0,0.0,63,4,6,True
23351,Ecuador,—,Bronce,True,True,True,3,2,1297.0,18,9,10,False
23352,Perú,—,Plata,True,False,True,17,15,6371.0,47,3,9,True
23353,Colombia,Bogotá D.C.,Bronce,True,False,True,4,2,545.0,42,6,2,True
23354,Perú,—,Bronce,True,False,True,0,0,0.0,13,5,4,True
23355,Colombia,Cartagena,Bronce,False,False,True,2,1,488.0,28,14,8,False
23356,México,—,Bronce,False,True,True,1,0,0.0,39,12,6,False
23357,Colombia,Otras ciudades,Bronce,False,False,True,2,1,379.0,88,1,8,True
23358,México,—,Bronce,True,False,True,0,0,0.0,57,7,10,False
23359,Colombia,Medellín,Bronce,False,False,True,0,0,0.0,3,1,10,True
23360,Colombia,Medellín,Bronce,False,False,True,0,0,0.0,2,1,7,True
23361,México,—,Bronce,True,False,True,2,1,483.0,67,1,10,True
23362,Colombia,Bogotá D.C.,Bronce,False,True,True,0,0,0.0,57,1,6,True
23363,Colombia,Medellín,Plata,False,False,True,10,9,3220.0,49,12,6,False
23364,Colombia,Ibagué,Bronce,False,False,True,0,0,0.0,8,16,4,False
23365,Colombia,Otras ciudades,Bronce,False,True,True,0,0,0.0,19,4,5,True
23366,Colombia,Medellín,Bronce,True,False,True,5,4,1821.0,57,0,8,True
23367,Colombia,Cúcuta,Bronce,True,True,True,0,0,0.0,15,3,6,True
23368,Colombia,Bogotá D.C.,Plata,False,False,True,8,6,3042.0,30,7,7,False
23369,Colombia,Bogotá D.C.,Bronce,False,True,False,2,1,473.0,34,2,3,True
23370,Ecuador,—,Bronce,True,True,True,5,4,2026.0,4,3,9,True
23371,Colombia,Bogotá D.C.,Bronce,False,False,True,1,0,0.0,31,0,8,True
23372,Colombia,Medellín,Bronce,True,False,True,1,0,0.0,16,0,8,True
23373,Colombia,Medellín,Bronce,True,False,True,0,0,0.0,48,0,10,True
23374,Colombia,Bogotá D.C.,Bronce,True,False,True,1,0,0.0,27,3,9,True
23375,Colombia,Valledupar,Bronce,True,False,True,2,1,335.0,36,3,5,True
23376,Ecuador,—,Bronce,False,False,True,0,0,0.0,42,1,7,True
23377,Colombia,Santa Marta,Bronce,True,False,False,1,0,0.0,48,7,7,False
23378,Colombia,Cartagena,Bronce,True,True,True,3,2,848.0,44,9,7,False
23379,Ecuador,—,Bronce,False,False,True,0,0,0.0,16,9,10,False
23380,México,—,Bronce,True,True,True,0,0,0.0,75,2,9,True
23381,Uruguay,—,Bronce,True,True,True,2,1,701.0,36,5,3,True
23382,Colombia,Otras ciudades,Bronce,True,False,True,3,1,525.0,9,7,8,False
23383,Colombia,Barranquilla,Bronce,True,False,True,0,0,0.0,30,2,5,True
23384,Colombia,Montería,Bronce,True,True,True,1,0,0.0,56,3,5,True
23385,Colombia,Popayán,Bronce,False,False,False,2,1,379.0,31,3,4,True
23386,Colombia,Bogotá D.C.,Bronce,False,False,True,6,4,1535.0,28,5,9,True
23387,Colombia,Cartagena,Bronce,True,False,True,4,3,1360.0,37,5,6,True
23388,Colombia,Medellín,Bronce,True,False,True,1,0,0.0,23,6,10,True
23389,Colombia,Bogotá D.C.,Bronce,True,False,True,5,2,949.0,18,4,7,True
23390,Colombia,Cali,Bronce,True,False,False,7,4,2227.0,6,4,6,True
23391,Colombia,Bogotá D.C.,Bronce,True,False,True,6,4,1904.0,9,8,6,False
23392,México,—,Bronce,True,False,True,0,0,0.0,64,5,10,True
23393,México,—,Bronce,True,True,True,0,0,0.0,32,1,8,True
23394,Ecuador,—,Bronce,True,True,True,1,0,0.0,45,10,9,False
23395,Colombia,Barranquilla,Bronce,True,True,True,4,2,784.0,35,11,7,False
23396,Chile,—,Bronce,True,True,True,1,0,0.0,20,16,8,False
23397,Colombia,Bucaramanga,Bronce,False,False,True,0,0,0.0,11,4,10,True
23398,Colombia,Otras ciudades,Bronce,False,False,True,0,0,0.0,10,9,7,False
23399,Colombia,Bogotá D.C.,Bronce,False,False,False,0,0,0.0,65,1,7,True
23400,Colombia,Medellín,Bronce,True,True,True,3,2,810.0,5,14,8,False
23401,México,—,Bronce,True,True,True,5,3,2104.0,48,7,7,False
23402,Colombia,Bogotá D.C.,Bronce,False,False,False,0,0,0.0,24,6,10,True
23403,Colombia,Bogotá D.C.,Bronce,True,False,True,1,0,0.0,34,4,10,True
23404,México,—,Bronce,False,False,True,2,1,456.0,33,3,10,True
23405,Perú,—,Plata,False,False,True,8,5,1276.0,26,16,5,False
23406,México,—,Bronce,True,False,True,5,4,2382.0,47,4,5,True
23407,México,—,Bronce,False,False,True,0,0,0.0,32,8,10,False
23408,México,—,Bronce,False,False,True,0,0,0.0,12,5,10,True
23409,Colombia,Otras ciudades,Bronce,False,False,False,1,0,0.0,50,22,6,False
23410,Colombia,Bogotá D.C.,Bronce,False,True,True,0,0,0.0,125,1,9,True
23411,Ecuador,—,Bronce,True,False,True,0,0,0.0,57,7,9,False
23412,Colombia,Bogotá D.C.,Bronce,False,True,True,3,2,1210.0,39,1,4,True
23413,Colombia,Cali,Bronce,False,False,True,0,0,0.0,7,5,9,True
23414,Colombia,Cali,Bronce,True,False,True,4,3,1952.0,4,8,8,False
23415,México,—,Bronce,False,False,True,0,0,0.0,5,1,5,True
23416,Colombia,Bogotá D.C.,Bronce,True,True,True,5,4,2324.0,30,1,9,True
23417,Colombia,Cali,Plata,False,False,True,10,6,2438.0,5,6,7,True
23418,Colombia,Cartagena,Plata,False,True,True,19,11,3052.0,10,5,8,True
23419,Colombia,Montería,Bronce,False,True,True,5,3,1663.0,29,7,10,False
23420,México,—,Plata,True,False,False,8,4,2761.0,10,0,9,True
23421,Colombia,Bogotá D.C.,Bronce,True,False,True,0,0,0.0,24,21,10,False
23422,Colombia,Bogotá D.C.,Plata,True,False,True,17,10,5842.0,36,13,7,False
23423,Colombia,Manizales,Bronce,False,True,True,0,0,0.0,9,4,4,True
23424,Colombia,Otras ciudades,Bronce,True,False,True,2,1,444.0,29,4,5,True
23425,Uruguay,—,Bronce,False,True,False,5,4,2074.0,37,6,5,True
23426,Uruguay,—,Bronce,True,False,False,2,1,343.0,35,8,8,False
23427,Colombia,Bogotá D.C.,Bronce,False,False,True,6,5,2162.0,34,6,7,True
23428,Colombia,Cúcuta,Bronce,True,False,True,0,0,0.0,57,7,9,False
23429,Ecuador,—,Oro,True,False,False,41,26,11256.0,20,2,4,True
23430,Colombia,Otras ciudades,Bronce,True,False,True,7,5,3604.0,9,3,10,True
23431,Colombia,Bogotá D.C.,Bronce,True,False,True,2,1,558.0,18,29,5,False
23432,Uruguay,—,Bronce,True,False,True,0,0,0.0,5,0,8,True
23433,México,—,Bronce,True,True,True,4,2,758.0,13,1,10,True
23434,Colombia,Cali,Plata,False,True,True,8,4,1688.0,20,0,8,True
23435,Colombia,Bogotá D.C.,Bronce,True,True,True,6,5,3297.0,8,4,7,True
23436,Ecuador,—,Bronce,False,False,True,7,6,3381.0,2,5,6,True
23437,Ecuador,—,Bronce,True,False,True,1,0,0.0,49,3,7,True
23438,Colombia,Cali,Bronce,True,False,True,3,2,824.0,39,0,10,True
23439,Colombia,Cartagena,Bronce,True,True,True,1,0,0.0,67,4,5,True
23440,Ecuador,—,Bronce,False,True,True,1,0,0.0,44,1,10,True
23441,Colombia,Armenia,Bronce,True,False,False,4,3,1513.0,6,1,7,True
23442,Colombia,Medellín,Bronce,False,True,False,1,0,0.0,66,16,7,False
23443,Ecuador,—,Bronce,False,False,True,1,0,0.0,51,4,6,True
23444,Perú,—,Bronce,False,False,True,2,1,546.0,34,11,10,False
23445,México,—,Bronce,False,False,False,3,2,1015.0,51,2,9,True
23446,México,—,Bronce,True,False,True,5,3,1424.0,1,11,6,False
23447,Colombia,Medellín,Bronce,False,False,True,0,0,0.0,35,2,6,True
23448,Colombia,Bogotá D.C.,Bronce,True,True,True,0,0,0.0,47,21,9,False
23449,Uruguay,—,Bronce,False,True,True,0,0,0.0,28,0,9,True
23450,Colombia,Pasto,Bronce,True,False,False,0,0,0.0,72,6,5,True
23451,México,—,Bronce,False,False,False,1,0,0.0,13,9,9,False
23452,Colombia,Cali,Bronce,False,True,True,0,0,0.0,107,17,10,False
23453,Colombia,Bogotá D.C.,Plata,True,False,True,10,9,4244.0,20,4,10,True
23454,Colombia,Bogotá D.C.,Bronce,False,True,False,0,0,0.0,54,16,9,False
23455,Ecuador,—,Bronce,True,False,False,1,0,0.0,42,7,7,False
23456,Perú,—,Bronce,False,False,False,2,1,240.0,2,4,8,True
23457,Colombia,Bogotá D.C.,Bronce,False,False,True,5,3,1391.0,18,1,4,True
23458,Ecuador,—,Bronce,True,False,True,0,0,0.0,97,13,8,False
23459,México,—,Bronce,False,True,True,0,0,0.0,12,2,6,True
23460,Ecuador,—,Bronce,False,False,True,6,4,1970.0,25,5,8,True
23461,Chile,—,Bronce,False,False,True,0,0,0.0,19,5,9,True
23462,México,—,Bronce,False,True,True,7,5,3003.0,59,12,9,False
23463,Colombia,Medellín,Plata,False,False,True,10,8,3898.0,1,0,7,True
23464,México,—,Bronce,True,False,True,0,0,0.0,51,1,7,True
23465,México,—,Bronce,False,False,True,0,0,0.0,3,1,6,True
23466,Uruguay,—,Bronce,True,False,False,5,4,2073.0,5,1,9,True
23467,México,—,Bronce,False,True,False,0,0,0.0,13,7,8,False
23468,Colombia,Otras ciudades,Bronce,True,False,True,4,3,1633.0,101,1,5,True
23469,Colombia,Bogotá D.C.,Bronce,True,False,True,1,0,0.0,17,6,6,True
23470,Colombia,Medellín,Bronce,False,False,False,0,0,0.0,55,19,7,False
23471,Ecuador,—,Platino,True,False,True,92,69,42210.0,37,24,3,False
23472,Colombia,Bogotá D.C.,Bronce,False,True,True,2,1,378.0,17,21,10,False
23473,Colombia,Cartagena,Bronce,True,False,True,3,2,792.0,39,2,9,True
23474,Colombia,Cúcuta,Plata,True,False,True,10,8,3861.0,7,3,10,True
23475,Colombia,Sincelejo,Bronce,True,False,True,1,0,0.0,42,21,10,False
23476,Colombia,Barranquilla,Bronce,False,True,True,0,0,0.0,29,15,8,False
23477,Perú,—,Bronce,False,False,True,1,0,0.0,38,8,5,False
23478,Perú,—,Bronce,True,False,False,0,0,0.0,12,4,8,True
23479,Uruguay,—,Bronce,False,False,False,0,0,0.0,11,1,5,True
23480,Uruguay,—,Bronce,False,True,True,1,0,0.0,26,5,7,True
23481,Colombia,Bogotá D.C.,Bronce,False,False,True,0,0,0.0,11,6,9,True
23482,Colombia,Cali,Bronce,True,False,True,0,0,0.0,31,28,2,False
23483,México,—,Bronce,False,False,True,0,0,0.0,6,1,9,True
23484,Colombia,Bogotá D.C.,Bronce,False,False,True,1,0,0.0,21,3,8,True
23485,Colombia,Armenia,Bronce,True,True,True,6,3,1588.0,6,3,6,True
23486,Colombia,Cartagena,Bronce,True,False,False,0,0,0.0,20,13,7,False
23487,Chile,—,Bronce,False,False,False,4,3,1372.0,3,3,8,True
23488,Colombia,Cali,Bronce,True,True,True,0,0,0.0,8,0,10,True
23489,Colombia,Cali,Bronce,True,True,True,4,3,1273.0,26,7,7,False
23490,Colombia,Bucaramanga,Bronce,True,True,True,1,0,0.0,45,0,6,True
23491,Ecuador,—,Bronce,True,True,True,2,1,347.0,57,2,6,True
23492,Colombia,Armenia,Bronce,False,True,True,0,0,0.0,11,0,5,True
23493,Colombia,Bucaramanga,Bronce,False,True,True,0,0,0.0,9,2,10,True
23494,Colombia,Barranquilla,Plata,False,True,False,11,8,4646.0,4,5,4,True
23495,Colombia,Otras ciudades,Bronce,False,False,True,2,1,479.0,40,10,8,False
23496,Uruguay,—,Bronce,False,False,False,1,0,0.0,21,2,7,True
23497,Colombia,Barranquilla,Bronce,False,True,False,0,0,0.0,29,5,7,True
23498,México,—,Bronce,True,False,False,6,3,1150.0,43,10,5,False
23499,Colombia,Bogotá D.C.,Bronce,False,False,True,0,0,0.0,35,3,5,True
23500,Perú,—,Bronce,False,False,True,1,0,0.0,67,11,9,False
23501,Perú,—,Bronce,True,False,True,0,0,0.0,49,1,7,True
23502,Colombia,Bogotá D.C.,Bronce,True,True,True,0,0,0.0,1,6,6,True
23503,Colombia,Cali,Bronce,False,True,True,1,0,0.0,16,18,6,False
23504,Chile,—,Bronce,True,True,True,0,0,0.0,69,11,3,False
23505,Chile,—,Bronce,True,True,False,2,1,589.0,5,11,4,False
23506,Colombia,Barranquilla,Bronce,False,False,True,4,3,1198.0,67,4,9,True
23507,Colombia,Medellín,Bronce,False,False,True,0,0,0.0,14,4,7,True
23508,México,—,Bronce,False,False,True,7,5,2517.0,30,3,10,True
23509,Colombia,Cartagena,Bronce,True,False,True,0,0,0.0,8,2,10,True
23510,Colombia,Barranquilla,Bronce,True,False,False,3,1,531.0,23,3,7,True
23511,México,—,Bronce,True,False,True,2,1,604.0,7,9,5,False
23512,Colombia,Otras ciudades,Bronce,False,False,True,4,2,1190.0,5,5,5,True
23513,Colombia,Cali,Plata,False,False,True,12,10,5599.0,24,5,10,True
23514,Colombia,Bogotá D.C.,Bronce,True,True,True,0,0,0.0,18,4,9,True
23515,Perú,—,Plata,False,False,True,23,18,9609.0,12,1,8,True
23516,Colombia,Bogotá D.C.,Bronce,True,False,True,1,0,0.0,51,1,6,True
23517,Perú,—,Bronce,True,False,True,6,3,1248.0,34,2,6,True
23518,Colombia,Barranquilla,Bronce,False,False,True,0,0,0.0,15,4,5,True
23519,Colombia,Neiva,Bronce,False,False,False,5,4,1801.0,121,5,8,True
23520,Colombia,Bogotá D.C.,Bronce,False,False,True,4,2,818.0,13,7,7,False
23521,Colombia,Bogotá D.C.,Bronce,True,False,True,4,3,1572.0,25,1,5,True
23522,Colombia,Cali,Bronce,False,True,True,1,0,0.0,3,1,8,True
23523,Colombia,Otras ciudades,Bronce,False,False,True,0,0,0.0,30,7,7,False
23524,Ecuador,—,Bronce,False,False,True,0,0,0.0,2,1,9,True
23525,Chile,—,Bronce,True,False,True,0,0,0.0,17,7,6,False
23526,Colombia,Manizales,Plata,False,False,False,23,21,3774.0,65,7,8,False
23527,Colombia,Bucaramanga,Oro,False,False,True,35,26,12900.0,34,6,9,True
23528,Colombia,Otras ciudades,Platino,False,False,True,158,122,57045.0,36,0,7,True
23529,Colombia,Barranquilla,Bronce,False,False,True,3,2,1339.0,41,4,9,True
23530,Colombia,Medellín,Bronce,False,False,True,1,0,0.0,32,20,4,False
23531,Perú,—,Bronce,True,False,False,2,1,505.0,52,1,8,True
23532,México,—,Bronce,False,True,True,0,0,0.0,42,4,10,True
23533,Colombia,Bogotá D.C.,Bronce,False,False,False,0,0,0.0,20,6,5,True
23534,México,—,Bronce,False,True,True,0,0,0.0,190,0,4,True
23535,Uruguay,—,Bronce,True,False,True,5,3,2096.0,45,3,8,True
23536,Colombia,Medellín,Bronce,False,False,False,7,4,2373.0,19,4,7,True
23537,Uruguay,—,Bronce,False,False,True,0,0,0.0,7,3,9,True
23538,México,—,Bronce,True,False,False,0,0,0.0,17,1,8,True
23539,Colombia,Barranquilla,Bronce,False,True,True,7,5,2445.0,42,11,3,False
23540,Colombia,Pereira,Bronce,False,False,True,0,0,0.0,12,9,5,False
23541,México,—,Bronce,True,False,True,2,1,483.0,19,6,6,True
23542,México,—,Bronce,True,False,True,2,1,526.0,54,0,10,True
23543,Colombia,Medellín,Bronce,True,False,True,0,0,0.0,117,4,6,True
23544,México,—,Bronce,False,True,False,0,0,0.0,44,2,8,True
23545,México,—,Bronce,True,False,True,0,0,0.0,53,11,8,False
23546,Colombia,Bogotá D.C.,Bronce,True,False,True,5,3,1380.0,8,2,6,True
23547,Colombia,Cali,Bronce,False,True,True,3,2,766.0,33,6,4,True
23548,Uruguay,—,Plata,True,False,True,14,8,4225.0,16,16,6,False
23549,Colombia,Manizales,Bronce,False,False,True,1,0,0.0,17,6,9,True
23550,Colombia,Bogotá D.C.,Bronce,True,False,True,2,1,490.0,41,6,6,True
23551,Colombia,Barranquilla,Bronce,False,False,False,4,2,1243.0,86,30,7,False
23552,México,—,Plata,False,True,True,12,9,4656.0,22,1,10,True
23553,Colombia,Medellín,Bronce,True,True,True,6,4,2775.0,47,2,10,True
23554,Colombia,Bogotá D.C.,Bronce,True,False,False,0,0,0.0,34,2,6,True
23555,Colombia,Bucaramanga,Bronce,True,False,True,0,0,0.0,19,5,6,True
23556,Colombia,Manizales,Bronce,False,False,True,0,0,0.0,15,2,10,True
23557,Colombia,Bogotá D.C.,Bronce,True,False,False,5,3,1185.0,16,1,7,True
23558,Colombia,Pereira,Bronce,True,True,False,1,0,0.0,4,4,6,True
23559,Colombia,Bogotá D.C.,Bronce,False,False,True,4,3,1322.0,16,3,10,True
23560,México,—,Bronce,False,True,True,3,2,780.0,9,7,5,False
23561,México,—,Bronce,True,False,True,2,1,365.0,11,15,9,False
23562,Colombia,Neiva,Bronce,True,False,True,4,3,1171.0,27,6,10,True
23563,Colombia,Cali,Bronce,False,True,False,0,0,0.0,25,7,8,False
23564,Colombia,Cartagena,Bronce,True,True,True,0,0,0.0,14,12,6,False
23565,México,—,Bronce,False,True,True,1,0,0.0,5,7,7,False
23566,México,—,Bronce,False,True,True,2,1,405.0,45,2,10,True
23567,México,—,Bronce,False,False,True,0,0,0.0,12,2,3,True
23568,México,—,Bronce,True,False,True,0,0,0.0,57,10,3,False
23569,Ecuador,—,Bronce,True,False,True,0,0,0.0,43,14,7,False
23570,México,—,Plata,False,False,True,8,6,3391.0,38,2,10,True
23571,Chile,—,Bronce,False,False,True,3,2,769.0,11,0,6,True
23572,México,—,Bronce,True,False,True,2,1,468.0,128,0,10,True
23573,Colombia,Barranquilla,Plata,False,False,True,12,9,4040.0,48,9,4,False
23574,México,—,Bronce,False,False,True,4,3,1116.0,7,6,8,True
23575,Colombia,Cartagena,Bronce,False,False,True,5,3,1183.0,48,0,9,True
23576,Colombia,Medellín,Plata,False,False,True,8,4,1922.0,83,2,10,True
23577,México,—,Bronce,True,False,False,0,0,0.0,44,3,7,True
23578,Ecuador,—,Bronce,True,False,True,3,2,829.0,28,3,10,True
23579,Perú,—,Bronce,True,True,False,0,0,0.0,7,0,6,True
23580,México,—,Bronce,True,True,True,1,0,0.0,26,10,10,False
23581,Colombia,Cali,Bronce,True,False,True,1,0,0.0,3,2,9,True
23582,Perú,—,Bronce,False,False,True,0,0,0.0,21,7,10,False
23583,México,—,Bronce,False,True,True,0,0,0.0,42,10,7,False
23584,Colombia,Barranquilla,Bronce,False,False,True,0,0,0.0,68,6,8,True
23585,Perú,—,Bronce,False,True,True,0,0,0.0,33,2,6,True
23586,Colombia,Bogotá D.C.,Bronce,True,False,True,3,2,1034.0,20,4,7,True
23587,México,—,Bronce,False,True,True,0,0,0.0,24,1,3,True
23588,Colombia,Bogotá D.C.,Bronce,False,False,True,1,0,0.0,29,2,9,True
23589,Perú,—,Bronce,False,True,True,1,0,0.0,25,4,4,True
23590,México,—,Plata,False,False,True,8,5,2958.0,37,1,8,True
23591,México,—,Bronce,False,False,True,0,0,0.0,37,15,7,False
23592,Colombia,Manizales,Bronce,True,False,True,1,0,0.0,52,10,9,False
23593,Colombia,Medellín,Bronce,True,False,True,0,0,0.0,13,9,9,False
23594,Ecuador,—,Bronce,True,False,False,4,2,1185.0,23,7,10,False
23595,Colombia,Bogotá D.C.,Bronce,True,False,False,3,1,602.0,63,4,9,True
23596,Perú,—,Bronce,False,True,True,0,0,0.0,26,10,10,False
23597,Colombia,Otras ciudades,Bronce,True,False,True,4,3,2277.0,6,2,5,True
23598,Colombia,Ibagué,Bronce,True,True,True,1,0,0.0,52,11,4,False
23599,Colombia,Cali,Bronce,False,True,True,3,2,864.0,52,5,5,True
23600,Colombia,Cartagena,Bronce,False,False,True,0,0,0.0,34,8,9,False
23601,Colombia,Popayán,Bronce,False,False,False,0,0,0.0,51,2,10,True
23602,Uruguay,—,Bronce,False,False,True,1,0,0.0,44,2,8,True
23603,México,—,Plata,True,False,True,12,8,4376.0,35,1,10,True
23604,Colombia,Bogotá D.C.,Bronce,False,False,False,0,0,0.0,23,6,10,True
23605,Colombia,Cartagena,Bronce,True,False,True,2,1,550.0,4,3,8,True
23606,Colombia,Barranquilla,Bronce,True,False,True,2,1,483.0,14,2,10,True
23607,Perú,—,Plata,False,False,True,10,9,4474.0,40,4,8,True
23608,Colombia,Medellín,Bronce,True,True,True,1,0,0.0,2,3,8,True
23609,Colombia,Villavicencio,Bronce,True,False,True,0,0,0.0,20,0,8,True
23610,Perú,—,Bronce,True,False,True,1,0,0.0,23,0,5,True
23611,México,—,Bronce,False,False,True,1,0,0.0,4,4,0,True
23612,México,—,Bronce,True,False,True,0,0,0.0,19,6,10,True
23613,Perú,—,Bronce,True,False,True,0,0,0.0,25,5,8,True
23614,Colombia,Cúcuta,Oro,True,False,True,53,47,23645.0,24,12,8,False
23615,México,—,Bronce,False,False,True,3,2,1095.0,71,0,8,True
23616,Colombia,Cartagena,Bronce,False,False,True,0,0,0.0,34,8,6,False
23617,Colombia,Cartagena,Bronce,False,True,True,2,1,358.0,12,0,9,True
23618,Colombia,Bogotá D.C.,Bronce,False,False,True,1,0,0.0,13,6,5,True
23619,México,—,Bronce,True,False,True,5,3,1822.0,1,2,10,True
23620,Colombia,Armenia,Bronce,True,False,False,0,0,0.0,12,2,7,True
23621,Colombia,Medellín,Oro,False,True,True,25,14,8331.0,34,1,7,True
23622,Colombia,Bogotá D.C.,Bronce,True,False,True,0,0,0.0,54,6,7,True
23623,México,—,Bronce,False,False,False,6,5,2929.0,6,8,7,False
23624,Colombia,Bogotá D.C.,Bronce,False,False,True,2,1,532.0,86,0,6,True
23625,Colombia,Montería,Oro,False,False,True,41,31,10664.0,33,0,9,True
23626,México,—,Bronce,False,False,True,2,1,547.0,36,3,10,True
23627,Colombia,Neiva,Bronce,False,False,True,1,0,0.0,6,1,9,True
23628,Colombia,Medellín,Bronce,False,False,False,0,0,0.0,33,0,7,True
23629,México,—,Bronce,False,False,True,6,5,3036.0,24,9,5,False
23630,Colombia,Armenia,Bronce,False,False,True,0,0,0.0,54,6,3,True
23631,Colombia,Bogotá D.C.,Bronce,True,False,True,1,0,0.0,17,7,7,False
23632,México,—,Bronce,False,False,False,2,1,502.0,25,13,8,False
23633,Colombia,Cali,Bronce,False,True,False,0,0,0.0,56,12,10,False
23634,Uruguay,—,Bronce,False,True,True,3,2,899.0,20,4,7,True
23635,Colombia,Bogotá D.C.,Bronce,True,False,True,5,4,839.0,21,4,6,True
23636,Colombia,Cúcuta,Bronce,False,True,True,7,5,2932.0,45,15,7,False
23637,México,—,Bronce,False,False,True,5,4,1619.0,32,0,9,True
23638,Colombia,Bucaramanga,Bronce,True,False,True,0,0,0.0,36,1,6,True
23639,Perú,—,Bronce,True,True,True,2,1,585.0,97,7,5,False
23640,México,—,Platino,True,False,True,223,150,90848.0,24,3,7,True
23641,Colombia,Bogotá D.C.,Bronce,False,False,True,2,1,480.0,27,3,5,True
23642,Ecuador,—,Bronce,False,False,True,2,1,378.0,18,12,8,False
23643,Colombia,Bucaramanga,Bronce,False,True,True,3,2,1209.0,31,4,10,True
23644,Colombia,Cartagena,Bronce,False,False,False,0,0,0.0,42,4,10,True
23645,México,—,Bronce,True,False,True,0,0,0.0,15,10,7,False
23646,México,—,Bronce,True,False,True,0,0,0.0,15,11,10,False
23647,Ecuador,—,Bronce,False,False,True,0,0,0.0,29,17,10,False
23648,Ecuador,—,Bronce,False,False,False,3,2,1443.0,114,2,7,True
23649,Colombia,Bogotá D.C.,Bronce,False,False,True,5,3,1332.0,50,7,6,False
23650,Colombia,Cartagena,Oro,True,False,False,31,25,6986.0,83,7,0,False
23651,México,—,Bronce,False,False,True,3,1,536.0,27,10,10,False
23652,Colombia,Bogotá D.C.,Bronce,False,True,False,0,0,0.0,60,8,4,False
23653,Perú,—,Bronce,False,False,True,2,1,686.0,8,1,9,True
23654,Ecuador,—,Bronce,True,True,True,0,0,0.0,20,2,8,True
23655,Colombia,Bogotá D.C.,Bronce,True,False,True,0,0,0.0,23,6,6,True
23656,Colombia,Santa Marta,Bronce,True,True,True,0,0,0.0,8,21,7,False
23657,Ecuador,—,Plata,False,False,False,11,10,4630.0,13,4,5,True
23658,Colombia,Cali,Bronce,False,False,True,0,0,0.0,22,0,7,True
23659,Colombia,Sincelejo,Bronce,True,False,True,0,0,0.0,1,3,7,True
23660,Colombia,Cali,Bronce,True,False,True,2,1,467.0,7,8,8,False
23661,México,—,Plata,False,False,True,9,7,5143.0,5,2,10,True
23662,Uruguay,—,Bronce,True,False,True,3,2,1151.0,21,7,6,False
23663,Colombia,Medellín,Plata,True,True,True,9,6,3827.0,55,4,4,True
23664,Colombia,Bogotá D.C.,Bronce,True,True,True,1,0,0.0,3,2,4,True
23665,Colombia,Pereira,Bronce,True,False,True,1,0,0.0,1,11,8,False
23666,Ecuador,—,Plata,False,False,False,12,11,5158.0,4,2,6,True
23667,México,—,Bronce,True,True,True,5,4,1906.0,16,19,10,False
23668,Uruguay,—,Bronce,False,True,True,3,1,449.0,40,3,8,True
23669,Colombia,Barranquilla,Plata,False,True,True,9,6,3331.0,31,6,9,True
23670,Colombia,Bogotá D.C.,Bronce,False,False,True,4,2,798.0,12,1,6,True
23671,Colombia,Bogotá D.C.,Bronce,False,False,False,0,0,0.0,15,2,10,True
23672,Ecuador,—,Bronce,False,False,True,0,0,0.0,65,2,8,True
23673,Colombia,Bogotá D.C.,Bronce,True,True,True,0,0,0.0,33,2,8,True
23674,Colombia,Otras ciudades,Bronce,True,True,False,6,4,1930.0,6,4,10,True
23675,Colombia,Barranquilla,Plata,False,False,True,19,11,5075.0,52,16,3,False
23676,Ecuador,—,Plata,True,True,False,8,6,2399.0,28,4,7,True
23677,Colombia,Otras ciudades,Bronce,False,True,True,4,2,850.0,4,16,9,False
23678,Colombia,Cali,Bronce,False,False,True,0,0,0.0,22,1,6,True
23679,México,—,Bronce,False,False,True,5,4,1504.0,25,12,6,False
23680,Colombia,Bucaramanga,Bronce,True,False,True,5,4,2623.0,47,7,4,False
23681,México,—,Bronce,False,False,True,4,2,1008.0,10,8,9,False
23682,Colombia,Bogotá D.C.,Bronce,True,False,True,2,1,630.0,34,0,10,True
23683,Perú,—,Bronce,False,False,True,5,4,2215.0,31,11,7,False
23684,Colombia,Villavicencio,Plata,False,False,True,15,13,6609.0,42,5,8,True
23685,Colombia,Medellín,Bronce,False,False,True,2,1,453.0,33,5,7,True
23686,Colombia,Medellín,Plata,False,False,True,10,8,4160.0,6,8,9,False
23687,Colombia,Villavicencio,Bronce,False,False,True,1,0,0.0,16,2,9,True
23688,Colombia,Bucaramanga,Bronce,True,False,True,2,1,536.0,30,3,9,True
23689,Colombia,Otras ciudades,Bronce,False,True,True,5,3,1479.0,10,1,10,True
23690,Colombia,Bucaramanga,Bronce,False,True,True,0,0,0.0,112,4,5,True
23691,Chile,—,Bronce,False,False,True,0,0,0.0,5,12,8,False
23692,Colombia,Bucaramanga,Bronce,False,False,True,1,0,0.0,21,7,9,False
23693,Colombia,Pasto,Bronce,False,False,False,0,0,0.0,2,2,8,True
23694,Colombia,Cali,Bronce,True,True,True,3,2,767.0,39,13,9,False
23695,Perú,—,Bronce,True,True,True,5,3,874.0,24,9,10,False
23696,Colombia,Barranquilla,Bronce,False,False,False,4,2,777.0,20,2,7,True
23697,Colombia,Cúcuta,Oro,False,False,True,29,22,9061.0,3,7,10,False
23698,Colombia,Otras ciudades,Bronce,False,False,False,0,0,0.0,15,1,6,True
23699,México,—,Bronce,True,True,True,0,0,0.0,60,14,7,False
23700,Colombia,Bogotá D.C.,Bronce,True,False,True,0,0,0.0,6,4,7,True
23701,Colombia,Bogotá D.C.,Plata,False,True,False,9,6,3423.0,16,0,7,True
23702,México,—,Bronce,False,False,True,3,2,753.0,8,0,9,True
23703,Colombia,Bucaramanga,Plata,True,False,True,13,11,5547.0,10,4,9,True
23704,Chile,—,Bronce,False,True,False,2,1,623.0,16,2,6,True
23705,México,—,Platino,True,True,True,61,52,26314.0,26,5,9,True
23706,Colombia,Bogotá D.C.,Plata,False,False,True,19,11,6645.0,20,9,7,False
23707,Colombia,Medellín,Bronce,False,False,True,0,0,0.0,47,14,10,False
23708,Ecuador,—,Bronce,True,True,True,0,0,0.0,25,3,8,True
23709,Colombia,Santa Marta,Bronce,False,False,True,6,5,2324.0,53,8,10,False
23710,México,—,Bronce,False,False,True,3,2,1158.0,26,4,8,True
23711,México,—,Bronce,False,False,False,2,1,556.0,8,10,6,False
23712,Colombia,Medellín,Bronce,True,False,True,0,0,0.0,21,3,5,True
23713,México,—,Oro,False,True,True,28,25,13191.0,23,2,6,True
23714,Colombia,Bogotá D.C.,Plata,False,False,True,11,6,2732.0,12,5,4,True
23715,Ecuador,—,Bronce,False,True,True,0,0,0.0,30,10,10,False
23716,Colombia,Bogotá D.C.,Plata,True,False,True,12,9,5923.0,89,1,7,True
23717,Colombia,Cali,Bronce,True,False,True,0,0,0.0,27,9,4,False
23718,Ecuador,—,Bronce,False,True,False,0,0,0.0,40,5,5,True
23719,Colombia,Valledupar,Bronce,True,False,True,1,0,0.0,34,2,7,True
23720,Ecuador,—,Bronce,True,True,True,1,0,0.0,4,2,6,True
23721,Perú,—,Bronce,False,False,True,0,0,0.0,35,7,8,False
23722,México,—,Bronce,True,False,False,1,0,0.0,3,0,5,True
23723,Colombia,Cali,Bronce,False,True,True,3,1,466.0,10,3,5,True
23724,México,—,Bronce,False,False,True,5,3,1506.0,14,2,6,True
23725,México,—,Bronce,False,True,True,0,0,0.0,66,2,9,True
23726,Colombia,Cali,Plata,True,False,True,14,8,3921.0,3,5,4,True
23727,México,—,Plata,True,False,True,13,10,5285.0,13,5,9,True
23728,México,—,Bronce,False,False,True,2,1,430.0,21,4,6,True
23729,Perú,—,Plata,False,True,True,12,8,4876.0,9,0,4,True
23730,México,—,Bronce,True,False,True,0,0,0.0,22,8,10,False
23731,Colombia,Cartagena,Bronce,False,True,False,1,0,0.0,55,6,10,True
23732,Colombia,Bogotá D.C.,Bronce,True,False,True,1,0,0.0,40,5,4,True
23733,México,—,Bronce,False,False,True,1,0,0.0,7,4,10,True
23734,Colombia,Pereira,Bronce,False,True,True,0,0,0.0,42,0,6,True
23735,Colombia,Bogotá D.C.,Bronce,True,False,True,1,0,0.0,49,10,10,False
23736,Colombia,Medellín,Bronce,False,True,True,4,3,1229.0,38,7,3,False
23737,Colombia,Bogotá D.C.,Bronce,False,False,True,2,1,615.0,26,11,8,False
23738,Colombia,Bogotá D.C.,Oro,True,True,True,29,27,10885.0,24,0,8,True
23739,Colombia,Otras ciudades,Bronce,False,False,True,3,1,390.0,46,1,10,True
23740,Uruguay,—,Bronce,False,False,True,0,0,0.0,13,2,9,True
23741,Colombia,Bogotá D.C.,Bronce,False,True,True,7,6,2748.0,26,1,8,True
23742,México,—,Bronce,True,True,True,0,0,0.0,22,4,8,True
23743,México,—,Bronce,False,True,True,1,0,0.0,44,5,5,True
23744,Colombia,Pasto,Bronce,True,True,True,0,0,0.0,22,2,5,True
23745,Colombia,Bogotá D.C.,Bronce,False,False,True,0,0,0.0,32,3,8,True
23746,Colombia,Villavicencio,Bronce,False,True,True,0,0,0.0,25,0,8,True
23747,México,—,Bronce,True,False,True,0,0,0.0,17,7,8,False
23748,Colombia,Medellín,Bronce,False,False,True,5,3,1518.0,10,1,5,True
23749,Colombia,Bucaramanga,Bronce,True,True,True,1,0,0.0,57,10,6,False
23750,Perú,—,Bronce,True,False,True,0,0,0.0,5,28,10,False
23751,Colombia,Cartagena,Bronce,True,False,True,2,1,510.0,23,12,6,False
23752,Perú,—,Bronce,False,False,True,0,0,0.0,24,9,7,False
23753,Colombia,Bogotá D.C.,Bronce,False,True,True,3,1,346.0,33,4,9,True
23754,México,—,Bronce,True,False,True,4,3,1475.0,17,2,8,True
23755,Perú,—,Bronce,False,True,True,0,0,0.0,44,4,6,True
23756,México,—,Bronce,False,False,True,1,0,0.0,24,1,6,True
23757,Colombia,Barranquilla,Bronce,False,False,True,0,0,0.0,31,5,9,True
23758,México,—,Bronce,True,True,True,1,0,0.0,30,10,5,False
23759,México,—,Bronce,False,False,True,3,1,470.0,24,9,3,False
23760,Colombia,Santa Marta,Bronce,True,False,True,0,0,0.0,7,1,8,True
23761,Colombia,Bogotá D.C.,Bronce,True,True,True,5,3,1451.0,8,7,9,False
23762,Colombia,Santa Marta,Plata,True,True,False,15,13,4067.0,24,3,8,True
23763,Colombia,Villavicencio,Plata,False,False,True,14,13,6826.0,15,24,4,False
23764,Colombia,Manizales,Bronce,True,True,True,1,0,0.0,26,6,5,True
23765,Ecuador,—,Plata,True,False,True,8,5,2932.0,15,9,7,False
23766,Colombia,Cartagena,Plata,True,True,True,9,6,2428.0,6,13,9,False
23767,Colombia,Barranquilla,Bronce,True,False,True,1,0,0.0,24,4,8,True
23768,Perú,—,Bronce,True,False,True,2,1,615.0,22,5,5,True
23769,Colombia,Neiva,Bronce,False,True,True,2,1,597.0,3,3,6,True
23770,México,—,Bronce,False,False,True,0,0,0.0,5,9,7,False
23771,Colombia,Otras ciudades,Bronce,False,False,True,6,5,2598.0,11,4,10,True
23772,Colombia,Otras ciudades,Bronce,True,False,False,3,2,640.0,37,5,10,True
23773,Colombia,Medellín,Bronce,True,False,True,0,0,0.0,18,2,7,True
23774,Perú,—,Bronce,True,False,True,0,0,0.0,42,5,9,True
23775,Colombia,Santa Marta,Bronce,False,False,False,3,2,1195.0,22,3,10,True
23776,Colombia,Neiva,Bronce,True,False,True,1,0,0.0,1,4,7,True
23777,Ecuador,—,Bronce,False,False,False,1,0,0.0,27,9,7,False
23778,México,—,Bronce,False,True,True,1,0,0.0,2,2,6,True
23779,Colombia,Bogotá D.C.,Bronce,True,True,True,0,0,0.0,4,4,9,True
23780,Colombia,Sincelejo,Bronce,False,False,True,7,6,1713.0,31,3,7,True
23781,Colombia,Bogotá D.C.,Bronce,False,True,True,3,2,1109.0,60,3,10,True
23782,Perú,—,Plata,False,False,True,13,8,4111.0,38,18,6,False
23783,Perú,—,Plata,True,False,True,10,5,2283.0,83,0,8,True
23784,Chile,—,Bronce,False,False,True,0,0,0.0,27,4,5,True
23785,Colombia,Bogotá D.C.,Bronce,False,False,True,0,0,0.0,137,6,9,True
23786,Perú,—,Bronce,True,False,True,2,1,496.0,14,7,6,False
23787,Colombia,Bogotá D.C.,Bronce,False,True,True,2,1,566.0,71,5,8,True
23788,Colombia,Bogotá D.C.,Bronce,False,False,True,0,0,0.0,33,2,7,True
23789,Colombia,Bogotá D.C.,Bronce,True,False,True,1,0,0.0,46,20,7,False
23790,Colombia,Cali,Bronce,False,False,True,0,0,0.0,4,4,10,True
23791,Colombia,Bogotá D.C.,Bronce,False,False,True,1,0,0.0,90,1,7,True
23792,Perú,—,Bronce,True,False,True,0,0,0.0,9,7,6,False
23793,Colombia,Cali,Bronce,False,False,True,0,0,0.0,4,6,7,True
23794,Colombia,Villavicencio,Bronce,True,False,True,3,2,644.0,33,8,9,False
23795,Colombia,Otras ciudades,Bronce,False,False,True,0,0,0.0,71,15,8,False
23796,Perú,—,Bronce,True,False,False,0,0,0.0,30,7,8,False
23797,Colombia,Valledupar,Bronce,False,True,True,0,0,0.0,3,1,7,True
23798,México,—,Bronce,True,True,True,0,0,0.0,13,8,6,False
23799,México,—,Bronce,False,False,False,2,1,254.0,22,13,6,False
23800,México,—,Bronce,False,True,False,1,0,0.0,7,16,5,False
23801,Perú,—,Bronce,True,True,False,0,0,0.0,17,2,9,True
23802,Perú,—,Bronce,False,False,False,2,1,581.0,26,0,6,True
23803,Chile,—,Bronce,False,False,False,0,0,0.0,24,5,5,True
23804,Colombia,Bogotá D.C.,Bronce,True,True,True,0,0,0.0,22,9,7,False
23805,Colombia,Cali,Bronce,True,False,True,1,0,0.0,88,11,8,False
23806,Ecuador,—,Bronce,False,True,True,0,0,0.0,61,8,7,False
23807,Colombia,Ibagué,Bronce,True,True,True,0,0,0.0,22,3,6,True
23808,Colombia,Otras ciudades,Bronce,False,True,True,3,2,932.0,16,10,4,False
23809,Perú,—,Bronce,False,False,True,0,0,0.0,18,5,8,True
23810,Colombia,Bogotá D.C.,Bronce,False,True,True,6,5,3344.0,13,4,7,True
23811,Colombia,Villavicencio,Bronce,True,False,True,0,0,0.0,90,4,7,True
23812,México,—,Plata,False,False,True,16,13,7054.0,10,16,6,False
23813,Colombia,Medellín,Bronce,True,False,True,1,0,0.0,9,2,8,True
23814,Colombia,Bogotá D.C.,Bronce,True,True,False,0,0,0.0,51,5,9,True
23815,Colombia,Bucaramanga,Bronce,True,False,True,0,0,0.0,70,1,7,True
23816,México,—,Bronce,False,True,True,2,1,349.0,26,11,6,False
23817,Colombia,Bogotá D.C.,Bronce,True,False,False,6,4,1739.0,35,2,7,True
23818,Colombia,Pereira,Bronce,True,True,True,0,0,0.0,22,1,7,True
23819,Colombia,Cali,Plata,False,True,True,16,9,4549.0,36,0,10,True
23820,México,—,Bronce,True,True,True,2,1,420.0,49,7,8,False
23821,Ecuador,—,Bronce,False,True,True,0,0,0.0,21,13,6,False
23822,Perú,—,Bronce,False,False,True,0,0,0.0,16,8,10,False
23823,México,—,Bronce,False,False,True,0,0,0.0,42,8,6,False
23824,Ecuador,—,Bronce,True,False,False,0,0,0.0,43,2,10,True
23825,México,—,Bronce,False,False,False,0,0,0.0,9,1,10,True
23826,Colombia,Bogotá D.C.,Bronce,True,False,True,0,0,0.0,44,7,10,False
23827,Colombia,Cali,Bronce,True,False,True,0,0,0.0,7,5,6,True
23828,México,—,Bronce,False,False,True,0,0,0.0,21,2,10,True
23829,Uruguay,—,Bronce,True,True,True,0,0,0.0,23,5,6,True
23830,Colombia,Otras ciudades,Bronce,False,False,True,1,0,0.0,24,10,6,False
23831,Ecuador,—,Bronce,True,False,False,0,0,0.0,36,1,6,True
23832,Colombia,Bogotá D.C.,Bronce,True,True,False,1,0,0.0,7,1,9,True
23833,Colombia,Cúcuta,Bronce,False,False,False,1,0,0.0,43,16,6,False
23834,México,—,Bronce,True,False,True,0,0,0.0,37,5,10,True
23835,Colombia,Otras ciudades,Bronce,True,False,True,1,0,0.0,97,8,3,False
23836,México,—,Bronce,True,False,True,1,0,0.0,11,0,9,True
23837,Uruguay,—,Bronce,False,False,True,7,5,1388.0,6,7,5,False
23838,Colombia,Bucaramanga,Bronce,False,False,True,2,1,352.0,17,2,9,True
23839,Colombia,Medellín,Bronce,True,False,True,1,0,0.0,25,0,8,True
23840,Colombia,Bogotá D.C.,Bronce,True,True,True,0,0,0.0,18,1,10,True
23841,Chile,—,Bronce,True,False,True,0,0,0.0,20,7,7,False
23842,México,—,Bronce,True,True,True,4,3,1563.0,25,3,4,True
23843,Colombia,Otras ciudades,Bronce,True,True,True,0,0,0.0,79,3,10,True
23844,México,—,Bronce,False,False,True,3,1,409.0,45,5,5,True
23845,Colombia,Armenia,Plata,False,False,True,9,5,2558.0,17,2,10,True
23846,Colombia,Bogotá D.C.,Plata,True,True,False,12,10,3766.0,39,2,6,True
23847,Perú,—,Bronce,True,False,True,0,0,0.0,11,3,4,True
23848,Colombia,Bogotá D.C.,Bronce,True,False,True,3,2,1142.0,42,3,9,True
23849,México,—,Plata,True,False,True,21,14,9032.0,7,5,10,True
23850,Perú,—,Bronce,False,False,False,5,4,2180.0,17,2,7,True
23851,Chile,—,Plata,True,False,True,11,10,6371.0,41,2,8,True
23852,México,—,Bronce,True,False,True,1,0,0.0,22,0,7,True
23853,Colombia,Armenia,Plata,True,False,True,16,12,4181.0,17,8,10,False
23854,Colombia,Cali,Bronce,False,True,True,3,2,1354.0,6,2,7,True
23855,Colombia,Medellín,Plata,True,False,True,9,5,2113.0,11,2,6,True
23856,Chile,—,Bronce,False,True,True,0,0,0.0,57,5,8,True
23857,Colombia,Bogotá D.C.,Oro,True,False,False,53,37,16259.0,43,6,8,True
23858,Perú,—,Bronce,False,True,True,0,0,0.0,43,18,4,False
23859,Colombia,Cartagena,Bronce,False,False,True,1,0,0.0,3,0,4,True
23860,Perú,—,Bronce,False,False,True,1,0,0.0,21,7,8,False
23861,México,—,Bronce,False,False,True,1,0,0.0,36,18,10,False
23862,Uruguay,—,Bronce,True,False,True,0,0,0.0,26,2,10,True
23863,México,—,Plata,False,False,True,12,11,5115.0,32,3,6,True
23864,Uruguay,—,Bronce,False,False,True,1,0,0.0,52,1,10,True
23865,Colombia,Medellín,Bronce,True,False,False,0,0,0.0,36,4,8,True
23866,Perú,—,Bronce,False,True,True,1,0,0.0,7,9,10,False
23867,Colombia,Bogotá D.C.,Bronce,True,False,True,6,4,1547.0,13,3,5,True
23868,Colombia,Cali,Bronce,True,True,True,2,1,572.0,22,0,7,True
23869,Perú,—,Bronce,True,False,True,2,1,497.0,29,14,9,False
23870,Colombia,Cúcuta,Bronce,False,False,False,5,3,765.0,42,2,6,True
23871,Ecuador,—,Platino,True,False,True,107,78,52548.0,25,1,7,True
23872,Colombia,Cali,Bronce,False,False,True,0,0,0.0,24,0,10,True
23873,Colombia,Bogotá D.C.,Bronce,False,False,True,3,2,1043.0,48,8,5,False
23874,Chile,—,Bronce,True,False,True,1,0,0.0,80,7,9,False
23875,Colombia,Otras ciudades,Plata,False,False,True,8,5,2565.0,24,5,7,True
23876,Colombia,Bogotá D.C.,Plata,False,True,True,11,7,3385.0,53,1,2,True
23877,Perú,—,Bronce,False,True,True,0,0,0.0,13,2,9,True
23878,México,—,Bronce,False,False,True,1,0,0.0,55,6,3,True
23879,Perú,—,Oro,False,False,False,44,28,16879.0,9,3,8,True
23880,Colombia,Bogotá D.C.,Platino,False,True,True,71,57,30867.0,34,3,6,True
23881,Colombia,Ibagué,Bronce,True,True,True,3,1,463.0,85,5,10,True
23882,Perú,—,Bronce,False,False,False,5,4,2144.0,11,14,7,False
23883,Colombia,Cali,Bronce,False,True,True,3,2,748.0,8,5,1,True
23884,Colombia,Bucaramanga,Bronce,True,False,True,1,0,0.0,43,3,5,True
23885,Colombia,Bogotá D.C.,Bronce,False,False,True,0,0,0.0,11,5,7,True
23886,México,—,Bronce,False,False,True,2,1,483.0,14,1,8,True
23887,México,—,Bronce,False,False,True,5,3,1189.0,9,2,10,True
23888,México,—,Bronce,True,True,True,0,0,0.0,19,7,6,False
23889,Ecuador,—,Bronce,True,False,True,2,1,630.0,11,5,8,True
23890,México,—,Bronce,True,False,True,1,0,0.0,3,1,8,True
23891,Chile,—,Oro,True,False,True,40,30,21722.0,12,7,10,False
23892,Colombia,Manizales,Bronce,True,False,True,3,1,554.0,42,3,4,True
23893,Colombia,Cúcuta,Bronce,True,False,True,1,0,0.0,34,0,7,True
23894,Colombia,Cúcuta,Bronce,True,False,True,4,2,1076.0,39,9,5,False
23895,México,—,Bronce,False,False,True,0,0,0.0,65,9,6,False
23896,México,—,Bronce,False,True,False,3,2,1057.0,36,6,9,True
23897,México,—,Bronce,False,False,True,2,1,542.0,10,19,7,False
23898,Colombia,Villavicencio,Bronce,False,False,True,0,0,0.0,53,3,8,True
23899,México,—,Bronce,False,False,True,0,0,0.0,63,1,7,True
23900,Colombia,Cartagena,Bronce,True,False,True,3,2,814.0,16,6,4,True
23901,Ecuador,—,Plata,False,False,True,11,10,4644.0,21,0,8,True
23902,Uruguay,—,Bronce,False,False,True,4,2,1003.0,7,1,8,True
23903,Colombia,Bogotá D.C.,Bronce,False,False,True,0,0,0.0,51,5,5,True
23904,Perú,—,Bronce,False,False,True,0,0,0.0,15,6,7,True
23905,Colombia,Otras ciudades,Bronce,True,False,True,5,4,2003.0,45,0,6,True
23906,México,—,Bronce,True,False,True,1,0,0.0,5,3,10,True
23907,Colombia,Cartagena,Bronce,True,False,True,6,4,1494.0,17,9,9,False
23908,Colombia,Cali,Bronce,False,False,True,0,0,0.0,17,7,8,False
23909,Colombia,Bogotá D.C.,Plata,True,True,True,13,8,3591.0,9,11,9,False
23910,Perú,—,Platino,True,False,True,63,56,32865.0,15,2,10,True
23911,Colombia,Cali,Bronce,True,False,True,0,0,0.0,23,11,7,False
23912,México,—,Bronce,False,False,True,0,0,0.0,71,4,8,True
23913,México,—,Bronce,True,False,True,2,1,467.0,59,0,10,True
23914,Colombia,Bogotá D.C.,Bronce,True,False,False,0,0,0.0,28,5,9,True
23915,Colombia,Popayán,Plata,False,True,True,8,7,2881.0,1,5,7,True
23916,México,—,Bronce,True,False,True,1,0,0.0,4,3,7,True
23917,Colombia,Medellín,Bronce,True,True,True,2,1,465.0,10,4,10,True
23918,Perú,—,Plata,True,False,True,11,7,3560.0,57,2,8,True
23919,Colombia,Bogotá D.C.,Bronce,True,True,True,6,4,1725.0,49,5,5,True
23920,Colombia,Cartagena,Bronce,True,False,False,0,0,0.0,23,1,4,True
23921,Colombia,Cartagena,Bronce,True,False,False,0,0,0.0,46,12,8,False
23922,Colombia,Bogotá D.C.,Bronce,False,True,True,2,1,471.0,25,5,7,True
23923,Colombia,Bogotá D.C.,Bronce,False,False,True,0,0,0.0,46,2,3,True
23924,México,—,Bronce,False,False,True,3,2,1207.0,16,12,5,False
23925,México,—,Oro,False,False,True,26,15,8664.0,14,4,5,True
23926,Colombia,Bogotá D.C.,Platino,False,False,True,66,43,15191.0,47,8,7,False
23927,Colombia,Armenia,Bronce,False,True,True,6,4,2400.0,21,5,6,True
23928,Perú,—,Bronce,False,True,True,0,0,0.0,28,1,8,True
23929,Uruguay,—,Bronce,False,True,True,2,1,614.0,11,2,9,True
23930,México,—,Plata,True,False,True,13,11,6090.0,44,1,6,True
23931,Ecuador,—,Plata,True,False,True,8,5,2869.0,19,6,3,True
23932,México,—,Bronce,False,False,True,0,0,0.0,56,3,4,True
23933,México,—,Bronce,True,True,False,0,0,0.0,16,8,3,False
23934,Ecuador,—,Bronce,True,False,False,0,0,0.0,26,4,7,True
23935,Colombia,Medellín,Bronce,True,False,True,1,0,0.0,26,9,5,False
23936,Colombia,Cali,Bronce,False,False,True,1,0,0.0,27,2,8,True
23937,México,—,Bronce,False,False,True,1,0,0.0,47,5,7,True
23938,Colombia,Bogotá D.C.,Bronce,False,False,True,0,0,0.0,63,6,10,True
23939,México,—,Bronce,True,True,True,0,0,0.0,18,7,9,False
23940,Colombia,Bogotá D.C.,Plata,True,False,True,8,5,2656.0,64,6,10,True
23941,Colombia,Medellín,Bronce,True,False,True,3,2,944.0,23,9,8,False
23942,Colombia,Cali,Bronce,True,True,True,0,0,0.0,51,0,6,True
23943,Ecuador,—,Bronce,False,False,False,0,0,0.0,69,0,3,True
23944,Colombia,Bogotá D.C.,Bronce,True,False,True,1,0,0.0,95,9,7,False
23945,Colombia,Cali,Bronce,False,True,True,5,3,1293.0,30,9,3,False
23946,Chile,—,Bronce,False,False,True,6,4,1431.0,5,7,8,False
23947,Colombia,Otras ciudades,Bronce,False,False,False,1,0,0.0,26,1,9,True
23948,Colombia,Medellín,Plata,False,True,True,13,7,3346.0,64,5,7,True
23949,México,—,Bronce,True,False,True,2,1,421.0,50,3,8,True
23950,Chile,—,Bronce,False,True,True,0,0,0.0,3,6,6,True
23951,Colombia,Medellín,Bronce,False,False,True,1,0,0.0,3,10,10,False
23952,Colombia,Barranquilla,Bronce,True,False,True,1,0,0.0,33,6,7,True
23953,México,—,Bronce,False,True,True,1,0,0.0,4,3,5,True
23954,Colombia,Bucaramanga,Plata,False,True,True,13,9,5186.0,31,7,9,False
23955,Colombia,Medellín,Plata,False,False,True,8,6,1080.0,30,11,7,False
23956,Colombia,Bogotá D.C.,Bronce,False,True,True,2,1,449.0,10,6,5,True
23957,México,—,Bronce,False,False,True,1,0,0.0,7,7,9,False
23958,México,—,Bronce,False,False,True,2,1,546.0,44,8,9,False
23959,Colombia,Montería,Bronce,False,False,True,0,0,0.0,50,11,9,False
23960,Chile,—,Oro,False,False,True,30,22,14867.0,3,1,7,True
23961,Colombia,Cúcuta,Bronce,False,False,True,0,0,0.0,22,13,8,False
23962,Colombia,Bogotá D.C.,Bronce,True,True,False,1,0,0.0,29,10,9,False
23963,Colombia,Medellín,Bronce,True,False,True,1,0,0.0,60,2,3,True
23964,Colombia,Villavicencio,Bronce,False,True,True,2,1,320.0,3,2,4,True
23965,Perú,—,Bronce,False,False,True,3,2,1036.0,2,0,6,True
23966,Colombia,Medellín,Bronce,False,False,True,2,1,497.0,13,5,10,True
23967,México,—,Bronce,True,False,False,2,1,467.0,37,5,4,True
23968,México,—,Bronce,False,False,True,0,0,0.0,22,3,10,True
23969,Colombia,Bogotá D.C.,Platino,True,False,True,108,83,31732.0,21,0,8,True
23970,México,—,Bronce,False,False,False,0,0,0.0,16,4,6,True
23971,México,—,Bronce,False,True,False,7,6,2597.0,19,13,7,False
23972,Colombia,Cartagena,Bronce,True,False,False,2,1,490.0,7,7,8,False
23973,Ecuador,—,Bronce,False,True,True,1,0,0.0,2,9,7,False
23974,Colombia,Bogotá D.C.,Bronce,True,False,True,1,0,0.0,5,0,7,True
23975,Uruguay,—,Bronce,False,False,False,0,0,0.0,48,6,7,True
23976,Colombia,Bucaramanga,Oro,True,False,False,25,15,8810.0,27,4,10,True
23977,México,—,Bronce,False,False,True,1,0,0.0,75,6,9,True
23978,Colombia,Bogotá D.C.,Bronce,False,False,True,4,3,719.0,22,3,6,True
23979,Perú,—,Bronce,True,False,True,1,0,0.0,47,6,8,True
23980,Colombia,Armenia,Plata,False,False,False,8,4,1508.0,41,9,10,False
23981,Colombia,Bogotá D.C.,Bronce,True,True,True,1,0,0.0,7,3,9,True
23982,Colombia,Bogotá D.C.,Bronce,False,False,False,2,1,407.0,92,2,10,True
23983,Colombia,Bogotá D.C.,Plata,False,False,True,8,6,2453.0,51,4,6,True
23984,México,—,Bronce,False,True,True,1,0,0.0,21,3,7,True
23985,México,—,Bronce,True,True,True,1,0,0.0,14,3,8,True
23986,Colombia,Montería,Plata,True,False,True,10,6,2867.0,27,5,10,True
23987,Colombia,Barranquilla,Bronce,True,False,True,0,0,0.0,40,2,10,True
23988,Colombia,Bogotá D.C.,Bronce,False,False,True,0,0,0.0,41,8,10,False
23989,Uruguay,—,Bronce,False,False,False,4,2,721.0,17,5,8,True
23990,Ecuador,—,Bronce,False,True,True,3,2,858.0,12,5,5,True
23991,Ecuador,—,Plata,False,True,True,10,7,2991.0,6,0,2,True
23992,Colombia,Bogotá D.C.,Bronce,True,False,True,0,0,0.0,11,10,10,False
23993,Colombia,Armenia,Bronce,True,False,True,0,0,0.0,54,6,6,True
23994,Colombia,Medellín,Bronce,False,False,True,1,0,0.0,5,0,3,True
23995,Colombia,Villavicencio,Bronce,False,False,True,4,3,1230.0,16,0,6,True
23996,Colombia,Barranquilla,Bronce,False,True,True,6,4,1754.0,56,1,7,True
23997,Uruguay,—,Bronce,True,True,False,0,0,0.0,13,17,5,False
23998,Colombia,Bogotá D.C.,Bronce,True,False,True,1,0,0.0,42,11,9,False
23999,Colombia,Bogotá D.C.,Bronce,True,True,True,5,4,1216.0,29,1,7,True
24000,Colombia,Bogotá D.C.,Bronce,True,False,False,3,2,606.0,39,6,7,True
24001,Colombia,Otras ciudades,Bronce,True,True,True,0,0,0.0,23,22,10,False
24002,Colombia,Villavicencio,Bronce,True,False,True,0,0,0.0,10,3,8,True
24003,México,—,Bronce,False,False,True,5,3,1460.0,28,11,8,False
24004,Colombia,Bogotá D.C.,Bronce,False,True,False,0,0,0.0,82,1,9,True
24005,México,—,Bronce,False,False,True,0,0,0.0,57,1,9,True
24006,Colombia,Medellín,Bronce,False,False,False,2,1,518.0,15,1,5,True
24007,Colombia,Bogotá D.C.,Bronce,True,False,True,2,1,475.0,46,2,10,True
24008,Colombia,Barranquilla,Bronce,True,True,True,3,1,357.0,29,4,9,True
24009,Colombia,Bogotá D.C.,Oro,False,False,True,29,24,7269.0,33,0,8,True
24010,Colombia,Medellín,Bronce,True,True,True,3,2,705.0,11,6,6,True
24011,Perú,—,Bronce,True,False,True,2,1,594.0,34,18,10,False
24012,Colombia,Manizales,Oro,False,False,True,30,26,15041.0,10,4,7,True
24013,Colombia,Medellín,Bronce,True,False,False,5,4,1941.0,41,4,9,True
24014,Colombia,Otras ciudades,Oro,False,False,True,29,21,9808.0,9,2,8,True
24015,Ecuador,—,Bronce,False,False,True,3,1,385.0,52,15,10,False
24016,Colombia,Otras ciudades,Bronce,True,True,True,5,3,1703.0,52,12,10,False
24017,Ecuador,—,Bronce,False,False,True,0,0,0.0,24,16,9,False
24018,México,—,Bronce,True,True,False,0,0,0.0,84,2,3,True
24019,México,—,Bronce,True,False,True,0,0,0.0,31,7,2,False
24020,Colombia,Bogotá D.C.,Bronce,True,False,False,0,0,0.0,13,12,5,False
24021,Ecuador,—,Bronce,False,True,False,0,0,0.0,23,0,6,True
24022,Colombia,Otras ciudades,Bronce,False,False,False,1,0,0.0,7,2,7,True
24023,México,—,Bronce,True,True,True,2,1,428.0,38,5,8,True
24024,Colombia,Barranquilla,Bronce,False,True,False,2,1,482.0,21,2,5,True
24025,Ecuador,—,Bronce,True,False,True,3,1,533.0,7,14,8,False
24026,México,—,Bronce,False,False,True,3,2,924.0,3,1,8,True
24027,México,—,Bronce,False,True,True,1,0,0.0,21,4,8,True
24028,Uruguay,—,Bronce,False,False,False,0,0,0.0,27,14,4,False
24029,Colombia,Ibagué,Platino,True,True,True,106,76,50229.0,1,0,5,True
24030,Colombia,Valledupar,Bronce,False,False,True,0,0,0.0,13,10,10,False
24031,Colombia,Bogotá D.C.,Bronce,False,False,False,2,1,292.0,15,3,7,True
24032,Ecuador,—,Bronce,False,False,False,2,1,431.0,52,2,8,True
24033,Colombia,Medellín,Bronce,True,True,True,2,1,519.0,30,3,6,True
24034,Chile,—,Bronce,True,False,True,1,0,0.0,67,3,5,True
24035,Colombia,Bogotá D.C.,Bronce,False,False,True,3,2,1157.0,1,8,9,False
24036,Colombia,Manizales,Bronce,True,False,True,0,0,0.0,19,5,5,True
24037,México,—,Bronce,True,False,False,3,1,337.0,3,6,8,True
24038,Ecuador,—,Bronce,True,True,True,0,0,0.0,37,0,8,True
24039,Colombia,Bogotá D.C.,Bronce,True,False,True,1,0,0.0,27,11,10,False
24040,México,—,Bronce,True,False,True,2,1,521.0,14,7,5,False
24041,Uruguay,—,Bronce,True,False,True,0,0,0.0,33,2,5,True
24042,Colombia,Villavicencio,Bronce,True,False,True,6,4,2066.0,6,29,6,False
24043,Colombia,Medellín,Plata,True,True,True,9,7,3327.0,20,3,3,True
24044,Colombia,Otras ciudades,Plata,False,True,True,8,5,3408.0,13,7,8,False
24045,Uruguay,—,Bronce,True,False,True,6,4,2233.0,52,8,10,False
24046,México,—,Bronce,False,False,True,3,2,1433.0,84,3,5,True
24047,Colombia,Bogotá D.C.,Plata,False,False,True,13,7,4035.0,11,7,6,False
24048,Colombia,Medellín,Bronce,True,False,True,0,0,0.0,15,6,6,True
24049,Colombia,Bogotá D.C.,Plata,True,False,True,12,8,5063.0,88,15,10,False
24050,México,—,Bronce,False,False,True,0,0,0.0,60,3,4,True
24051,Uruguay,—,Bronce,True,False,True,0,0,0.0,19,2,9,True
24052,Colombia,Cali,Bronce,False,False,True,7,5,2500.0,89,11,2,False
24053,Colombia,Bogotá D.C.,Bronce,False,False,True,6,5,2476.0,14,0,7,True
24054,Ecuador,—,Bronce,False,False,False,2,1,430.0,8,8,8,False
24055,Perú,—,Bronce,True,True,True,1,0,0.0,6,0,10,True
24056,Perú,—,Bronce,True,True,True,0,0,0.0,22,2,8,True
24057,Colombia,Bogotá D.C.,Bronce,True,True,True,0,0,0.0,4,12,8,False
24058,México,—,Bronce,False,False,True,0,0,0.0,46,2,4,True
24059,Colombia,Bogotá D.C.,Plata,True,False,False,11,8,3281.0,18,5,9,True
24060,Colombia,Medellín,Plata,True,True,True,9,7,3491.0,13,7,8,False
24061,Colombia,Bucaramanga,Bronce,False,False,True,2,1,473.0,57,5,8,True
24062,Uruguay,—,Bronce,True,True,True,0,0,0.0,19,1,10,True
24063,México,—,Bronce,False,False,True,2,1,294.0,42,8,7,False
24064,Colombia,Bogotá D.C.,Bronce,True,False,True,3,2,857.0,23,3,8,True
24065,Colombia,Valledupar,Bronce,True,False,True,0,0,0.0,44,3,6,True
24066,Colombia,Bogotá D.C.,Bronce,True,True,True,2,1,557.0,26,4,8,True
24067,Colombia,Cali,Oro,False,False,True,35,29,9773.0,14,0,7,True
24068,Colombia,Cartagena,Bronce,False,False,True,4,3,1648.0,40,6,7,True
24069,Colombia,Bogotá D.C.,Bronce,True,False,True,3,2,796.0,6,4,5,True
24070,Colombia,Bogotá D.C.,Bronce,True,False,False,4,3,1608.0,46,5,5,True
24071,Colombia,Bogotá D.C.,Plata,False,True,True,10,8,4106.0,8,3,9,True
24072,México,—,Bronce,True,False,True,2,1,466.0,81,3,1,True
24073,Ecuador,—,Bronce,False,True,True,2,1,471.0,7,12,8,False
24074,Colombia,Pereira,Bronce,True,False,True,3,2,1420.0,38,3,2,True
24075,México,—,Plata,False,False,True,12,7,4143.0,37,11,5,False
24076,Colombia,Bogotá D.C.,Bronce,False,False,True,1,0,0.0,11,0,9,True
24077,Colombia,Medellín,Bronce,True,False,True,0,0,0.0,17,5,10,True
24078,México,—,Bronce,True,True,True,4,2,1091.0,15,12,7,False
24079,Colombia,Pasto,Bronce,True,True,True,0,0,0.0,17,11,9,False
24080,Colombia,Barranquilla,Bronce,False,False,True,5,2,1129.0,39,8,5,False
24081,México,—,Plata,False,False,False,10,6,3963.0,137,13,8,False
24082,Colombia,Bogotá D.C.,Bronce,False,False,True,7,5,3884.0,59,3,6,True
24083,Colombia,Cartagena,Bronce,True,False,True,2,1,543.0,36,4,10,True
24084,Colombia,Barranquilla,Oro,True,False,True,26,21,11234.0,3,7,7,False
24085,México,—,Plata,False,False,True,12,7,4065.0,12,2,7,True
24086,México,—,Bronce,False,False,True,0,0,0.0,28,4,6,True
24087,México,—,Plata,False,False,True,8,5,3193.0,4,2,6,True
24088,México,—,Bronce,True,False,False,1,0,0.0,13,3,6,True
24089,Colombia,Pereira,Bronce,False,False,True,3,2,689.0,92,3,10,True
24090,Chile,—,Bronce,True,False,True,4,3,1514.0,10,1,8,True
24091,Colombia,Bucaramanga,Plata,False,False,True,16,12,6049.0,18,4,6,True
24092,Colombia,Cali,Bronce,True,False,True,3,2,918.0,46,2,8,True
24093,Colombia,Bogotá D.C.,Bronce,False,True,True,3,2,781.0,62,14,9,False
24094,Colombia,Cali,Bronce,True,True,True,3,1,550.0,8,3,10,True
24095,Colombia,Cali,Oro,False,False,True,29,24,11302.0,48,8,9,False
24096,Colombia,Bogotá D.C.,Bronce,True,False,True,2,1,468.0,54,4,5,True
24097,Colombia,Bogotá D.C.,Bronce,False,False,True,0,0,0.0,31,7,4,False
24098,México,—,Bronce,False,False,True,3,2,1043.0,37,1,8,True
24099,Colombia,Medellín,Bronce,False,False,False,3,1,521.0,37,5,7,True
24100,Perú,—,Bronce,False,False,True,2,1,664.0,62,0,9,True
24101,Colombia,Montería,Bronce,False,False,False,3,2,613.0,21,2,10,True
24102,Colombia,Medellín,Bronce,True,False,True,1,0,0.0,14,2,7,True
24103,Ecuador,—,Bronce,True,False,True,0,0,0.0,6,1,7,True
24104,Colombia,Barranquilla,Oro,True,False,True,58,36,17057.0,25,6,10,True
24105,México,—,Bronce,False,False,True,3,1,496.0,13,12,7,False
24106,México,—,Bronce,False,False,True,1,0,0.0,15,2,10,True
24107,Colombia,Bogotá D.C.,Bronce,True,False,True,0,0,0.0,18,20,6,False
24108,Colombia,Barranquilla,Bronce,False,False,True,6,5,2511.0,18,25,10,False
24109,Perú,—,Plata,True,True,True,10,6,2902.0,81,7,8,False
24110,Ecuador,—,Plata,False,False,True,8,6,2803.0,113,6,5,True
24111,Colombia,Medellín,Oro,False,False,False,38,30,13710.0,29,24,7,False
24112,Colombia,Cali,Bronce,False,True,True,1,0,0.0,17,4,7,True
24113,México,—,Bronce,False,False,True,0,0,0.0,46,4,9,True
24114,Colombia,Bogotá D.C.,Bronce,False,False,True,7,5,2548.0,22,1,10,True
24115,Colombia,Bogotá D.C.,Bronce,True,True,False,0,0,0.0,1,0,10,True
24116,Colombia,Bogotá D.C.,Bronce,False,False,True,6,4,2386.0,22,6,7,True
24117,Perú,—,Bronce,True,False,True,0,0,0.0,31,0,10,True
24118,Colombia,Bogotá D.C.,Platino,True,False,True,128,87,26372.0,21,10,10,False
24119,Colombia,Cali,Plata,False,False,False,17,13,7145.0,38,2,10,True
24120,Colombia,Bucaramanga,Bronce,False,True,True,3,2,955.0,50,13,7,False
24121,Colombia,Montería,Bronce,False,False,True,0,0,0.0,41,2,7,True
24122,Colombia,Barranquilla,Plata,True,True,True,14,11,6878.0,71,2,9,True
24123,Uruguay,—,Bronce,False,True,True,0,0,0.0,33,11,8,False
24124,México,—,Bronce,False,False,True,7,5,3125.0,9,1,6,True
24125,Uruguay,—,Bronce,True,False,True,0,0,0.0,8,10,10,False
24126,Colombia,Medellín,Bronce,False,False,True,4,3,1848.0,8,2,8,True
24127,Colombia,Pereira,Bronce,False,False,True,0,0,0.0,28,8,7,False
24128,Colombia,Barranquilla,Bronce,True,True,True,0,0,0.0,1,5,6,True
24129,México,—,Bronce,False,False,False,1,0,0.0,5,4,7,True
24130,Colombia,Bogotá D.C.,Bronce,False,False,False,0,0,0.0,24,8,7,False
24131,Colombia,Medellín,Bronce,False,False,True,7,4,1189.0,7,1,10,True
24132,México,—,Bronce,False,False,True,2,1,290.0,40,2,6,True
24133,Perú,—,Plata,False,False,True,11,7,3005.0,67,1,8,True
24134,Perú,—,Bronce,False,False,True,1,0,0.0,89,9,4,False
24135,Colombia,Pasto,Bronce,True,True,True,5,3,1272.0,22,4,8,True
24136,Colombia,Cartagena,Plata,False,False,True,10,6,3698.0,9,8,6,False
24137,Colombia,Cali,Plata,True,True,False,11,7,4089.0,22,24,5,False
24138,Ecuador,—,Bronce,True,True,True,0,0,0.0,19,6,8,True
24139,Colombia,Medellín,Bronce,True,False,True,0,0,0.0,50,3,10,True
24140,Uruguay,—,Bronce,False,True,True,0,0,0.0,33,1,10,True
24141,Ecuador,—,Bronce,False,False,True,0,0,0.0,9,5,10,True
24142,Colombia,Cúcuta,Plata,False,False,False,21,16,6115.0,9,8,8,False
24143,Colombia,Bogotá D.C.,Bronce,True,False,True,7,5,2375.0,34,10,7,False
24144,Uruguay,—,Plata,True,False,True,19,14,8788.0,36,6,7,True
24145,México,—,Bronce,False,True,True,1,0,0.0,43,0,7,True
24146,Ecuador,—,Bronce,True,False,False,0,0,0.0,1,15,5,False
24147,Colombia,Otras ciudades,Bronce,False,False,True,1,0,0.0,19,2,7,True
24148,Colombia,Otras ciudades,Bronce,False,True,True,1,0,0.0,19,4,6,True
24149,Colombia,Pereira,Bronce,False,False,True,1,0,0.0,4,1,8,True
24150,Perú,—,Bronce,False,True,True,0,0,0.0,31,8,7,False
24151,Uruguay,—,Plata,False,False,True,13,11,5482.0,62,4,4,True
24152,Colombia,Bogotá D.C.,Bronce,False,False,True,1,0,0.0,37,13,10,False
24153,Colombia,Bogotá D.C.,Bronce,False,False,True,0,0,0.0,59,1,5,True
24154,Colombia,Bogotá D.C.,Bronce,False,True,True,1,0,0.0,41,3,10,True
24155,Colombia,Otras ciudades,Bronce,False,False,True,3,2,836.0,8,2,7,True
24156,Colombia,Popayán,Bronce,False,False,True,3,2,1071.0,7,3,8,True
24157,Colombia,Bogotá D.C.,Bronce,True,False,True,2,1,540.0,2,3,8,True
24158,Colombia,Pereira,Bronce,False,False,True,0,0,0.0,15,11,9,False
24159,México,—,Bronce,True,False,True,5,3,1797.0,12,1,7,True
24160,Colombia,Bucaramanga,Bronce,False,False,True,1,0,0.0,17,11,9,False
24161,Colombia,Barranquilla,Bronce,True,False,True,1,0,0.0,25,2,10,True
24162,Ecuador,—,Bronce,True,False,False,1,0,0.0,24,8,6,False
24163,Colombia,Medellín,Bronce,False,True,True,0,0,0.0,5,7,9,False
24164,Colombia,Bogotá D.C.,Bronce,False,False,True,3,2,1215.0,17,11,9,False
24165,Colombia,Bucaramanga,Bronce,False,True,True,2,1,524.0,30,5,8,True
24166,Colombia,Medellín,Plata,False,True,True,10,7,2877.0,40,6,5,True
24167,Colombia,Cartagena,Bronce,True,True,True,0,0,0.0,18,2,10,True
24168,Uruguay,—,Bronce,True,False,True,2,1,315.0,30,1,10,True
24169,Perú,—,Plata,False,True,False,15,12,6262.0,129,4,7,True
24170,Colombia,Bogotá D.C.,Bronce,False,False,True,1,0,0.0,17,5,9,True
24171,Colombia,Bogotá D.C.,Bronce,False,False,True,0,0,0.0,57,3,0,True
24172,Colombia,Barranquilla,Bronce,False,False,True,0,0,0.0,21,7,9,False
24173,Colombia,Cali,Bronce,False,False,True,0,0,0.0,67,6,5,True
24174,Perú,—,Bronce,False,False,True,1,0,0.0,31,2,9,True
24175,Colombia,Bogotá D.C.,Bronce,True,False,True,2,1,531.0,10,8,6,False
24176,México,—,Bronce,False,False,False,0,0,0.0,17,5,8,True
24177,México,—,Bronce,False,True,True,3,2,651.0,27,1,2,True
24178,Colombia,Manizales,Bronce,True,False,True,0,0,0.0,13,4,3,True
24179,Colombia,Ibagué,Bronce,False,False,True,0,0,0.0,47,3,8,True
24180,México,—,Bronce,False,False,True,0,0,0.0,89,7,3,False
24181,Colombia,Bogotá D.C.,Plata,True,True,True,12,10,5259.0,32,0,10,True
24182,México,—,Bronce,True,False,True,0,0,0.0,37,4,8,True
24183,Colombia,Armenia,Bronce,False,True,True,0,0,0.0,4,13,8,False
24184,Ecuador,—,Bronce,False,False,True,0,0,0.0,58,10,9,False
24185,Colombia,Otras ciudades,Bronce,True,False,True,0,0,0.0,63,10,10,False
24186,México,—,Bronce,False,True,True,1,0,0.0,70,2,6,True
24187,Colombia,Bogotá D.C.,Bronce,False,True,True,0,0,0.0,9,16,7,False
24188,Colombia,Barranquilla,Bronce,False,False,True,1,0,0.0,9,15,6,False
24189,Uruguay,—,Bronce,True,False,True,1,0,0.0,47,4,7,True
24190,Colombia,Armenia,Bronce,True,False,True,1,0,0.0,13,7,9,False
24191,Colombia,Montería,Plata,True,False,True,12,8,2609.0,25,1,6,True
24192,México,—,Bronce,False,False,True,0,0,0.0,34,12,3,False
24193,Colombia,Bogotá D.C.,Bronce,True,False,True,0,0,0.0,31,21,6,False
24194,Colombia,Medellín,Bronce,False,False,True,2,1,418.0,48,9,8,False
24195,Perú,—,Bronce,False,False,True,0,0,0.0,8,2,5,True
24196,Colombia,Bogotá D.C.,Bronce,False,False,True,3,2,659.0,16,1,5,True
24197,Uruguay,—,Bronce,True,False,True,4,2,1099.0,35,3,9,True
24198,Colombia,Pasto,Bronce,False,True,False,0,0,0.0,20,10,9,False
24199,Colombia,Bogotá D.C.,Bronce,False,False,True,0,0,0.0,37,5,5,True
24200,Colombia,Barranquilla,Bronce,True,True,True,1,0,0.0,75,0,9,True
24201,México,—,Bronce,False,True,True,2,1,561.0,8,1,9,True
24202,Colombia,Cartagena,Bronce,False,False,True,1,0,0.0,28,6,9,True
24203,Colombia,Bogotá D.C.,Bronce,True,False,True,7,5,2636.0,4,8,7,False
24204,Colombia,Neiva,Bronce,False,True,True,2,1,635.0,76,5,4,True
24205,Colombia,Barranquilla,Bronce,False,True,True,1,0,0.0,56,4,6,True
24206,Colombia,Otras ciudades,Bronce,False,False,True,7,4,1804.0,24,8,4,False
24207,Colombia,Barranquilla,Bronce,True,False,True,1,0,0.0,76,6,6,True
24208,Colombia,Bogotá D.C.,Bronce,False,False,True,4,2,1131.0,40,10,6,False
24209,Colombia,Cúcuta,Bronce,False,False,True,1,0,0.0,12,2,10,True
24210,Colombia,Bogotá D.C.,Bronce,True,True,True,0,0,0.0,39,1,10,True
24211,Colombia,Barranquilla,Bronce,True,False,True,0,0,0.0,2,5,9,True
24212,Colombia,Otras ciudades,Bronce,True,False,True,4,3,1365.0,20,1,7,True
24213,Uruguay,—,Bronce,False,False,True,0,0,0.0,11,5,10,True
24214,Colombia,Barranquilla,Plata,True,False,True,14,9,4151.0,48,0,7,True
24215,Colombia,Barranquilla,Bronce,False,False,True,2,1,521.0,26,6,8,True
24216,Colombia,Otras ciudades,Bronce,False,False,True,0,0,0.0,3,3,9,True
24217,Ecuador,—,Bronce,True,False,True,3,2,908.0,96,0,6,True
24218,México,—,Bronce,False,True,True,0,0,0.0,15,5,3,True
24219,Perú,—,Plata,False,True,True,14,12,7849.0,14,5,9,True
24220,México,—,Bronce,True,True,True,4,3,1208.0,12,2,9,True
24221,Ecuador,—,Bronce,True,False,False,1,0,0.0,12,18,10,False
24222,México,—,Bronce,False,True,True,0,0,0.0,29,0,9,True
24223,Ecuador,—,Bronce,True,False,True,5,4,1905.0,28,3,5,True
24224,Colombia,Pereira,Bronce,False,False,True,0,0,0.0,16,1,9,True
24225,Colombia,Bucaramanga,Bronce,True,False,True,0,0,0.0,15,9,4,False
24226,Colombia,Otras ciudades,Oro,False,False,True,26,21,16098.0,9,2,3,True
24227,Chile,—,Bronce,False,False,True,5,4,2630.0,15,5,10,True
24228,Colombia,Manizales,Bronce,False,False,True,1,0,0.0,20,1,9,True
24229,Colombia,Medellín,Plata,True,False,True,8,5,2830.0,11,6,2,True
24230,Uruguay,—,Bronce,True,False,True,0,0,0.0,48,21,4,False
24231,Ecuador,—,Bronce,False,True,True,0,0,0.0,29,8,8,False
24232,Colombia,Otras ciudades,Bronce,False,True,False,6,3,1264.0,17,11,7,False
24233,Colombia,Cúcuta,Plata,True,True,True,12,10,4242.0,9,7,3,False
24234,Colombia,Cali,Bronce,True,False,True,5,3,1332.0,51,25,8,False
24235,Colombia,Bucaramanga,Bronce,True,True,False,0,0,0.0,8,9,7,False
24236,Colombia,Bogotá D.C.,Bronce,False,False,True,2,1,303.0,69,2,7,True
24237,Colombia,Medellín,Bronce,True,False,True,0,0,0.0,42,0,5,True
24238,Uruguay,—,Bronce,False,False,True,5,3,1297.0,29,5,7,True
24239,Colombia,Bogotá D.C.,Plata,False,False,True,13,10,6243.0,12,1,7,True
24240,Colombia,Bogotá D.C.,Bronce,False,False,True,3,1,599.0,17,5,6,True
24241,Ecuador,—,Bronce,False,False,True,2,1,567.0,69,4,10,True
24242,Colombia,Manizales,Bronce,True,False,True,2,1,479.0,71,1,7,True
24243,Colombia,Barranquilla,Bronce,False,False,True,0,0,0.0,13,1,7,True
24244,Uruguay,—,Bronce,False,True,True,0,0,0.0,16,12,8,False
24245,México,—,Bronce,True,False,True,1,0,0.0,27,4,2,True
24246,Colombia,Medellín,Plata,False,True,True,8,5,1811.0,10,2,4,True
24247,Perú,—,Bronce,False,False,True,0,0,0.0,11,4,8,True
24248,Colombia,Cali,Bronce,False,False,True,3,2,925.0,41,1,7,True
24249,Colombia,Bucaramanga,Bronce,True,False,False,0,0,0.0,44,6,4,True
24250,Colombia,Neiva,Bronce,True,False,False,2,1,453.0,17,9,9,False
24251,Colombia,Barranquilla,Bronce,True,False,True,0,0,0.0,22,1,3,True
24252,Colombia,Medellín,Bronce,True,False,True,0,0,0.0,34,10,8,False
24253,Perú,—,Bronce,False,False,True,4,3,1723.0,11,15,6,False
24254,Colombia,Otras ciudades,Bronce,True,False,False,1,0,0.0,15,4,10,True
24255,Colombia,Barranquilla,Bronce,False,True,True,0,0,0.0,33,2,8,True
24256,Colombia,Medellín,Bronce,True,False,True,0,0,0.0,43,4,8,True
24257,Colombia,Bogotá D.C.,Bronce,False,True,True,0,0,0.0,15,9,8,False
24258,Ecuador,—,Bronce,False,False,True,0,0,0.0,14,6,1,True
24259,Colombia,Cúcuta,Plata,False,True,True,15,11,6368.0,53,2,7,True
24260,Colombia,Bogotá D.C.,Bronce,False,False,True,1,0,0.0,6,9,6,False
24261,Ecuador,—,Bronce,False,False,True,0,0,0.0,43,7,5,False
24262,Ecuador,—,Bronce,False,False,False,6,4,1674.0,20,8,6,False
24263,Colombia,Neiva,Bronce,False,False,True,2,1,413.0,31,0,10,True
24264,Ecuador,—,Bronce,False,False,True,4,3,1597.0,24,4,6,True
24265,Colombia,Barranquilla,Bronce,False,False,False,1,0,0.0,92,3,4,True
24266,México,—,Bronce,True,False,True,3,2,1362.0,30,0,4,True
24267,Colombia,Bogotá D.C.,Bronce,True,False,True,3,1,621.0,16,19,8,False
24268,Colombia,Cúcuta,Bronce,False,False,False,0,0,0.0,38,6,3,True
24269,Colombia,Barranquilla,Bronce,True,False,True,6,4,1667.0,2,1,7,True
24270,Uruguay,—,Bronce,False,True,True,3,2,873.0,12,3,8,True
24271,Colombia,Cali,Plata,False,False,True,9,8,2634.0,37,1,8,True
24272,México,—,Oro,False,True,False,27,18,6612.0,9,2,7,True
24273,México,—,Bronce,True,False,True,0,0,0.0,19,5,5,True
24274,México,—,Oro,True,False,True,43,25,13150.0,7,5,7,True
24275,Perú,—,Bronce,True,True,True,1,0,0.0,16,0,10,True
24276,México,—,Bronce,False,False,True,0,0,0.0,21,3,7,True
24277,México,—,Bronce,True,True,False,1,0,0.0,7,3,10,True
24278,Colombia,Villavicencio,Bronce,False,False,True,0,0,0.0,6,2,9,True
24279,Ecuador,—,Bronce,False,False,False,3,2,616.0,59,3,7,True
24280,Colombia,Medellín,Bronce,True,False,False,0,0,0.0,13,3,7,True
24281,Colombia,Barranquilla,Bronce,True,False,True,0,0,0.0,38,3,6,True
24282,Colombia,Bogotá D.C.,Bronce,False,True,True,4,2,1300.0,47,10,10,False
24283,Uruguay,—,Bronce,True,True,True,1,0,0.0,17,8,10,False
24284,Colombia,Bogotá D.C.,Bronce,False,True,True,0,0,0.0,28,6,5,True
24285,Colombia,Bucaramanga,Plata,True,False,True,11,9,3582.0,16,20,10,False
24286,Perú,—,Bronce,False,False,True,0,0,0.0,54,7,5,False
24287,Colombia,Bogotá D.C.,Plata,True,True,True,10,5,2599.0,21,6,5,True
24288,Colombia,Otras ciudades,Plata,True,False,True,8,5,2285.0,50,2,5,True
24289,Colombia,Bogotá D.C.,Bronce,False,False,False,1,0,0.0,16,11,6,False
24290,Colombia,Santa Marta,Bronce,True,False,True,1,0,0.0,31,4,5,True
24291,Colombia,Medellín,Bronce,False,False,False,1,0,0.0,25,4,5,True
24292,México,—,Plata,True,True,True,21,12,5541.0,30,4,4,True
24293,Colombia,Medellín,Plata,False,False,True,20,16,7405.0,11,6,6,True
24294,Colombia,Bogotá D.C.,Bronce,False,False,False,2,1,297.0,5,5,10,True
24295,Colombia,Bogotá D.C.,Bronce,True,True,True,2,1,471.0,16,5,6,True
24296,Colombia,Bogotá D.C.,Bronce,False,False,True,0,0,0.0,83,2,10,True
24297,Colombia,Bogotá D.C.,Platino,False,True,True,153,141,45022.0,26,8,7,False
24298,Chile,—,Plata,True,False,False,12,11,5688.0,25,5,5,True
24299,Colombia,Ibagué,Bronce,False,False,True,0,0,0.0,21,4,5,True
24300,Colombia,Villavicencio,Bronce,True,False,True,3,1,544.0,18,6,6,True
24301,Colombia,Medellín,Bronce,False,False,True,4,3,1080.0,22,7,3,False
24302,Perú,—,Bronce,False,True,True,1,0,0.0,34,4,10,True
24303,Ecuador,—,Bronce,True,True,True,7,4,1984.0,3,1,10,True
24304,Colombia,Otras ciudades,Bronce,False,False,True,4,2,971.0,38,1,8,True
24305,Colombia,Otras ciudades,Bronce,False,False,True,0,0,0.0,24,7,3,False
24306,México,—,Bronce,False,True,True,2,1,478.0,3,0,9,True
24307,Ecuador,—,Bronce,True,False,True,0,0,0.0,19,4,9,True
24308,Colombia,Medellín,Bronce,False,True,False,4,2,708.0,16,1,9,True
24309,Colombia,Bogotá D.C.,Bronce,False,False,True,0,0,0.0,72,1,4,True
24310,México,—,Bronce,True,True,True,3,2,947.0,45,14,6,False
24311,México,—,Bronce,False,False,True,0,0,0.0,27,0,5,True
24312,Colombia,Barranquilla,Oro,False,True,True,39,27,11558.0,50,3,5,True
24313,Perú,—,Platino,True,True,True,62,45,22236.0,5,6,5,True
24314,México,—,Bronce,False,False,True,1,0,0.0,23,8,8,False
24315,Colombia,Bogotá D.C.,Bronce,False,False,True,2,1,662.0,64,6,10,True
24316,Colombia,Cartagena,Platino,True,False,False,64,48,22962.0,32,10,8,False
24317,Colombia,Bogotá D.C.,Bronce,False,False,True,0,0,0.0,46,14,6,False
24318,México,—,Bronce,False,False,True,3,2,1076.0,19,2,8,True
24319,Ecuador,—,Bronce,True,False,True,0,0,0.0,33,7,9,False
24320,Colombia,Otras ciudades,Bronce,True,False,False,1,0,0.0,49,11,10,False
24321,Uruguay,—,Bronce,False,False,True,0,0,0.0,41,1,6,True
24322,Colombia,Cali,Bronce,False,False,False,0,0,0.0,4,4,4,True
24323,México,—,Bronce,False,True,True,0,0,0.0,59,2,8,True
24324,Ecuador,—,Bronce,True,False,True,2,1,689.0,3,3,5,True
24325,Ecuador,—,Bronce,False,True,True,1,0,0.0,49,9,9,False
24326,Colombia,Bogotá D.C.,Bronce,False,True,True,0,0,0.0,24,7,5,False
24327,Colombia,Bogotá D.C.,Bronce,False,True,True,0,0,0.0,7,4,6,True
24328,Ecuador,—,Bronce,False,True,True,0,0,0.0,117,9,6,False
24329,Perú,—,Bronce,True,False,True,5,3,1368.0,52,2,4,True
24330,México,—,Plata,True,False,True,9,6,2729.0,5,8,6,False
24331,Colombia,Medellín,Bronce,True,True,True,0,0,0.0,12,4,5,True
24332,Colombia,Bogotá D.C.,Bronce,True,False,True,1,0,0.0,50,4,8,True
24333,Colombia,Montería,Oro,False,False,False,46,31,14021.0,14,12,4,False
24334,Colombia,Popayán,Bronce,True,False,True,1,0,0.0,22,0,7,True
24335,Perú,—,Bronce,False,True,True,3,2,687.0,14,1,7,True
24336,México,—,Bronce,False,False,True,0,0,0.0,50,2,7,True
24337,Colombia,Bogotá D.C.,Bronce,False,False,True,0,0,0.0,22,17,5,False
24338,Colombia,Cali,Plata,True,False,True,23,17,9553.0,51,20,1,False
24339,Colombia,Bucaramanga,Bronce,False,False,False,0,0,0.0,26,12,10,False
24340,Ecuador,—,Bronce,True,False,True,0,0,0.0,22,5,7,True
24341,Uruguay,—,Bronce,False,False,True,1,0,0.0,19,1,9,True
24342,México,—,Oro,False,False,False,35,29,10211.0,24,10,9,False
24343,Colombia,Villavicencio,Bronce,False,False,True,3,2,1115.0,6,10,8,False
24344,Colombia,Pereira,Bronce,False,True,True,0,0,0.0,1,3,9,True
24345,Colombia,Bucaramanga,Bronce,False,False,True,0,0,0.0,46,5,4,True
24346,México,—,Bronce,False,False,True,5,4,1821.0,30,2,7,True
24347,México,—,Bronce,False,False,False,2,1,701.0,58,4,7,True
24348,Chile,—,Plata,True,False,True,17,14,9279.0,10,5,8,True
24349,Colombia,Barranquilla,Bronce,False,False,True,6,3,1321.0,48,2,8,True
24350,Colombia,Bogotá D.C.,Bronce,True,False,True,0,0,0.0,40,9,6,False
24351,Ecuador,—,Bronce,False,False,True,5,3,1508.0,41,1,9,True
24352,México,—,Bronce,False,False,True,0,0,0.0,27,2,9,True
24353,Ecuador,—,Bronce,False,False,True,0,0,0.0,12,4,10,True
24354,Colombia,Barranquilla,Bronce,True,False,True,1,0,0.0,2,2,8,True
24355,México,—,Plata,False,False,True,21,18,8671.0,4,28,5,False
24356,Colombia,Manizales,Bronce,True,False,True,6,5,3074.0,12,2,5,True
24357,Uruguay,—,Bronce,False,False,True,1,0,0.0,23,3,10,True
24358,Colombia,Santa Marta,Bronce,True,False,True,2,1,598.0,21,2,5,True
24359,Colombia,Medellín,Bronce,False,True,True,0,0,0.0,14,4,6,True
24360,México,—,Oro,False,True,True,34,26,13558.0,18,20,7,False
24361,Colombia,Bogotá D.C.,Bronce,False,False,True,0,0,0.0,20,4,5,True
24362,México,—,Oro,True,False,False,53,30,12582.0,21,10,8,False
24363,Colombia,Cali,Bronce,True,False,True,0,0,0.0,31,0,6,True
24364,Colombia,Medellín,Bronce,False,True,False,0,0,0.0,15,8,9,False
24365,Colombia,Barranquilla,Bronce,False,False,True,4,3,1735.0,4,1,8,True
24366,Colombia,Bucaramanga,Bronce,False,False,True,0,0,0.0,3,3,8,True
24367,Uruguay,—,Bronce,True,False,True,0,0,0.0,9,1,8,True
24368,Colombia,Montería,Bronce,True,False,False,0,0,0.0,28,1,8,True
24369,Colombia,Bogotá D.C.,Bronce,False,False,True,5,4,1672.0,8,0,8,True
24370,Colombia,Bogotá D.C.,Plata,False,False,False,10,6,1780.0,8,4,3,True
24371,Perú,—,Bronce,True,False,False,0,0,0.0,2,21,5,False
24372,Uruguay,—,Bronce,False,False,True,2,1,561.0,29,0,5,True
24373,Ecuador,—,Bronce,False,False,True,0,0,0.0,9,3,10,True
24374,Colombia,Medellín,Bronce,True,True,True,1,0,0.0,2,3,9,True
24375,Uruguay,—,Bronce,True,False,True,1,0,0.0,25,2,6,True
24376,México,—,Bronce,True,False,False,1,0,0.0,18,8,10,False
24377,Colombia,Medellín,Bronce,True,False,True,6,4,1894.0,12,7,10,False
24378,Colombia,Bogotá D.C.,Bronce,False,False,True,5,3,788.0,39,0,9,True
24379,Colombia,Bogotá D.C.,Bronce,False,False,True,5,4,2109.0,25,3,9,True
24380,Colombia,Bogotá D.C.,Bronce,True,False,False,0,0,0.0,41,3,4,True
24381,México,—,Bronce,False,False,False,2,1,544.0,22,4,10,True
24382,México,—,Bronce,False,False,True,1,0,0.0,33,6,6,True
24383,Colombia,Bogotá D.C.,Bronce,False,True,True,0,0,0.0,5,9,7,False
24384,Colombia,Bucaramanga,Plata,False,True,True,10,8,4341.0,6,5,10,True
24385,Perú,—,Bronce,True,False,True,0,0,0.0,34,8,8,False
24386,Colombia,Pereira,Bronce,False,False,True,4,3,1876.0,20,16,3,False
24387,Colombia,Medellín,Plata,True,False,True,11,9,4702.0,7,2,3,True
24388,Ecuador,—,Bronce,False,True,True,1,0,0.0,42,2,6,True
24389,Uruguay,—,Bronce,True,True,True,0,0,0.0,4,6,7,True
24390,Colombia,Bogotá D.C.,Bronce,True,True,True,0,0,0.0,8,5,10,True
24391,Colombia,Bucaramanga,Bronce,False,False,True,0,0,0.0,13,9,8,False
24392,Colombia,Popayán,Bronce,False,False,True,0,0,0.0,12,0,7,True
24393,Perú,—,Bronce,False,False,True,5,3,1982.0,11,3,6,True
24394,Colombia,Otras ciudades,Bronce,False,True,True,0,0,0.0,34,12,6,False
24395,Colombia,Otras ciudades,Bronce,True,False,False,2,1,472.0,19,0,7,True
24396,Colombia,Bogotá D.C.,Bronce,False,False,True,3,2,770.0,4,6,9,True
24397,Colombia,Bogotá D.C.,Bronce,False,False,False,1,0,0.0,7,4,8,True
24398,México,—,Plata,True,False,True,16,10,6045.0,32,5,8,True
24399,Colombia,Medellín,Bronce,False,True,True,0,0,0.0,43,7,8,False
24400,Colombia,Villavicencio,Bronce,True,False,True,1,0,0.0,27,7,10,False
24401,Colombia,Medellín,Plata,True,True,True,12,8,4071.0,16,2,10,True
24402,México,—,Plata,True,True,False,20,13,6297.0,38,9,6,False
24403,Colombia,Bogotá D.C.,Bronce,True,False,False,2,1,458.0,50,3,6,True
24404,Ecuador,—,Bronce,False,False,True,2,1,336.0,59,7,9,False
24405,Perú,—,Bronce,True,False,True,1,0,0.0,28,18,3,False
24406,Colombia,Ibagué,Bronce,True,True,True,0,0,0.0,72,13,7,False
24407,México,—,Bronce,False,False,True,2,1,575.0,41,9,9,False
24408,Colombia,Valledupar,Bronce,False,False,True,0,0,0.0,26,16,6,False
24409,Colombia,Bogotá D.C.,Bronce,True,False,True,3,2,814.0,5,13,10,False
24410,Colombia,Medellín,Bronce,True,False,True,1,0,0.0,36,11,4,False
24411,Colombia,Cali,Bronce,True,True,True,1,0,0.0,4,4,10,True
24412,Colombia,Otras ciudades,Bronce,False,True,True,0,0,0.0,2,3,10,True
24413,Colombia,Cartagena,Bronce,True,False,True,5,4,1245.0,62,6,8,True
24414,Colombia,Bogotá D.C.,Bronce,True,False,True,2,1,555.0,31,22,10,False
24415,Colombia,Bogotá D.C.,Bronce,False,True,False,2,1,608.0,32,0,5,True
24416,México,—,Bronce,False,True,True,3,1,515.0,36,4,10,True
24417,Colombia,Cali,Plata,False,False,True,9,6,2994.0,56,0,7,True
24418,Colombia,Bogotá D.C.,Bronce,True,True,True,3,2,1131.0,27,1,10,True
24419,Colombia,Bucaramanga,Platino,True,False,True,73,45,19309.0,7,2,6,True
24420,México,—,Plata,True,False,True,12,8,2792.0,8,6,9,True
24421,Colombia,Medellín,Bronce,False,False,True,3,1,557.0,9,23,3,False
24422,Colombia,Bogotá D.C.,Bronce,False,False,True,1,0,0.0,118,3,8,True
24423,Colombia,Otras ciudades,Bronce,False,False,True,4,3,1009.0,6,9,4,False
24424,Colombia,Cali,Bronce,True,True,True,4,3,1588.0,27,4,4,True
24425,Chile,—,Bronce,False,False,True,2,1,583.0,8,13,5,False
24426,México,—,Platino,True,False,False,69,41,16628.0,27,4,9,True
24427,Colombia,Cartagena,Bronce,True,False,False,1,0,0.0,5,7,10,False
24428,México,—,Bronce,True,False,True,0,0,0.0,27,1,7,True
24429,Uruguay,—,Bronce,False,True,True,1,0,0.0,19,4,10,True
24430,Colombia,Bogotá D.C.,Bronce,False,False,True,1,0,0.0,37,3,6,True
24431,México,—,Bronce,True,False,True,0,0,0.0,19,3,7,True
24432,México,—,Bronce,True,True,True,0,0,0.0,14,0,10,True
24433,Colombia,Cartagena,Bronce,True,True,True,4,3,1193.0,28,6,8,True
24434,México,—,Bronce,False,False,True,0,0,0.0,31,2,5,True
24435,Ecuador,—,Bronce,True,True,False,6,5,2454.0,68,22,8,False
24436,México,—,Bronce,True,False,True,0,0,0.0,31,6,10,True
24437,Colombia,Bogotá D.C.,Plata,True,False,True,14,11,4551.0,43,2,9,True
24438,Colombia,Bogotá D.C.,Bronce,True,False,True,1,0,0.0,64,7,6,False
24439,Ecuador,—,Bronce,False,False,False,0,0,0.0,48,6,8,True
24440,México,—,Bronce,True,False,True,0,0,0.0,14,12,7,False
24441,Colombia,Popayán,Bronce,False,True,True,3,2,1057.0,46,14,8,False
24442,Colombia,Cúcuta,Bronce,False,False,True,1,0,0.0,15,1,9,True
24443,Colombia,Medellín,Bronce,False,False,True,2,1,509.0,32,2,8,True
24444,Chile,—,Bronce,True,False,True,1,0,0.0,8,9,5,False
24445,Colombia,Valledupar,Bronce,True,True,True,1,0,0.0,9,1,9,True
24446,Colombia,Cartagena,Bronce,False,False,False,3,1,726.0,27,4,4,True
24447,Colombia,Medellín,Plata,False,False,True,15,14,6174.0,35,3,5,True
24448,Ecuador,—,Bronce,True,False,True,0,0,0.0,80,4,10,True
24449,Colombia,Pereira,Bronce,False,False,False,3,1,600.0,11,5,9,True
24450,Colombia,Neiva,Bronce,False,False,True,3,2,1173.0,22,7,8,False
24451,Colombia,Medellín,Bronce,False,True,True,1,0,0.0,54,3,9,True
24452,Uruguay,—,Bronce,True,False,True,2,1,543.0,15,3,2,True
24453,México,—,Bronce,False,False,True,0,0,0.0,15,2,9,True
24454,Colombia,Otras ciudades,Bronce,True,False,False,2,1,326.0,9,18,5,False
24455,Colombia,Medellín,Bronce,False,False,True,2,1,474.0,27,1,9,True
24456,Colombia,Bogotá D.C.,Bronce,False,False,False,4,2,913.0,24,7,6,False
24457,México,—,Bronce,True,False,True,0,0,0.0,62,4,7,True
24458,Colombia,Barranquilla,Oro,False,False,True,38,26,12667.0,41,4,9,True
24459,Colombia,Cartagena,Bronce,True,False,True,0,0,0.0,55,8,7,False
24460,Ecuador,—,Bronce,False,False,True,1,0,0.0,72,16,8,False
24461,Colombia,Otras ciudades,Bronce,False,False,True,3,1,498.0,36,0,4,True
24462,Perú,—,Oro,False,False,True,26,21,12317.0,4,2,7,True
24463,Colombia,Otras ciudades,Bronce,False,False,False,5,3,1667.0,33,6,10,True
24464,México,—,Bronce,True,False,True,5,3,2256.0,34,5,10,True
24465,México,—,Bronce,True,False,False,2,1,405.0,15,0,7,True
24466,México,—,Bronce,True,True,True,1,0,0.0,21,8,10,False
24467,Perú,—,Bronce,True,True,True,2,1,681.0,17,9,5,False
24468,Colombia,Otras ciudades,Bronce,True,True,False,5,4,2241.0,27,8,6,False
24469,Colombia,Bogotá D.C.,Bronce,False,False,True,1,0,0.0,11,5,8,True
24470,Colombia,Bogotá D.C.,Bronce,False,True,False,5,3,1858.0,23,3,8,True
24471,México,—,Bronce,False,False,False,2,1,625.0,7,3,6,True
24472,Colombia,Armenia,Bronce,False,True,True,0,0,0.0,29,2,7,True
24473,Colombia,Bogotá D.C.,Bronce,True,True,True,4,3,1618.0,12,5,10,True
24474,Uruguay,—,Bronce,False,False,True,1,0,0.0,14,14,4,False
24475,Uruguay,—,Bronce,False,True,True,0,0,0.0,70,25,9,False
24476,Colombia,Bogotá D.C.,Bronce,True,True,False,0,0,0.0,17,1,9,True
24477,México,—,Plata,True,False,False,13,9,6463.0,5,1,10,True
24478,Colombia,Medellín,Bronce,True,True,True,0,0,0.0,27,2,1,True
24479,Perú,—,Bronce,True,True,True,2,1,661.0,1,1,7,True
24480,Colombia,Bucaramanga,Bronce,False,True,True,0,0,0.0,11,7,4,False
24481,Colombia,Ibagué,Bronce,True,False,True,1,0,0.0,7,0,6,True
24482,Chile,—,Bronce,True,False,True,4,2,1355.0,15,0,10,True
24483,Colombia,Santa Marta,Bronce,True,False,False,0,0,0.0,15,7,10,False
24484,Perú,—,Bronce,False,False,False,2,1,375.0,16,0,5,True
24485,México,—,Bronce,True,False,False,0,0,0.0,5,4,7,True
24486,Colombia,Bogotá D.C.,Bronce,True,True,True,5,3,1781.0,42,2,7,True
24487,Uruguay,—,Bronce,True,True,True,2,1,463.0,14,2,8,True
24488,Ecuador,—,Bronce,False,False,True,0,0,0.0,24,3,9,True
24489,México,—,Bronce,False,False,True,1,0,0.0,32,2,10,True
24490,Ecuador,—,Plata,False,False,True,17,14,5704.0,44,4,4,True
24491,Colombia,Manizales,Bronce,True,False,True,1,0,0.0,16,4,3,True
24492,México,—,Bronce,False,True,True,7,5,2789.0,6,4,10,True
24493,Colombia,Medellín,Bronce,False,True,True,1,0,0.0,6,8,10,False
24494,México,—,Bronce,False,False,True,2,1,265.0,10,3,8,True
24495,Colombia,Bogotá D.C.,Bronce,True,True,False,1,0,0.0,25,7,9,False
24496,México,—,Bronce,True,False,True,0,0,0.0,55,14,5,False
24497,Colombia,Pereira,Bronce,False,True,True,0,0,0.0,50,6,10,True
24498,Uruguay,—,Plata,False,False,True,10,8,3773.0,18,3,9,True
24499,México,—,Bronce,True,False,True,0,0,0.0,6,10,10,False
24500,Colombia,Bogotá D.C.,Bronce,False,False,True,4,2,1035.0,87,2,10,True
24501,Uruguay,—,Bronce,False,True,True,1,0,0.0,30,10,7,False
24502,Colombia,Bogotá D.C.,Bronce,True,False,False,1,0,0.0,4,3,6,True
24503,Colombia,Otras ciudades,Plata,True,True,True,14,11,5014.0,26,19,9,False
24504,Colombia,Bogotá D.C.,Bronce,True,False,True,1,0,0.0,7,9,9,False
24505,Colombia,Medellín,Bronce,True,False,False,0,0,0.0,48,9,6,False
24506,México,—,Bronce,True,False,True,2,1,607.0,15,13,10,False
24507,Colombia,Cartagena,Plata,True,True,True,14,9,4896.0,25,3,5,True
24508,México,—,Plata,False,True,True,12,8,3411.0,2,21,7,False
24509,Ecuador,—,Bronce,True,False,True,1,0,0.0,38,3,5,True
24510,Colombia,Valledupar,Bronce,False,False,True,0,0,0.0,1,1,5,True
24511,Colombia,Bogotá D.C.,Bronce,True,False,True,7,6,2357.0,12,7,10,False
24512,Colombia,Cartagena,Bronce,True,True,True,1,0,0.0,62,5,7,True
24513,Colombia,Cali,Bronce,False,True,True,0,0,0.0,6,4,7,True
24514,Perú,—,Oro,False,False,True,40,36,18342.0,17,4,5,True
24515,Colombia,Barranquilla,Bronce,True,False,True,6,3,1612.0,25,7,5,False
24516,Colombia,Bogotá D.C.,Bronce,False,False,False,0,0,0.0,22,6,10,True
24517,Colombia,Popayán,Plata,False,False,True,9,5,3167.0,61,2,6,True
24518,Ecuador,—,Bronce,False,True,True,1,0,0.0,19,9,5,False
24519,Colombia,Bogotá D.C.,Plata,True,False,True,9,5,2431.0,5,6,6,True
24520,México,—,Bronce,False,False,True,1,0,0.0,24,0,6,True
24521,México,—,Bronce,True,False,True,1,0,0.0,16,6,9,True
24522,México,—,Bronce,False,True,True,1,0,0.0,27,7,9,False
24523,Colombia,Villavicencio,Bronce,False,False,True,0,0,0.0,51,0,7,True
24524,Colombia,Cúcuta,Bronce,True,True,True,2,1,518.0,67,7,9,False
24525,Colombia,Otras ciudades,Bronce,False,False,True,0,0,0.0,14,8,6,False
24526,Colombia,Otras ciudades,Bronce,False,True,True,0,0,0.0,41,3,8,True
24527,Colombia,Barranquilla,Oro,False,False,True,34,23,11733.0,34,2,4,True
24528,Colombia,Bogotá D.C.,Plata,True,False,True,12,10,7105.0,90,3,10,True
24529,Perú,—,Bronce,False,False,False,2,1,452.0,52,7,10,False
24530,México,—,Bronce,False,False,False,0,0,0.0,8,6,4,True
24531,Colombia,Valledupar,Bronce,False,False,True,1,0,0.0,75,11,9,False
24532,Perú,—,Bronce,False,False,True,5,3,1922.0,14,1,9,True
24533,Colombia,Bogotá D.C.,Bronce,False,False,True,7,4,1872.0,3,7,10,False
24534,México,—,Bronce,True,True,True,1,0,0.0,1,2,10,True
24535,Colombia,Bogotá D.C.,Bronce,True,True,True,1,0,0.0,62,6,4,True
24536,México,—,Bronce,True,False,True,0,0,0.0,40,5,6,True
24537,Colombia,Popayán,Plata,False,True,True,12,8,4919.0,59,2,5,True
24538,Colombia,Cali,Plata,False,True,False,12,7,3165.0,7,11,6,False
24539,Colombia,Cartagena,Plata,False,True,True,10,8,4310.0,25,14,5,False
24540,Colombia,Bogotá D.C.,Bronce,False,False,True,2,1,354.0,52,14,8,False
24541,Colombia,Cartagena,Bronce,True,False,True,7,6,2333.0,5,4,10,True
24542,Colombia,Bogotá D.C.,Bronce,False,False,True,0,0,0.0,10,17,8,False
24543,Colombia,Bogotá D.C.,Bronce,True,True,True,0,0,0.0,23,3,9,True
24544,Colombia,Otras ciudades,Bronce,False,False,True,0,0,0.0,28,15,10,False
24545,Colombia,Bogotá D.C.,Bronce,True,True,False,1,0,0.0,39,9,10,False
24546,México,—,Bronce,True,True,True,3,2,1328.0,13,8,7,False
24547,Colombia,Medellín,Bronce,True,False,True,7,6,2547.0,73,13,3,False
24548,México,—,Plata,False,True,True,15,11,2821.0,7,10,7,False
24549,Colombia,Bogotá D.C.,Plata,True,True,True,21,12,4905.0,44,1,5,True
24550,México,—,Bronce,True,False,False,0,0,0.0,71,0,9,True
24551,Colombia,Villavicencio,Bronce,False,True,True,3,2,1115.0,3,0,8,True
24552,Colombia,Ibagué,Bronce,False,False,True,1,0,0.0,18,1,7,True
24553,Colombia,Otras ciudades,Bronce,True,False,False,0,0,0.0,10,12,8,False
24554,Ecuador,—,Bronce,True,True,True,0,0,0.0,65,2,10,True
24555,Colombia,Bogotá D.C.,Bronce,True,True,True,1,0,0.0,11,2,7,True
24556,Ecuador,—,Bronce,False,False,True,5,4,1977.0,10,6,6,True
24557,Colombia,Bogotá D.C.,Bronce,True,False,True,1,0,0.0,19,0,4,True
24558,Colombia,Barranquilla,Bronce,False,False,True,2,1,463.0,19,6,10,True
24559,Uruguay,—,Bronce,False,False,True,0,0,0.0,20,1,5,True
24560,Ecuador,—,Bronce,False,True,True,0,0,0.0,60,4,10,True
24561,Colombia,Medellín,Platino,False,False,True,289,246,130406.0,66,1,10,True
24562,Ecuador,—,Bronce,True,False,False,6,4,2158.0,47,8,8,False
24563,Colombia,Bucaramanga,Oro,False,True,True,33,25,18509.0,9,2,10,True
24564,Colombia,Bogotá D.C.,Bronce,False,True,True,3,2,649.0,35,0,4,True
24565,México,—,Bronce,True,False,True,4,3,1948.0,108,9,3,False
24566,México,—,Bronce,False,True,True,4,2,745.0,26,4,10,True
24567,Colombia,Barranquilla,Bronce,False,False,False,0,0,0.0,9,4,10,True
24568,Colombia,Cali,Bronce,True,True,True,1,0,0.0,6,3,5,True
24569,Colombia,Cali,Bronce,True,False,True,1,0,0.0,11,1,9,True
24570,Ecuador,—,Plata,True,False,True,19,12,4189.0,8,1,4,True
24571,Colombia,Bogotá D.C.,Bronce,True,True,True,1,0,0.0,16,12,9,False
24572,Colombia,Ibagué,Plata,True,False,True,8,5,2292.0,89,8,9,False
24573,Colombia,Barranquilla,Oro,True,False,True,25,20,9221.0,66,10,10,False
24574,Colombia,Bogotá D.C.,Bronce,False,True,True,1,0,0.0,30,5,7,True
24575,Uruguay,—,Bronce,True,False,False,0,0,0.0,10,18,6,False
24576,Colombia,Bogotá D.C.,Bronce,True,True,True,0,0,0.0,40,1,5,True
24577,Colombia,Cali,Bronce,False,False,True,2,1,415.0,13,1,9,True
24578,México,—,Plata,True,False,True,10,7,3624.0,38,18,5,False
24579,Colombia,Medellín,Plata,False,False,True,9,6,3587.0,8,1,9,True
24580,México,—,Bronce,True,False,False,3,2,877.0,10,14,6,False
24581,Colombia,Bucaramanga,Bronce,False,False,True,1,0,0.0,10,5,8,True
24582,Colombia,Otras ciudades,Bronce,True,True,True,0,0,0.0,30,0,5,True
24583,Perú,—,Bronce,False,True,False,1,0,0.0,39,6,4,True
24584,Colombia,Bogotá D.C.,Bronce,True,True,False,1,0,0.0,32,4,7,True
24585,Colombia,Bogotá D.C.,Bronce,True,False,True,0,0,0.0,36,6,6,True
24586,Colombia,Medellín,Bronce,True,False,True,0,0,0.0,24,1,10,True
24587,Ecuador,—,Bronce,True,False,True,0,0,0.0,2,6,5,True
24588,Colombia,Bogotá D.C.,Bronce,False,False,True,1,0,0.0,43,10,7,False
24589,México,—,Bronce,False,True,True,6,4,2225.0,3,1,9,True
24590,Chile,—,Plata,False,True,False,8,4,1410.0,114,6,9,True
24591,Uruguay,—,Bronce,False,False,True,0,0,0.0,9,9,10,False
24592,Colombia,Bogotá D.C.,Bronce,False,False,True,1,0,0.0,32,4,8,True
24593,Uruguay,—,Bronce,True,False,True,3,2,1252.0,7,38,6,False
24594,Ecuador,—,Bronce,False,False,False,1,0,0.0,33,2,8,True
24595,Colombia,Bogotá D.C.,Bronce,False,False,True,5,4,2514.0,47,1,7,True
24596,Colombia,Armenia,Bronce,False,True,True,2,1,492.0,53,2,9,True
24597,Colombia,Bucaramanga,Bronce,False,False,True,1,0,0.0,14,5,10,True
24598,Colombia,Pereira,Bronce,False,False,True,0,0,0.0,13,11,10,False
24599,México,—,Bronce,False,False,True,1,0,0.0,14,6,10,True
24600,Colombia,Otras ciudades,Bronce,True,True,True,0,0,0.0,46,4,5,True
24601,México,—,Plata,False,False,True,22,18,7224.0,1,1,5,True
24602,Colombia,Bogotá D.C.,Bronce,True,False,True,0,0,0.0,10,20,3,False
24603,Colombia,Medellín,Oro,False,True,True,46,37,22551.0,60,16,7,False
24604,México,—,Bronce,False,False,True,1,0,0.0,10,12,8,False
24605,México,—,Bronce,True,False,True,1,0,0.0,17,7,8,False
24606,Colombia,Bogotá D.C.,Bronce,True,False,True,1,0,0.0,34,13,9,False
24607,Colombia,Cúcuta,Plata,False,True,True,13,9,4989.0,2,13,9,False
24608,Colombia,Bogotá D.C.,Bronce,False,True,False,1,0,0.0,63,5,3,True
24609,Perú,—,Bronce,True,False,True,4,3,1281.0,61,8,6,False
24610,Colombia,Cúcuta,Bronce,True,False,True,1,0,0.0,38,10,7,False
24611,Colombia,Medellín,Bronce,False,False,False,2,1,554.0,9,3,9,True
24612,Perú,—,Plata,True,False,True,21,12,6674.0,12,2,8,True
24613,México,—,Bronce,False,False,False,1,0,0.0,25,7,4,False
24614,Ecuador,—,Bronce,False,False,True,0,0,0.0,17,27,5,False
24615,Chile,—,Bronce,False,True,True,0,0,0.0,33,4,8,True
24616,México,—,Bronce,False,False,False,0,0,0.0,47,2,8,True
24617,Ecuador,—,Bronce,False,False,True,0,0,0.0,10,2,5,True
24618,Colombia,Medellín,Bronce,False,True,True,2,1,693.0,10,4,6,True
24619,México,—,Bronce,False,False,True,2,1,493.0,48,2,7,True
24620,Colombia,Bogotá D.C.,Bronce,True,False,True,0,0,0.0,6,0,10,True
24621,Colombia,Bucaramanga,Bronce,True,False,True,0,0,0.0,36,2,10,True
24622,Ecuador,—,Bronce,False,False,True,4,3,1397.0,16,0,8,True
24623,Colombia,Bogotá D.C.,Bronce,True,False,False,1,0,0.0,20,2,8,True
24624,Colombia,Bogotá D.C.,Bronce,True,False,True,2,1,404.0,7,6,10,True
24625,México,—,Oro,True,False,True,29,25,5247.0,22,9,6,False
24626,Colombia,Cartagena,Bronce,False,False,False,0,0,0.0,32,4,6,True
24627,Colombia,Medellín,Bronce,False,True,True,6,5,1905.0,37,6,7,True
24628,Colombia,Medellín,Bronce,False,False,True,0,0,0.0,30,0,6,True
24629,Colombia,Bogotá D.C.,Bronce,True,True,True,2,1,645.0,113,2,7,True
24630,Colombia,Bogotá D.C.,Bronce,True,True,True,5,4,2129.0,30,15,6,False
24631,Colombia,Pereira,Bronce,False,False,True,2,1,536.0,22,12,6,False
24632,Colombia,Barranquilla,Bronce,True,True,True,7,5,1539.0,42,3,8,True
24633,Colombia,Sincelejo,Bronce,False,False,True,0,0,0.0,53,4,7,True
24634,Colombia,Bogotá D.C.,Bronce,False,True,True,0,0,0.0,22,4,6,True
24635,México,—,Plata,True,False,True,13,11,7013.0,65,5,5,True
24636,Colombia,Bogotá D.C.,Bronce,True,True,False,2,1,497.0,3,8,7,False
24637,Colombia,Medellín,Bronce,False,False,True,1,0,0.0,15,5,10,True
24638,Colombia,Otras ciudades,Bronce,False,False,True,0,0,0.0,79,7,9,False
24639,Colombia,Cúcuta,Plata,True,True,True,9,5,3066.0,4,12,9,False
24640,Colombia,Cali,Platino,False,True,True,62,38,27937.0,5,5,7,True
24641,Colombia,Otras ciudades,Bronce,False,False,True,1,0,0.0,30,2,6,True
24642,México,—,Bronce,False,False,True,0,0,0.0,26,5,3,True
24643,Colombia,Bogotá D.C.,Bronce,True,False,True,3,2,904.0,43,8,10,False
24644,México,—,Platino,True,False,True,70,55,31317.0,69,7,10,False
24645,Perú,—,Bronce,False,False,True,0,0,0.0,23,2,8,True
24646,Colombia,Medellín,Bronce,True,False,True,0,0,0.0,4,6,10,True
24647,Colombia,Bogotá D.C.,Plata,False,True,True,8,6,2664.0,8,3,7,True
24648,Colombia,Neiva,Bronce,False,True,True,1,0,0.0,32,1,9,True
24649,México,—,Bronce,False,False,True,5,4,1962.0,29,3,7,True
24650,Uruguay,—,Bronce,False,False,True,0,0,0.0,17,7,5,False
24651,Ecuador,—,Plata,False,True,True,16,14,8116.0,15,4,10,True
24652,Colombia,Cartagena,Plata,False,False,False,8,5,1527.0,14,0,4,True
24653,Colombia,Bogotá D.C.,Bronce,False,True,False,7,4,2333.0,19,2,6,True
24654,Colombia,Medellín,Plata,False,False,True,8,5,3091.0,48,8,5,False
24655,Perú,—,Bronce,False,True,True,2,1,550.0,11,9,7,False
24656,Perú,—,Oro,False,True,False,45,27,14286.0,1,10,8,False
24657,Uruguay,—,Bronce,False,True,True,6,4,1411.0,11,5,6,True
24658,Colombia,Pereira,Plata,False,False,True,13,9,3654.0,19,8,10,False
24659,México,—,Bronce,False,False,True,1,0,0.0,15,0,4,True
24660,Colombia,Bogotá D.C.,Bronce,True,False,True,4,2,1214.0,66,5,8,True
24661,Ecuador,—,Bronce,True,False,True,1,0,0.0,17,3,8,True
24662,México,—,Bronce,False,False,True,0,0,0.0,12,2,7,True
24663,Colombia,Barranquilla,Bronce,True,False,True,6,5,2358.0,12,2,9,True
24664,Ecuador,—,Bronce,True,False,True,0,0,0.0,58,4,3,True
24665,Colombia,Bogotá D.C.,Bronce,True,False,True,0,0,0.0,17,7,6,False
24666,Ecuador,—,Bronce,False,True,True,2,1,518.0,49,4,7,True
24667,Colombia,Villavicencio,Bronce,True,False,True,1,0,0.0,36,6,8,True
24668,Ecuador,—,Bronce,True,True,True,1,0,0.0,1,11,10,False
24669,Colombia,Otras ciudades,Bronce,False,False,True,1,0,0.0,28,5,2,True
24670,Colombia,Bogotá D.C.,Bronce,False,False,True,5,4,1554.0,20,12,10,False
24671,Colombia,Ibagué,Bronce,True,False,True,1,0,0.0,61,0,8,True
24672,Colombia,Cali,Bronce,True,False,True,7,5,3674.0,56,6,8,True
24673,Perú,—,Bronce,False,False,True,4,3,1258.0,42,8,8,False
24674,Uruguay,—,Plata,False,False,True,18,16,7811.0,21,9,10,False
24675,México,—,Bronce,True,False,True,1,0,0.0,29,10,9,False
24676,Colombia,Cúcuta,Bronce,True,False,True,0,0,0.0,47,2,10,True
24677,México,—,Bronce,False,False,True,3,2,1316.0,4,15,7,False
24678,Perú,—,Bronce,True,False,True,3,1,652.0,32,17,5,False
24679,Colombia,Cali,Bronce,False,False,True,2,1,540.0,27,5,10,True
24680,México,—,Plata,False,False,True,11,6,3193.0,11,1,7,True
24681,Colombia,Bogotá D.C.,Oro,True,False,True,40,36,16558.0,13,1,5,True
24682,Colombia,Bogotá D.C.,Bronce,True,True,True,0,0,0.0,30,14,4,False
24683,Colombia,Medellín,Bronce,False,False,True,0,0,0.0,8,12,8,False
24684,Colombia,Cartagena,Bronce,True,False,True,2,1,339.0,18,3,5,True
24685,Colombia,Pereira,Bronce,False,False,True,0,0,0.0,18,0,10,True
24686,Colombia,Montería,Bronce,False,False,True,1,0,0.0,4,2,8,True
24687,México,—,Bronce,False,True,False,4,2,1030.0,24,6,7,True
24688,Colombia,Medellín,Bronce,False,False,False,0,0,0.0,4,7,10,False
24689,Perú,—,Bronce,True,True,False,2,1,621.0,99,1,10,True
24690,México,—,Bronce,True,False,True,6,3,1697.0,13,1,5,True
24691,Colombia,Pereira,Oro,False,False,True,25,18,7909.0,19,5,10,True
24692,Colombia,Bogotá D.C.,Oro,False,False,True,33,21,9386.0,75,0,7,True
24693,Perú,—,Bronce,True,True,True,0,0,0.0,45,10,10,False
24694,México,—,Bronce,True,True,True,5,4,1821.0,2,4,9,True
24695,Chile,—,Bronce,False,True,True,1,0,0.0,15,2,9,True
24696,Colombia,Bogotá D.C.,Bronce,True,False,False,1,0,0.0,20,10,6,False
24697,Ecuador,—,Bronce,False,False,True,4,3,1188.0,36,5,6,True
24698,Colombia,Medellín,Bronce,True,False,True,0,0,0.0,13,1,8,True
24699,Colombia,Bogotá D.C.,Bronce,True,False,True,7,4,2376.0,57,2,6,True
24700,México,—,Bronce,True,False,True,3,2,1131.0,28,7,5,False
24701,Colombia,Otras ciudades,Bronce,True,False,True,4,2,1085.0,109,4,7,True
24702,Chile,—,Bronce,True,False,True,0,0,0.0,24,17,4,False
24703,Uruguay,—,Bronce,False,True,True,0,0,0.0,57,6,6,True
24704,Colombia,Neiva,Plata,True,False,False,13,10,4950.0,40,9,6,False
24705,Colombia,Cali,Bronce,False,True,True,0,0,0.0,27,1,7,True
24706,Perú,—,Bronce,True,False,True,0,0,0.0,8,6,7,True
24707,México,—,Plata,False,False,True,10,8,4453.0,11,3,5,True
24708,Colombia,Armenia,Plata,False,False,True,9,6,2879.0,26,1,10,True
24709,México,—,Bronce,False,False,True,1,0,0.0,38,13,7,False
24710,Perú,—,Bronce,True,False,True,0,0,0.0,1,9,5,False
24711,Colombia,Otras ciudades,Bronce,True,True,True,2,1,453.0,60,5,9,True
24712,Colombia,Bogotá D.C.,Bronce,True,False,True,0,0,0.0,1,1,7,True
24713,México,—,Bronce,False,False,True,2,1,431.0,1,9,5,False
24714,Colombia,Cali,Bronce,True,True,False,2,1,571.0,45,8,5,False
24715,México,—,Bronce,True,True,True,6,5,1685.0,40,16,6,False
24716,Colombia,Otras ciudades,Bronce,True,False,True,3,2,564.0,86,12,10,False
24717,Colombia,Medellín,Plata,False,False,True,13,8,4357.0,15,5,7,True
24718,Colombia,Bogotá D.C.,Bronce,False,False,False,0,0,0.0,55,6,5,True
24719,Perú,—,Bronce,False,False,True,6,4,2102.0,87,4,8,True
24720,Colombia,Medellín,Bronce,False,False,True,0,0,0.0,37,7,4,False
24721,México,—,Bronce,False,True,False,1,0,0.0,8,7,6,False
24722,Colombia,Bogotá D.C.,Bronce,False,False,False,2,1,499.0,19,6,8,True
24723,México,—,Bronce,False,False,True,0,0,0.0,5,3,10,True
24724,Chile,—,Bronce,False,True,True,2,1,383.0,16,1,10,True
24725,Colombia,Medellín,Bronce,True,False,True,0,0,0.0,13,5,8,True
24726,México,—,Bronce,True,False,True,1,0,0.0,26,13,9,False
24727,México,—,Bronce,False,True,True,0,0,0.0,11,2,10,True
24728,México,—,Bronce,True,False,True,0,0,0.0,7,10,4,False
24729,Colombia,Medellín,Bronce,False,True,True,0,0,0.0,10,1,4,True
24730,Colombia,Bogotá D.C.,Bronce,False,False,True,1,0,0.0,10,6,9,True
24731,Colombia,Cúcuta,Bronce,False,False,True,2,1,470.0,22,12,10,False
24732,México,—,Bronce,True,False,True,1,0,0.0,31,1,8,True
24733,Colombia,Otras ciudades,Bronce,True,True,True,3,2,901.0,9,11,6,False
24734,Colombia,Bogotá D.C.,Bronce,False,False,True,1,0,0.0,60,8,3,False
24735,Ecuador,—,Plata,True,True,True,12,10,6012.0,38,7,3,False
24736,Colombia,Otras ciudades,Bronce,False,False,True,7,6,2078.0,16,0,9,True
24737,Colombia,Manizales,Bronce,False,False,True,0,0,0.0,44,2,7,True
24738,Colombia,Medellín,Bronce,True,False,True,2,1,552.0,54,2,9,True
24739,Colombia,Bogotá D.C.,Bronce,True,False,False,0,0,0.0,51,1,10,True
24740,México,—,Bronce,True,True,True,0,0,0.0,17,1,3,True
24741,México,—,Bronce,True,False,True,1,0,0.0,19,10,8,False
24742,Ecuador,—,Bronce,False,True,True,4,3,960.0,12,5,6,True
24743,Colombia,Cartagena,Plata,True,False,True,17,13,8711.0,3,3,4,True
24744,México,—,Bronce,True,False,True,0,0,0.0,10,6,9,True
24745,México,—,Plata,True,True,False,17,13,7528.0,7,4,5,True
24746,Ecuador,—,Bronce,True,False,True,1,0,0.0,45,8,3,False
24747,Colombia,Bogotá D.C.,Plata,True,False,True,9,7,5806.0,29,5,6,True
24748,Ecuador,—,Bronce,False,False,True,2,1,512.0,29,5,6,True
24749,Colombia,Bogotá D.C.,Bronce,True,False,False,3,2,1023.0,65,5,9,True
24750,Colombia,Bucaramanga,Bronce,False,True,True,0,0,0.0,23,6,4,True
24751,México,—,Bronce,False,False,True,3,2,781.0,16,13,7,False
24752,Colombia,Otras ciudades,Bronce,False,False,True,1,0,0.0,5,1,6,True
24753,Chile,—,Bronce,False,False,True,0,0,0.0,37,11,9,False
24754,Ecuador,—,Plata,False,False,True,18,13,7001.0,61,2,6,True
24755,Colombia,Pereira,Bronce,False,False,True,4,3,1290.0,35,14,10,False
24756,México,—,Bronce,False,False,True,3,2,1054.0,46,3,8,True
24757,Ecuador,—,Bronce,False,False,True,2,1,484.0,18,2,9,True
24758,Colombia,Cali,Bronce,True,False,True,0,0,0.0,51,4,10,True
24759,Colombia,Cali,Bronce,True,False,True,0,0,0.0,37,9,7,False
24760,Colombia,Otras ciudades,Bronce,True,False,True,7,4,2163.0,21,6,10,True
24761,Ecuador,—,Bronce,False,False,True,0,0,0.0,33,0,10,True
24762,Colombia,Santa Marta,Bronce,True,False,True,0,0,0.0,14,18,6,False
24763,Perú,—,Bronce,False,False,True,5,4,2206.0,15,15,10,False
24764,Colombia,Cartagena,Bronce,True,False,True,5,3,1502.0,14,9,4,False
24765,Perú,—,Bronce,False,False,True,5,3,1488.0,13,3,6,True
24766,Ecuador,—,Plata,False,True,True,14,10,5645.0,16,3,4,True
24767,Colombia,Medellín,Plata,False,False,True,10,8,2936.0,21,0,9,True
24768,México,—,Bronce,False,False,True,5,3,1191.0,34,3,6,True
24769,Colombia,Cali,Bronce,False,True,True,1,0,0.0,129,16,6,False
24770,Colombia,Otras ciudades,Plata,False,False,True,23,17,10207.0,18,2,10,True
24771,Colombia,Otras ciudades,Bronce,False,True,False,0,0,0.0,11,1,7,True
24772,Perú,—,Bronce,False,False,True,1,0,0.0,35,6,4,True
24773,Chile,—,Bronce,True,True,True,0,0,0.0,22,6,8,True
24774,Colombia,Medellín,Bronce,False,False,True,0,0,0.0,18,0,7,True
24775,México,—,Bronce,False,False,False,1,0,0.0,21,7,6,False
24776,Colombia,Cartagena,Plata,False,False,True,12,8,4058.0,27,3,8,True
24777,Colombia,Barranquilla,Bronce,False,False,True,0,0,0.0,17,1,5,True
24778,Colombia,Medellín,Bronce,True,False,False,5,3,1872.0,10,8,6,False
24779,Colombia,Bogotá D.C.,Bronce,True,True,True,5,4,1698.0,34,6,8,True
24780,Colombia,Medellín,Plata,False,False,False,10,6,2994.0,19,4,8,True
24781,Colombia,Otras ciudades,Bronce,True,True,False,4,2,941.0,12,3,8,True
24782,Colombia,Barranquilla,Bronce,False,False,False,0,0,0.0,6,4,8,True
24783,Perú,—,Bronce,False,False,True,0,0,0.0,9,7,6,False
24784,Ecuador,—,Bronce,False,False,True,0,0,0.0,38,1,7,True
24785,Colombia,Cali,Bronce,True,False,True,0,0,0.0,43,3,5,True
24786,Colombia,Cúcuta,Bronce,False,False,True,2,1,585.0,15,9,10,False
24787,Colombia,Bogotá D.C.,Bronce,False,False,True,6,4,2747.0,39,2,8,True
24788,Colombia,Bogotá D.C.,Bronce,False,False,True,3,2,610.0,73,6,6,True
24789,Ecuador,—,Bronce,False,False,True,1,0,0.0,32,6,6,True
24790,Ecuador,—,Bronce,True,True,True,1,0,0.0,41,7,6,False
24791,México,—,Bronce,False,False,True,1,0,0.0,13,6,2,True
24792,México,—,Bronce,False,True,True,0,0,0.0,59,5,6,True
24793,Colombia,Santa Marta,Bronce,False,False,True,0,0,0.0,46,17,7,False
24794,Colombia,Bogotá D.C.,Bronce,True,False,True,2,1,463.0,42,4,10,True
24795,Colombia,Bogotá D.C.,Bronce,True,True,True,4,3,698.0,23,2,3,True
24796,Colombia,Otras ciudades,Bronce,True,False,True,0,0,0.0,9,2,5,True
24797,Colombia,Cali,Bronce,False,True,True,1,0,0.0,8,8,8,False
24798,Colombia,Bogotá D.C.,Platino,True,False,True,61,52,21611.0,33,11,5,False
24799,Colombia,Cúcuta,Plata,True,True,True,13,7,3602.0,24,3,7,True
24800,Colombia,Otras ciudades,Bronce,True,False,True,2,1,497.0,22,2,4,True
24801,México,—,Plata,True,False,True,12,9,3572.0,23,16,5,False
24802,Colombia,Otras ciudades,Bronce,True,True,True,0,0,0.0,4,19,10,False
24803,Colombia,Cúcuta,Bronce,True,True,True,7,6,3785.0,18,3,6,True
24804,México,—,Bronce,False,True,True,1,0,0.0,37,1,4,True
24805,Colombia,Popayán,Bronce,False,True,False,2,1,623.0,57,2,7,True
24806,Colombia,Bogotá D.C.,Bronce,False,False,True,3,2,655.0,32,2,9,True
24807,Colombia,Cali,Bronce,True,False,True,3,1,454.0,51,12,8,False
24808,Colombia,Cali,Plata,True,False,True,18,15,7180.0,11,12,7,False
24809,México,—,Bronce,False,True,True,2,1,672.0,102,1,7,True
24810,México,—,Bronce,False,False,True,0,0,0.0,24,0,4,True
24811,México,—,Oro,False,False,True,32,26,16384.0,18,9,7,False
24812,Colombia,Cartagena,Bronce,False,False,True,0,0,0.0,24,0,6,True
24813,Colombia,Bucaramanga,Bronce,False,True,False,5,4,1545.0,20,0,6,True
24814,Uruguay,—,Oro,False,True,True,42,36,24813.0,88,3,6,True
24815,México,—,Plata,False,False,True,17,11,4802.0,73,2,10,True
24816,Colombia,Bogotá D.C.,Bronce,True,True,False,6,5,2005.0,11,14,8,False
24817,Colombia,Bogotá D.C.,Bronce,False,False,True,6,3,1304.0,2,7,8,False
24818,Colombia,Bogotá D.C.,Bronce,False,False,True,0,0,0.0,3,1,7,True
24819,México,—,Bronce,False,False,False,2,1,315.0,67,8,4,False
24820,Colombia,Manizales,Bronce,True,True,True,0,0,0.0,22,0,9,True
24821,Colombia,Bogotá D.C.,Bronce,True,False,True,0,0,0.0,89,3,5,True
24822,México,—,Bronce,False,False,True,1,0,0.0,12,1,9,True
24823,Colombia,Otras ciudades,Bronce,False,False,True,1,0,0.0,95,7,9,False
24824,Colombia,Manizales,Bronce,True,False,True,0,0,0.0,2,15,9,False
24825,México,—,Bronce,False,False,True,0,0,0.0,30,5,7,True
24826,Colombia,Barranquilla,Bronce,True,False,True,0,0,0.0,50,2,10,True
24827,México,—,Bronce,True,False,True,2,1,497.0,55,3,10,True
24828,Colombia,Bogotá D.C.,Bronce,False,False,True,1,0,0.0,14,1,10,True
24829,México,—,Bronce,False,False,True,1,0,0.0,13,3,9,True
24830,Colombia,Bogotá D.C.,Bronce,True,False,True,0,0,0.0,68,3,8,True
24831,Colombia,Bogotá D.C.,Bronce,False,False,True,0,0,0.0,39,6,10,True
24832,Colombia,Popayán,Bronce,True,True,False,0,0,0.0,16,7,6,False
24833,México,—,Bronce,True,False,True,3,1,634.0,12,2,9,True
24834,Colombia,Medellín,Bronce,False,False,True,6,3,1483.0,28,4,5,True
24835,Perú,—,Bronce,True,True,True,6,5,2753.0,65,0,7,True
24836,Colombia,Barranquilla,Bronce,False,True,True,3,1,639.0,38,5,7,True
24837,Colombia,Bogotá D.C.,Bronce,False,True,True,0,0,0.0,56,2,10,True
24838,Colombia,Sincelejo,Plata,False,False,True,21,16,8761.0,44,12,9,False
24839,Colombia,Otras ciudades,Bronce,False,False,True,0,0,0.0,22,2,7,True
24840,Ecuador,—,Bronce,False,True,True,4,2,1115.0,50,2,5,True
24841,Ecuador,—,Bronce,False,False,True,3,2,1198.0,13,6,5,True
24842,Uruguay,—,Bronce,False,False,False,1,0,0.0,35,9,10,False
24843,México,—,Platino,False,False,True,176,157,65795.0,31,1,7,True
24844,México,—,Bronce,False,True,True,5,4,1490.0,20,11,7,False
24845,Colombia,Cali,Bronce,True,True,True,1,0,0.0,76,5,10,True
24846,Colombia,Bogotá D.C.,Bronce,False,False,True,1,0,0.0,52,0,0,True
24847,Colombia,Pasto,Bronce,True,True,True,1,0,0.0,36,1,10,True
24848,México,—,Bronce,False,True,False,0,0,0.0,6,4,6,True
24849,Perú,—,Bronce,True,False,True,5,3,1422.0,7,3,7,True
24850,México,—,Bronce,False,True,True,2,1,433.0,11,2,7,True
24851,Colombia,Cúcuta,Bronce,False,False,True,1,0,0.0,5,5,9,True
24852,México,—,Bronce,True,True,False,1,0,0.0,5,2,6,True
24853,Uruguay,—,Plata,True,False,True,8,6,2828.0,31,18,7,False
24854,Ecuador,—,Bronce,False,False,True,0,0,0.0,7,4,10,True
24855,Colombia,Manizales,Bronce,True,True,True,3,1,423.0,43,22,5,False
24856,México,—,Plata,True,False,True,16,10,4591.0,28,5,5,True
24857,Colombia,Valledupar,Plata,True,True,False,10,6,3726.0,2,1,8,True
24858,México,—,Bronce,True,True,True,1,0,0.0,11,5,10,True
24859,Colombia,Bogotá D.C.,Bronce,False,False,True,4,2,1131.0,4,1,6,True
24860,Colombia,Otras ciudades,Bronce,False,True,True,2,1,404.0,19,4,10,True
24861,México,—,Bronce,True,False,False,7,4,2235.0,29,3,10,True
24862,Colombia,Bogotá D.C.,Bronce,False,False,False,0,0,0.0,75,9,6,False
24863,Colombia,Bogotá D.C.,Bronce,False,False,True,1,0,0.0,7,11,8,False
24864,Perú,—,Bronce,False,False,True,1,0,0.0,36,2,7,True
24865,Colombia,Medellín,Bronce,True,False,True,1,0,0.0,44,3,10,True
24866,Colombia,Bucaramanga,Bronce,False,False,True,7,4,1610.0,18,4,6,True
24867,Uruguay,—,Bronce,False,False,False,2,1,449.0,8,9,10,False
24868,Colombia,Bogotá D.C.,Bronce,False,False,True,2,1,629.0,30,5,7,True
24869,Colombia,Bogotá D.C.,Bronce,False,False,True,0,0,0.0,12,5,9,True
24870,Colombia,Barranquilla,Plata,True,True,True,12,10,5628.0,66,5,10,True
24871,Colombia,Cali,Bronce,True,False,True,2,1,378.0,9,14,4,False
24872,Colombia,Otras ciudades,Bronce,False,False,True,1,0,0.0,23,10,8,False
24873,Colombia,Bogotá D.C.,Bronce,False,True,True,1,0,0.0,7,5,9,True
24874,México,—,Oro,False,False,True,26,21,10240.0,73,2,10,True
24875,Colombia,Bogotá D.C.,Bronce,False,True,True,0,0,0.0,44,5,4,True
24876,Uruguay,—,Bronce,True,True,True,2,1,458.0,8,11,6,False
24877,México,—,Bronce,False,False,True,0,0,0.0,26,4,7,True
24878,Colombia,Otras ciudades,Platino,True,True,True,97,75,37169.0,37,14,6,False
24879,Uruguay,—,Bronce,False,False,True,1,0,0.0,23,8,10,False
24880,Colombia,Pasto,Bronce,True,False,True,3,2,1220.0,47,8,7,False
24881,Colombia,Bogotá D.C.,Bronce,True,True,True,1,0,0.0,17,7,4,False
24882,Colombia,Bucaramanga,Bronce,False,False,True,0,0,0.0,87,1,7,True
24883,Colombia,Armenia,Oro,False,False,True,37,26,5465.0,51,9,3,False
24884,México,—,Bronce,True,False,True,0,0,0.0,15,4,9,True
24885,Uruguay,—,Bronce,False,True,True,0,0,0.0,11,2,9,True
24886,México,—,Bronce,False,True,True,0,0,0.0,20,3,8,True
24887,Colombia,Santa Marta,Bronce,False,False,True,2,1,428.0,145,9,10,False
24888,Colombia,Ibagué,Plata,False,False,True,13,9,3129.0,44,2,8,True
24889,Perú,—,Bronce,True,False,True,4,2,1039.0,36,15,6,False
24890,Colombia,Otras ciudades,Bronce,False,False,True,0,0,0.0,25,4,8,True
24891,Colombia,Pasto,Oro,False,False,True,44,26,11469.0,66,7,7,False
24892,Perú,—,Bronce,False,False,True,0,0,0.0,53,6,6,True
24893,Colombia,Cali,Plata,False,False,True,12,7,3156.0,40,0,5,True
24894,Colombia,Bogotá D.C.,Bronce,True,True,True,0,0,0.0,15,5,10,True
24895,Colombia,Medellín,Bronce,False,False,True,1,0,0.0,94,3,8,True
24896,Chile,—,Bronce,True,False,True,1,0,0.0,27,16,7,False
24897,Colombia,Bogotá D.C.,Bronce,False,False,True,0,0,0.0,45,0,9,True
24898,Colombia,Cartagena,Bronce,True,False,True,0,0,0.0,17,3,5,True
24899,Colombia,Cartagena,Bronce,True,False,True,1,0,0.0,5,0,6,True
24900,Ecuador,—,Bronce,False,False,True,0,0,0.0,24,2,10,True
24901,Colombia,Otras ciudades,Bronce,False,False,True,0,0,0.0,38,1,6,True
24902,Colombia,Pereira,Plata,False,False,False,10,8,4580.0,16,4,6,True
24903,Colombia,Bogotá D.C.,Bronce,False,True,True,2,1,465.0,7,3,5,True
24904,Colombia,Medellín,Bronce,True,False,True,0,0,0.0,38,4,7,True
24905,Colombia,Bogotá D.C.,Bronce,False,False,True,0,0,0.0,9,7,7,False
24906,Uruguay,—,Bronce,True,False,True,7,5,3218.0,68,2,8,True
24907,Colombia,Medellín,Bronce,False,True,True,0,0,0.0,19,3,6,True
24908,Colombia,Pasto,Bronce,False,False,True,1,0,0.0,45,0,10,True
24909,Colombia,Medellín,Bronce,False,False,False,0,0,0.0,12,7,6,False
24910,Colombia,Bogotá D.C.,Bronce,False,False,True,0,0,0.0,7,6,7,True
24911,Colombia,Otras ciudades,Bronce,True,False,True,0,0,0.0,49,2,9,True
24912,Colombia,Bucaramanga,Bronce,False,False,True,0,0,0.0,15,1,7,True
24913,México,—,Bronce,False,False,True,0,0,0.0,4,7,6,False
24914,Colombia,Ibagué,Bronce,True,False,True,0,0,0.0,72,10,10,False
24915,Colombia,Bogotá D.C.,Bronce,False,False,False,0,0,0.0,25,9,8,False
24916,Colombia,Bogotá D.C.,Bronce,False,False,True,1,0,0.0,59,13,9,False
24917,Colombia,Otras ciudades,Bronce,False,False,True,2,1,559.0,16,14,9,False
24918,Colombia,Medellín,Bronce,False,True,True,1,0,0.0,1,13,10,False
24919,Ecuador,—,Bronce,False,False,True,3,2,1553.0,35,5,5,True
24920,Colombia,Ibagué,Bronce,False,False,True,0,0,0.0,3,3,3,True
24921,Perú,—,Bronce,False,True,True,6,3,1362.0,23,18,9,False
24922,México,—,Bronce,False,False,True,1,0,0.0,12,10,7,False
24923,Colombia,Santa Marta,Bronce,False,False,True,0,0,0.0,26,18,6,False
24924,México,—,Bronce,True,False,True,0,0,0.0,14,16,9,False
24925,Perú,—,Oro,False,False,True,28,17,11625.0,33,3,10,True
24926,Colombia,Cali,Bronce,False,False,False,4,3,2502.0,22,1,9,True
24927,Colombia,Cali,Bronce,True,False,True,0,0,0.0,3,10,7,False
24928,Colombia,Medellín,Bronce,True,False,True,1,0,0.0,56,5,7,True
24929,Colombia,Medellín,Bronce,True,False,False,3,2,1064.0,16,4,6,True
24930,Colombia,Bogotá D.C.,Bronce,False,False,True,0,0,0.0,38,7,6,False
24931,Colombia,Ibagué,Bronce,False,False,False,0,0,0.0,38,5,6,True
24932,Colombia,Cali,Bronce,True,False,False,0,0,0.0,21,2,6,True
24933,Colombia,Medellín,Bronce,False,False,False,1,0,0.0,13,7,10,False
24934,Colombia,Otras ciudades,Bronce,False,True,True,0,0,0.0,3,4,5,True
24935,Colombia,Villavicencio,Plata,False,False,False,12,8,3464.0,9,7,6,False
24936,Colombia,Pereira,Bronce,False,False,True,2,1,448.0,4,1,8,True
24937,Colombia,Bogotá D.C.,Bronce,False,False,True,3,2,766.0,5,15,10,False
24938,Colombia,Villavicencio,Bronce,False,False,False,0,0,0.0,44,0,7,True
24939,Colombia,Manizales,Plata,False,True,True,11,6,2727.0,23,2,8,True
24940,Chile,—,Bronce,True,False,True,1,0,0.0,51,8,7,False
24941,Colombia,Bogotá D.C.,Bronce,True,False,True,3,2,1250.0,1,5,4,True
24942,Perú,—,Bronce,True,False,True,0,0,0.0,33,7,7,False
24943,Ecuador,—,Bronce,True,False,True,0,0,0.0,47,7,10,False
24944,Colombia,Montería,Plata,True,True,False,8,5,2592.0,24,2,10,True
24945,Colombia,Barranquilla,Bronce,True,True,True,2,1,328.0,25,1,7,True
24946,Colombia,Bogotá D.C.,Oro,True,False,True,25,14,8565.0,32,5,7,True
24947,Colombia,Cali,Bronce,False,False,True,2,1,432.0,13,1,9,True
24948,Colombia,Bogotá D.C.,Bronce,False,False,True,2,1,567.0,50,8,4,False
24949,Colombia,Bogotá D.C.,Bronce,False,True,True,2,1,340.0,84,0,5,True
24950,México,—,Bronce,False,True,True,0,0,0.0,47,5,9,True
24951,Colombia,Barranquilla,Bronce,False,False,False,2,1,506.0,49,3,10,True
24952,Colombia,Bogotá D.C.,Bronce,False,False,True,1,0,0.0,24,17,7,False
24953,Colombia,Medellín,Bronce,False,True,True,2,1,374.0,4,0,10,True
24954,México,—,Bronce,True,True,True,0,0,0.0,45,3,4,True
24955,Colombia,Cali,Bronce,True,False,True,0,0,0.0,38,2,8,True
24956,México,—,Bronce,False,False,True,2,1,565.0,35,5,6,True
24957,Ecuador,—,Bronce,True,True,True,2,1,535.0,37,5,6,True
24958,Colombia,Neiva,Bronce,False,False,True,7,5,2420.0,51,1,7,True
24959,Colombia,Bogotá D.C.,Bronce,True,True,True,4,3,1583.0,12,11,4,False
24960,México,—,Bronce,False,False,True,1,0,0.0,100,10,10,False
24961,Colombia,Villavicencio,Bronce,True,False,True,1,0,0.0,41,5,8,True
24962,México,—,Bronce,False,False,True,2,1,546.0,26,2,10,True
24963,México,—,Bronce,False,False,True,2,1,457.0,9,1,8,True
24964,Colombia,Neiva,Plata,True,True,True,11,8,2458.0,11,7,6,False
24965,Colombia,Bogotá D.C.,Bronce,True,False,True,1,0,0.0,13,2,0,True
24966,Ecuador,—,Bronce,False,False,False,0,0,0.0,13,10,6,False
24967,Colombia,Bogotá D.C.,Bronce,False,False,True,0,0,0.0,31,0,7,True
24968,Colombia,Bogotá D.C.,Bronce,True,True,False,1,0,0.0,28,4,10,True
24969,Perú,—,Bronce,True,True,True,1,0,0.0,45,5,6,True
24970,Colombia,Medellín,Bronce,False,True,True,1,0,0.0,13,12,9,False
24971,Colombia,Cali,Bronce,False,True,True,1,0,0.0,12,2,7,True
24972,Chile,—,Oro,False,True,True,45,28,8288.0,7,3,10,True
24973,Ecuador,—,Bronce,False,True,False,1,0,0.0,13,0,10,True
24974,México,—,Plata,False,False,True,8,7,3726.0,55,1,3,True
24975,Colombia,Otras ciudades,Bronce,False,False,True,0,0,0.0,44,6,8,True
24976,México,—,Plata,True,False,False,11,9,5688.0,8,4,8,True
24977,Colombia,Medellín,Bronce,True,False,True,0,0,0.0,10,5,8,True
24978,Colombia,Bogotá D.C.,Bronce,False,True,True,1,0,0.0,6,13,10,False
24979,Colombia,Valledupar,Bronce,False,True,True,1,0,0.0,11,3,6,True
24980,Perú,—,Oro,False,False,True,49,34,15926.0,13,2,8,True
24981,Colombia,Bogotá D.C.,Bronce,False,False,True,1,0,0.0,20,1,6,True
24982,Colombia,Otras ciudades,Bronce,False,True,True,0,0,0.0,38,7,8,False
24983,Colombia,Bogotá D.C.,Oro,False,False,False,34,29,13955.0,2,9,7,False
24984,Colombia,Otras ciudades,Bronce,True,False,True,0,0,0.0,102,20,8,False
24985,Perú,—,Bronce,False,False,True,5,3,1043.0,26,0,6,True
24986,Perú,—,Bronce,False,False,True,1,0,0.0,11,5,6,True
24987,Colombia,Bogotá D.C.,Bronce,False,True,True,1,0,0.0,10,3,10,True
24988,Colombia,Manizales,Bronce,True,True,True,6,5,986.0,85,5,7,True
24989,Uruguay,—,Bronce,False,False,True,0,0,0.0,13,0,8,True
24990,Ecuador,—,Bronce,False,False,True,1,0,0.0,38,1,9,True
24991,Colombia,Neiva,Bronce,False,False,True,2,1,498.0,11,8,9,False
24992,Colombia,Bogotá D.C.,Bronce,True,False,True,0,0,0.0,9,5,3,True
24993,Ecuador,—,Plata,True,True,True,20,12,4686.0,8,4,5,True
24994,Colombia,Bogotá D.C.,Plata,False,True,False,18,10,6492.0,22,3,7,True
24995,Colombia,Otras ciudades,Bronce,True,False,True,2,1,485.0,7,2,6,True
24996,Colombia,Bogotá D.C.,Bronce,True,False,True,1,0,0.0,58,0,8,True
24997,México,—,Bronce,False,False,False,0,0,0.0,7,4,7,True
24998,Colombia,Otras ciudades,Bronce,False,False,False,3,2,1053.0,63,4,10,True
24999,Colombia,Manizales,Bronce,True,False,False,0,0,0.0,21,5,5,True
25000,Colombia,Medellín,Bronce,False,False,False,3,2,1095.0,43,11,5,False
25001,México,—,Bronce,False,False,True,0,0,0.0,15,10,6,False
25002,Colombia,Medellín,Bronce,True,False,True,1,0,0.0,15,8,5,False
25003,Uruguay,—,Bronce,False,False,True,3,1,407.0,7,1,10,True
25004,Colombia,Cali,Bronce,False,False,True,0,0,0.0,11,6,5,True
25005,Ecuador,—,Bronce,False,False,True,0,0,0.0,35,4,7,True
25006,Colombia,Bogotá D.C.,Bronce,True,False,False,0,0,0.0,20,2,7,True
25007,Perú,—,Bronce,False,False,True,0,0,0.0,16,2,8,True
25008,Colombia,Neiva,Bronce,False,False,True,0,0,0.0,71,2,4,True
25009,Colombia,Villavicencio,Oro,False,False,True,30,19,9866.0,18,17,8,False
25010,Perú,—,Bronce,False,False,True,0,0,0.0,49,6,7,True
25011,México,—,Plata,False,False,True,8,6,3372.0,20,12,10,False
25012,Colombia,Cali,Bronce,False,False,True,1,0,0.0,23,5,8,True
25013,Colombia,Bogotá D.C.,Plata,False,False,True,11,8,4625.0,20,7,8,False
25014,Colombia,Bogotá D.C.,Plata,False,False,True,13,7,2628.0,33,1,4,True
25015,Colombia,Ibagué,Plata,True,False,True,10,6,3758.0,91,5,8,True
25016,Colombia,Bogotá D.C.,Plata,True,False,True,8,5,2711.0,10,3,4,True
25017,Colombia,Bogotá D.C.,Bronce,False,False,False,2,1,468.0,46,3,6,True
25018,Colombia,Cali,Plata,True,True,True,24,14,6341.0,60,0,10,True
25019,Colombia,Bogotá D.C.,Bronce,True,False,True,0,0,0.0,78,2,6,True
25020,México,—,Bronce,True,True,True,3,2,813.0,3,13,8,False
25021,Perú,—,Bronce,False,False,True,0,0,0.0,81,6,10,True
25022,Colombia,Cali,Plata,False,True,True,8,7,4169.0,36,3,3,True
25023,Colombia,Bogotá D.C.,Plata,False,False,False,8,5,3005.0,9,6,7,True
25024,Colombia,Valledupar,Bronce,False,False,True,0,0,0.0,10,3,9,True
25025,Colombia,Popayán,Bronce,True,False,True,1,0,0.0,36,3,4,True
25026,Colombia,Barranquilla,Bronce,False,False,True,0,0,0.0,37,3,10,True
25027,México,—,Bronce,True,False,True,6,4,2300.0,32,5,5,True
25028,Colombia,Bogotá D.C.,Bronce,False,False,True,6,3,1122.0,2,14,4,False
25029,México,—,Bronce,False,False,True,0,0,0.0,48,9,10,False
25030,Uruguay,—,Bronce,False,True,False,3,2,1238.0,2,11,10,False
25031,México,—,Bronce,True,True,True,2,1,553.0,14,7,7,False
25032,Colombia,Otras ciudades,Bronce,False,False,True,3,2,1150.0,13,8,7,False
25033,Colombia,Bogotá D.C.,Bronce,False,False,True,0,0,0.0,13,3,5,True
25034,Colombia,Bogotá D.C.,Bronce,False,True,True,1,0,0.0,22,4,9,True
25035,Colombia,Bogotá D.C.,Bronce,True,False,False,1,0,0.0,19,5,10,True
25036,México,—,Plata,False,False,True,16,14,8026.0,31,5,6,True
25037,Uruguay,—,Bronce,True,False,True,2,1,508.0,36,5,4,True
25038,Colombia,Bogotá D.C.,Bronce,True,True,True,1,0,0.0,16,30,5,False
25039,Ecuador,—,Bronce,False,True,True,3,1,654.0,14,2,10,True
25040,Colombia,Bogotá D.C.,Bronce,False,False,False,0,0,0.0,10,1,7,True
25041,México,—,Bronce,False,False,True,3,2,1052.0,54,3,8,True
25042,Perú,—,Bronce,False,False,True,1,0,0.0,23,5,8,True
25043,Ecuador,—,Bronce,True,False,True,2,1,599.0,12,6,6,True
25044,Colombia,Sincelejo,Bronce,False,False,True,0,0,0.0,42,4,3,True
25045,Colombia,Medellín,Plata,False,True,True,12,10,5744.0,35,27,9,False
25046,Colombia,Bogotá D.C.,Bronce,False,False,False,1,0,0.0,37,2,10,True
25047,Uruguay,—,Bronce,False,False,True,0,0,0.0,20,5,5,True
25048,Colombia,Bogotá D.C.,Bronce,True,False,True,1,0,0.0,57,3,5,True
25049,Colombia,Cartagena,Bronce,True,False,True,6,5,2326.0,50,19,10,False
25050,Colombia,Bogotá D.C.,Plata,True,False,True,9,8,3630.0,33,2,6,True
25051,Colombia,Popayán,Bronce,False,False,True,4,3,1476.0,51,4,5,True
25052,Perú,—,Bronce,True,False,True,3,2,558.0,2,25,6,False
25053,Colombia,Bogotá D.C.,Bronce,True,False,True,1,0,0.0,78,3,10,True
25054,Colombia,Ibagué,Bronce,True,True,True,3,1,536.0,31,28,10,False
25055,Colombia,Medellín,Bronce,True,False,False,5,4,1682.0,16,6,8,True
25056,Colombia,Medellín,Bronce,False,True,True,0,0,0.0,13,1,6,True
25057,Ecuador,—,Bronce,True,False,True,0,0,0.0,61,6,5,True
25058,Colombia,Bogotá D.C.,Plata,True,False,True,12,9,4770.0,15,3,10,True
25059,Colombia,Bogotá D.C.,Bronce,True,False,True,4,3,1611.0,10,5,5,True
25060,Colombia,Bogotá D.C.,Plata,True,False,True,19,16,5896.0,2,11,4,False
25061,Colombia,Montería,Bronce,False,False,True,0,0,0.0,27,1,4,True
25062,Ecuador,—,Bronce,False,False,True,0,0,0.0,56,8,8,False
25063,Colombia,Barranquilla,Bronce,False,True,True,0,0,0.0,43,14,8,False
25064,Colombia,Bogotá D.C.,Bronce,True,False,False,5,3,1590.0,26,0,8,True
25065,Colombia,Cúcuta,Bronce,False,True,True,5,4,2814.0,25,10,7,False
25066,Colombia,Villavicencio,Bronce,False,False,True,1,0,0.0,19,4,6,True
25067,Colombia,Medellín,Bronce,False,False,False,2,1,535.0,46,4,9,True
25068,Colombia,Cali,Bronce,True,False,False,2,1,596.0,13,12,8,False
25069,Colombia,Medellín,Bronce,False,False,False,0,0,0.0,5,6,6,True
25070,Chile,—,Bronce,False,False,True,3,2,793.0,16,0,8,True
25071,Colombia,Medellín,Bronce,False,False,False,0,0,0.0,16,10,5,False
25072,Perú,—,Bronce,True,True,True,0,0,0.0,40,3,7,True
25073,Colombia,Otras ciudades,Bronce,True,False,False,0,0,0.0,23,32,7,False
25074,México,—,Plata,False,True,True,14,8,4046.0,37,2,8,True
25075,Colombia,Pasto,Bronce,False,False,True,6,5,2801.0,45,1,5,True
25076,Colombia,Cali,Bronce,True,False,True,0,0,0.0,65,1,10,True
25077,Ecuador,—,Plata,True,True,True,16,13,7755.0,11,1,5,True
25078,Colombia,Bogotá D.C.,Bronce,False,False,True,0,0,0.0,66,9,9,False
25079,Colombia,Medellín,Bronce,False,True,True,0,0,0.0,19,16,6,False
25080,México,—,Platino,False,True,True,184,170,82402.0,29,4,9,True
25081,México,—,Bronce,True,True,True,5,3,1645.0,33,0,9,True
25082,México,—,Bronce,False,False,True,4,3,1803.0,23,3,4,True
25083,México,—,Bronce,True,False,True,0,0,0.0,27,23,4,False
25084,Colombia,Bogotá D.C.,Plata,False,False,True,9,7,3921.0,53,10,10,False
25085,Colombia,Manizales,Bronce,True,False,True,0,0,0.0,3,1,9,True
25086,Colombia,Ibagué,Bronce,True,False,True,0,0,0.0,62,2,5,True
25087,Colombia,Medellín,Bronce,False,False,True,0,0,0.0,35,2,6,True
25088,Colombia,Santa Marta,Bronce,False,False,True,0,0,0.0,99,3,8,True
25089,México,—,Bronce,False,False,True,0,0,0.0,21,3,9,True
25090,México,—,Bronce,False,False,True,4,3,1600.0,20,10,5,False
25091,Colombia,Cúcuta,Bronce,False,True,True,2,1,404.0,14,6,8,True
25092,México,—,Bronce,True,True,True,0,0,0.0,35,4,4,True
25093,Colombia,Medellín,Bronce,False,False,True,0,0,0.0,22,5,9,True
25094,México,—,Bronce,False,False,True,2,1,415.0,35,7,7,False
25095,Colombia,Bogotá D.C.,Bronce,False,False,True,1,0,0.0,64,2,8,True
25096,México,—,Bronce,True,False,True,1,0,0.0,15,2,8,True
25097,Colombia,Montería,Bronce,True,True,True,0,0,0.0,40,7,9,False
25098,Colombia,Medellín,Bronce,False,True,True,0,0,0.0,2,2,7,True
25099,Colombia,Bogotá D.C.,Bronce,False,False,True,2,1,520.0,31,6,8,True
25100,Colombia,Bogotá D.C.,Bronce,True,True,True,0,0,0.0,6,2,10,True
25101,México,—,Bronce,False,True,True,4,2,1014.0,47,12,4,False
25102,Ecuador,—,Bronce,False,False,True,5,3,1200.0,69,4,9,True
25103,Colombia,Cali,Bronce,False,False,True,1,0,0.0,1,9,8,False
25104,México,—,Bronce,False,False,False,2,1,364.0,77,3,10,True
25105,México,—,Plata,False,False,True,9,7,3449.0,38,3,5,True
25106,Colombia,Medellín,Bronce,False,False,True,1,0,0.0,6,19,10,False
25107,Colombia,Bogotá D.C.,Bronce,False,False,True,4,2,1208.0,77,9,4,False
25108,México,—,Bronce,True,True,False,0,0,0.0,18,5,5,True
25109,México,—,Plata,False,True,True,14,12,5817.0,70,14,10,False
25110,Colombia,Medellín,Plata,False,False,True,8,5,2769.0,14,5,10,True
25111,Colombia,Medellín,Bronce,True,False,True,2,1,357.0,38,1,7,True
25112,Colombia,Bogotá D.C.,Bronce,False,False,True,2,1,476.0,29,4,10,True
25113,Colombia,Bogotá D.C.,Bronce,True,False,True,0,0,0.0,24,3,4,True
25114,Colombia,Bogotá D.C.,Plata,True,False,False,23,20,8045.0,23,0,9,True
25115,México,—,Bronce,False,False,False,4,2,1314.0,30,7,5,False
25116,Colombia,Medellín,Bronce,True,False,True,3,1,523.0,68,1,8,True
25117,Colombia,Bogotá D.C.,Bronce,False,False,True,0,0,0.0,41,0,7,True
25118,México,—,Bronce,False,False,True,0,0,0.0,32,11,3,False
25119,Colombia,Bogotá D.C.,Oro,False,False,False,31,19,8690.0,33,6,8,True
25120,México,—,Plata,False,True,True,24,17,5375.0,37,2,8,True
25121,Ecuador,—,Bronce,False,False,True,1,0,0.0,20,2,9,True
25122,Colombia,Otras ciudades,Bronce,True,False,True,0,0,0.0,23,10,8,False
25123,Colombia,Cali,Oro,True,False,True,43,33,11866.0,32,3,10,True
25124,Colombia,Bogotá D.C.,Plata,False,True,True,10,6,3212.0,25,8,10,False
25125,Colombia,Bucaramanga,Bronce,True,False,True,1,0,0.0,10,11,10,False
25126,Colombia,Cartagena,Bronce,True,False,True,1,0,0.0,59,2,7,True
25127,Uruguay,—,Bronce,False,False,False,0,0,0.0,18,5,3,True
25128,Perú,—,Bronce,True,False,True,0,0,0.0,100,6,9,True
25129,Colombia,Barranquilla,Bronce,False,True,True,1,0,0.0,43,3,5,True
25130,México,—,Bronce,False,True,False,3,2,1341.0,11,2,4,True
25131,Colombia,Ibagué,Bronce,False,False,True,3,2,862.0,44,4,8,True
25132,México,—,Bronce,True,False,True,0,0,0.0,54,16,1,False
25133,Colombia,Medellín,Bronce,False,False,True,6,4,2092.0,4,2,9,True
25134,Colombia,Bucaramanga,Bronce,False,True,True,1,0,0.0,45,30,9,False
25135,Colombia,Cali,Bronce,True,False,True,2,1,782.0,7,5,10,True
25136,Colombia,Bogotá D.C.,Bronce,False,False,True,0,0,0.0,57,14,7,False
25137,México,—,Bronce,True,False,True,3,1,572.0,57,8,10,False
25138,México,—,Oro,True,True,True,29,19,6403.0,3,1,6,True
25139,Colombia,Pasto,Bronce,True,False,True,4,3,1724.0,25,0,10,True
25140,Colombia,Bucaramanga,Bronce,False,False,True,1,0,0.0,27,1,9,True
25141,Colombia,Otras ciudades,Plata,True,False,True,8,5,2502.0,33,4,8,True
25142,Colombia,Bucaramanga,Bronce,False,False,True,2,1,556.0,51,3,7,True
25143,México,—,Bronce,False,False,True,1,0,0.0,42,7,10,False
25144,Colombia,Bogotá D.C.,Bronce,True,False,True,0,0,0.0,28,10,6,False
25145,Colombia,Medellín,Bronce,True,False,True,0,0,0.0,45,5,6,True
25146,Colombia,Bogotá D.C.,Bronce,True,True,True,3,2,707.0,6,0,10,True
25147,Colombia,Bogotá D.C.,Bronce,True,False,True,1,0,0.0,22,19,9,False
25148,Perú,—,Bronce,False,False,True,0,0,0.0,75,8,7,False
25149,Colombia,Barranquilla,Plata,True,False,True,13,9,2928.0,91,9,9,False
25150,Colombia,Armenia,Bronce,True,False,True,0,0,0.0,24,1,4,True
25151,México,—,Bronce,True,True,True,0,0,0.0,26,1,6,True
25152,Colombia,Ibagué,Bronce,True,False,True,5,3,1160.0,19,0,9,True
25153,Colombia,Pereira,Bronce,False,True,True,2,1,504.0,1,1,9,True
25154,Colombia,Otras ciudades,Plata,False,False,True,19,15,7734.0,77,1,8,True
25155,Colombia,Cali,Bronce,False,False,True,0,0,0.0,33,12,10,False
25156,Ecuador,—,Bronce,False,False,False,0,0,0.0,21,1,7,True
25157,Colombia,Bogotá D.C.,Plata,False,False,False,11,8,3712.0,7,11,2,False
25158,México,—,Plata,True,False,True,14,11,7328.0,5,2,8,True
25159,Colombia,Cartagena,Bronce,False,True,True,0,0,0.0,8,8,8,False
25160,Colombia,Medellín,Plata,False,True,True,21,14,3389.0,3,12,7,False
25161,México,—,Bronce,False,False,True,7,6,3156.0,10,3,7,True
25162,Colombia,Otras ciudades,Plata,True,False,True,12,7,2192.0,19,2,5,True
25163,Colombia,Pereira,Bronce,False,True,True,0,0,0.0,2,11,10,False
25164,Ecuador,—,Bronce,True,False,True,4,3,1609.0,18,14,6,False
25165,México,—,Bronce,False,False,False,3,2,931.0,19,4,8,True
25166,México,—,Bronce,False,True,True,5,4,1713.0,28,3,6,True
25167,Ecuador,—,Bronce,True,False,True,2,1,545.0,27,1,9,True
25168,Chile,—,Bronce,False,True,True,0,0,0.0,14,4,10,True
25169,Colombia,Bogotá D.C.,Bronce,False,False,False,0,0,0.0,44,1,9,True
25170,México,—,Bronce,True,False,True,5,3,1709.0,42,10,8,False
25171,México,—,Bronce,False,False,True,0,0,0.0,13,1,4,True
25172,Perú,—,Bronce,False,False,True,1,0,0.0,4,7,6,False
25173,México,—,Bronce,False,False,False,1,0,0.0,64,3,6,True
25174,Colombia,Neiva,Bronce,False,False,True,1,0,0.0,25,6,10,True
25175,México,—,Bronce,False,False,True,1,0,0.0,14,3,7,True
25176,Ecuador,—,Bronce,False,False,True,2,1,286.0,13,7,9,False
25177,Colombia,Bogotá D.C.,Bronce,False,False,True,2,1,535.0,1,4,9,True
25178,Colombia,Cartagena,Bronce,False,False,True,1,0,0.0,43,15,4,False
25179,Colombia,Armenia,Bronce,False,False,True,0,0,0.0,43,7,9,False
25180,Perú,—,Bronce,False,True,True,1,0,0.0,50,1,9,True
25181,Ecuador,—,Bronce,False,False,False,0,0,0.0,13,2,9,True
25182,Ecuador,—,Oro,False,True,True,42,31,11047.0,2,0,8,True
25183,México,—,Bronce,True,False,True,0,0,0.0,26,2,4,True
25184,Colombia,Medellín,Plata,True,True,False,13,11,3920.0,26,3,9,True
25185,Colombia,Cali,Bronce,False,False,True,6,5,2347.0,36,0,10,True
25186,Ecuador,—,Bronce,True,False,True,1,0,0.0,6,3,8,True
25187,Chile,—,Bronce,False,False,False,1,0,0.0,12,1,10,True
25188,Colombia,Cali,Bronce,False,True,True,0,0,0.0,37,15,10,False
25189,México,—,Bronce,False,False,True,5,3,1063.0,88,7,7,False
25190,Colombia,Bucaramanga,Bronce,True,False,True,0,0,0.0,5,2,9,True
25191,Colombia,Bogotá D.C.,Bronce,True,False,True,2,1,437.0,16,1,5,True
25192,México,—,Bronce,False,False,True,0,0,0.0,121,6,7,True
25193,México,—,Bronce,True,False,True,0,0,0.0,80,2,8,True
25194,Colombia,Cartagena,Bronce,True,False,True,0,0,0.0,57,29,7,False
25195,Ecuador,—,Bronce,True,True,True,2,1,441.0,1,0,3,True
25196,Colombia,Otras ciudades,Plata,True,False,True,14,8,3028.0,27,4,6,True
25197,Perú,—,Plata,False,False,True,14,9,3953.0,31,10,5,False
25198,México,—,Bronce,True,False,True,1,0,0.0,49,3,10,True
25199,Colombia,Otras ciudades,Bronce,True,True,True,3,1,413.0,65,13,6,False
25200,Colombia,Bogotá D.C.,Bronce,False,False,True,3,2,1170.0,14,5,8,True
25201,Colombia,Villavicencio,Bronce,False,False,True,6,3,1312.0,38,1,6,True
25202,Colombia,Manizales,Bronce,False,False,True,1,0,0.0,4,4,8,True
25203,México,—,Bronce,True,False,True,1,0,0.0,13,0,10,True
25204,México,—,Bronce,False,False,True,0,0,0.0,43,13,7,False
25205,Colombia,Otras ciudades,Bronce,False,False,True,5,3,1990.0,36,2,10,True
25206,Colombia,Villavicencio,Oro,True,False,True,37,32,18855.0,39,7,9,False
25207,Ecuador,—,Bronce,True,False,True,2,1,578.0,17,3,10,True
25208,México,—,Plata,False,False,True,12,9,3766.0,11,0,10,True
25209,Colombia,Medellín,Bronce,False,False,True,1,0,0.0,51,1,10,True
25210,Colombia,Barranquilla,Oro,False,False,True,36,33,20627.0,24,8,5,False
25211,Colombia,Otras ciudades,Bronce,False,True,True,4,2,1104.0,35,4,9,True
25212,Colombia,Bogotá D.C.,Bronce,False,False,True,0,0,0.0,53,4,7,True
25213,Ecuador,—,Bronce,True,False,False,0,0,0.0,24,9,6,False
25214,Perú,—,Bronce,False,True,True,0,0,0.0,57,5,9,True
25215,Colombia,Otras ciudades,Bronce,False,False,False,2,1,642.0,39,0,6,True
25216,Colombia,Popayán,Plata,True,False,True,19,13,7647.0,14,4,10,True
25217,Colombia,Bucaramanga,Bronce,False,False,True,0,0,0.0,14,0,2,True
25218,México,—,Bronce,False,False,True,1,0,0.0,13,2,10,True
25219,México,—,Bronce,True,False,True,0,0,0.0,35,26,10,False
25220,Colombia,Cúcuta,Bronce,False,True,True,2,1,388.0,14,20,8,False
25221,Colombia,Neiva,Bronce,False,False,False,1,0,0.0,66,2,9,True
25222,México,—,Bronce,False,False,True,0,0,0.0,39,5,8,True
25223,Colombia,Neiva,Bronce,False,False,True,7,5,1457.0,3,0,8,True
25224,Colombia,Otras ciudades,Bronce,False,False,True,1,0,0.0,4,5,6,True
25225,Perú,—,Bronce,True,False,True,0,0,0.0,10,15,5,False
25226,Colombia,Bogotá D.C.,Bronce,True,True,True,0,0,0.0,18,1,7,True
25227,Perú,—,Bronce,False,False,True,2,1,260.0,1,14,4,False
25228,Colombia,Bucaramanga,Bronce,True,False,True,1,0,0.0,16,1,7,True
25229,Colombia,Popayán,Oro,False,False,True,44,31,17506.0,5,13,10,False
25230,Colombia,Bogotá D.C.,Bronce,False,True,False,3,2,850.0,57,7,8,False
25231,Colombia,Medellín,Bronce,True,True,True,4,2,1380.0,11,2,9,True
25232,Perú,—,Bronce,True,False,True,1,0,0.0,12,12,9,False
25233,Colombia,Bogotá D.C.,Bronce,True,False,True,0,0,0.0,21,3,5,True
25234,Colombia,Otras ciudades,Bronce,True,False,True,0,0,0.0,14,6,10,True
25235,Colombia,Medellín,Bronce,True,False,False,0,0,0.0,41,5,6,True
25236,México,—,Bronce,True,False,True,1,0,0.0,57,17,8,False
25237,Ecuador,—,Bronce,True,True,True,6,4,1659.0,14,9,6,False
25238,Ecuador,—,Bronce,True,False,True,0,0,0.0,44,0,9,True
25239,Colombia,Medellín,Bronce,False,False,False,2,1,256.0,11,5,9,True
25240,México,—,Bronce,False,True,True,7,5,2188.0,23,1,8,True
25241,Colombia,Barranquilla,Bronce,True,False,False,0,0,0.0,15,6,3,True
25242,México,—,Oro,False,False,True,40,37,19581.0,3,12,7,False
25243,Colombia,Barranquilla,Bronce,False,True,True,0,0,0.0,20,0,6,True
25244,Colombia,Villavicencio,Bronce,False,False,True,0,0,0.0,35,7,8,False
25245,Colombia,Bogotá D.C.,Bronce,True,True,True,1,0,0.0,4,4,7,True
25246,Perú,—,Bronce,False,False,True,7,4,1873.0,25,3,5,True
25247,Colombia,Cúcuta,Oro,True,False,True,33,26,10033.0,6,0,5,True
25248,Colombia,Bogotá D.C.,Bronce,False,False,True,1,0,0.0,38,11,7,False
25249,Colombia,Cartagena,Plata,True,False,True,12,10,5052.0,26,13,7,False
25250,México,—,Bronce,False,False,True,0,0,0.0,6,15,6,False
25251,Colombia,Manizales,Plata,False,False,False,16,10,6583.0,12,11,8,False
25252,México,—,Bronce,True,False,True,0,0,0.0,44,18,8,False
25253,Colombia,Bogotá D.C.,Bronce,False,False,True,6,5,3300.0,21,2,8,True
25254,Colombia,Manizales,Plata,False,True,True,9,5,2717.0,14,11,9,False
25255,México,—,Bronce,True,False,True,0,0,0.0,36,1,4,True
25256,México,—,Bronce,True,False,False,0,0,0.0,26,6,2,True
25257,Colombia,Bogotá D.C.,Bronce,False,True,False,3,2,867.0,19,3,10,True
25258,Colombia,Ibagué,Bronce,True,True,True,2,1,455.0,88,4,6,True
25259,Ecuador,—,Bronce,False,True,True,4,2,870.0,28,15,10,False
25260,Colombia,Bogotá D.C.,Bronce,False,False,True,0,0,0.0,56,8,6,False
25261,Colombia,Bogotá D.C.,Bronce,True,False,True,0,0,0.0,35,0,8,True
25262,Colombia,Cartagena,Bronce,True,False,True,1,0,0.0,8,1,7,True
25263,Colombia,Pasto,Bronce,True,False,True,4,2,1414.0,59,6,9,True
25264,Colombia,Bucaramanga,Bronce,True,True,False,2,1,446.0,49,5,5,True
25265,Colombia,Bucaramanga,Bronce,True,False,True,1,0,0.0,31,2,10,True
25266,México,—,Bronce,False,False,True,3,2,1067.0,20,6,7,True
25267,Ecuador,—,Bronce,False,True,True,2,1,509.0,47,6,7,True
25268,Uruguay,—,Bronce,True,False,True,0,0,0.0,76,7,10,False
25269,Ecuador,—,Bronce,True,False,True,1,0,0.0,85,4,9,True
25270,Colombia,Bogotá D.C.,Bronce,True,True,True,3,2,1341.0,61,0,8,True
25271,Ecuador,—,Bronce,True,False,True,2,1,430.0,24,4,7,True
25272,Colombia,Barranquilla,Bronce,False,False,True,3,2,1233.0,17,3,10,True
25273,Colombia,Bucaramanga,Bronce,True,False,False,0,0,0.0,51,5,7,True
25274,Colombia,Neiva,Bronce,False,False,True,0,0,0.0,23,7,3,False
25275,Colombia,Bogotá D.C.,Bronce,True,True,True,0,0,0.0,33,4,3,True
25276,Colombia,Neiva,Bronce,False,False,True,0,0,0.0,5,6,9,True
25277,Chile,—,Bronce,True,False,True,3,2,1125.0,39,10,3,False
25278,Chile,—,Plata,False,False,True,10,8,3285.0,19,4,8,True
25279,Colombia,Otras ciudades,Bronce,True,False,True,6,5,2939.0,67,11,7,False
25280,Colombia,Bucaramanga,Plata,False,True,True,8,5,2529.0,33,10,6,False
25281,México,—,Oro,False,False,True,27,20,6794.0,28,15,6,False
25282,Colombia,Bogotá D.C.,Bronce,False,False,False,2,1,622.0,11,3,9,True
25283,Colombia,Bogotá D.C.,Bronce,False,False,False,7,4,2440.0,40,7,10,False
25284,Colombia,Bogotá D.C.,Bronce,False,False,True,1,0,0.0,30,9,9,False
25285,Perú,—,Bronce,True,False,True,6,3,969.0,42,2,5,True
25286,Colombia,Medellín,Bronce,True,False,False,0,0,0.0,15,0,9,True
25287,México,—,Bronce,False,False,True,0,0,0.0,13,5,4,True
25288,Colombia,Bucaramanga,Bronce,True,False,True,2,1,212.0,2,2,6,True
25289,Perú,—,Bronce,False,False,True,0,0,0.0,19,0,3,True
25290,Perú,—,Bronce,True,True,True,0,0,0.0,1,9,7,False
25291,Colombia,Cali,Bronce,False,False,True,0,0,0.0,26,11,7,False
25292,Colombia,Bogotá D.C.,Bronce,False,True,True,0,0,0.0,8,3,7,True
25293,Colombia,Bogotá D.C.,Bronce,True,True,False,2,1,383.0,29,6,4,True
25294,Colombia,Bogotá D.C.,Bronce,False,True,True,4,3,1605.0,40,0,9,True
25295,Colombia,Bogotá D.C.,Bronce,False,False,True,1,0,0.0,80,6,8,True
25296,Perú,—,Bronce,False,False,False,3,2,753.0,6,4,8,True
25297,Colombia,Cúcuta,Bronce,True,True,True,0,0,0.0,3,10,10,False
25298,México,—,Bronce,False,False,False,0,0,0.0,22,11,10,False
25299,Colombia,Medellín,Bronce,False,False,True,2,1,394.0,9,2,7,True
25300,Colombia,Otras ciudades,Bronce,False,True,True,3,1,627.0,127,2,8,True
25301,Colombia,Manizales,Bronce,True,True,True,0,0,0.0,13,2,6,True
25302,Colombia,Bogotá D.C.,Bronce,True,False,True,0,0,0.0,31,8,10,False
25303,Colombia,Cartagena,Bronce,False,False,True,0,0,0.0,3,4,7,True
25304,Colombia,Bucaramanga,Bronce,True,False,True,1,0,0.0,47,4,8,True
25305,Colombia,Bogotá D.C.,Bronce,False,False,True,1,0,0.0,16,1,8,True
25306,México,—,Bronce,False,True,True,1,0,0.0,18,6,6,True
25307,Colombia,Bogotá D.C.,Bronce,False,False,True,0,0,0.0,32,6,6,True
25308,Colombia,Medellín,Plata,True,False,True,10,9,3571.0,23,9,8,False
25309,Colombia,Villavicencio,Bronce,True,False,True,1,0,0.0,25,6,7,True
25310,Colombia,Manizales,Bronce,True,True,False,1,0,0.0,34,6,7,True
25311,México,—,Bronce,True,True,True,0,0,0.0,71,11,6,False
25312,Colombia,Otras ciudades,Bronce,True,False,True,1,0,0.0,21,6,8,True
25313,Colombia,Santa Marta,Bronce,True,False,False,0,0,0.0,33,4,4,True
25314,Colombia,Bogotá D.C.,Bronce,True,True,True,4,2,1301.0,23,1,8,True
25315,Colombia,Popayán,Bronce,True,False,True,1,0,0.0,19,13,10,False
25316,Colombia,Medellín,Plata,True,False,True,9,7,3578.0,24,4,10,True
25317,Colombia,Pereira,Bronce,False,True,True,0,0,0.0,15,17,6,False
25318,Colombia,Bogotá D.C.,Bronce,True,False,True,1,0,0.0,13,6,8,True
25319,Perú,—,Plata,False,True,True,20,15,6717.0,25,9,9,False
25320,Colombia,Medellín,Bronce,True,True,True,3,2,978.0,41,5,6,True
25321,Ecuador,—,Bronce,True,False,False,7,4,1773.0,25,25,6,False
25322,Colombia,Otras ciudades,Bronce,True,False,True,0,0,0.0,13,14,4,False
25323,Colombia,Bogotá D.C.,Bronce,True,True,True,4,2,1064.0,9,7,9,False
25324,Colombia,Villavicencio,Bronce,False,False,True,0,0,0.0,12,1,6,True
25325,Colombia,Bogotá D.C.,Bronce,True,True,True,1,0,0.0,2,2,9,True
25326,Uruguay,—,Bronce,False,True,True,0,0,0.0,34,20,10,False
25327,México,—,Bronce,True,False,False,3,2,899.0,110,0,6,True
25328,Colombia,Otras ciudades,Platino,False,False,True,104,60,25764.0,62,10,6,False
25329,México,—,Bronce,False,False,False,0,0,0.0,22,2,9,True
25330,Colombia,Cali,Bronce,False,True,True,1,0,0.0,53,6,9,True
25331,Colombia,Otras ciudades,Bronce,True,False,True,2,1,263.0,3,5,6,True
25332,Colombia,Bucaramanga,Bronce,True,False,True,1,0,0.0,46,13,8,False
25333,México,—,Plata,True,True,True,8,4,2279.0,30,15,9,False
25334,Colombia,Montería,Bronce,True,True,False,2,1,279.0,42,17,5,False
25335,Colombia,Medellín,Bronce,False,True,True,0,0,0.0,14,5,8,True
25336,Colombia,Bogotá D.C.,Bronce,True,False,False,1,0,0.0,50,12,10,False
25337,Colombia,Cúcuta,Plata,False,True,False,10,8,3058.0,49,1,7,True
25338,Ecuador,—,Bronce,True,True,True,0,0,0.0,25,1,10,True
25339,México,—,Bronce,True,False,True,0,0,0.0,19,2,7,True
25340,Perú,—,Bronce,False,False,True,1,0,0.0,71,1,8,True
25341,México,—,Bronce,True,False,True,0,0,0.0,19,7,6,False
25342,Colombia,Barranquilla,Bronce,False,True,True,5,3,1533.0,2,8,8,False
25343,Colombia,Bogotá D.C.,Bronce,True,True,False,1,0,0.0,42,10,6,False
25344,Colombia,Otras ciudades,Bronce,False,False,True,3,2,1085.0,12,13,7,False
25345,Colombia,Bucaramanga,Plata,False,False,True,19,14,6840.0,8,4,10,True
25346,México,—,Plata,False,False,False,14,9,5903.0,48,7,6,False
25347,México,—,Plata,False,False,True,20,13,6867.0,13,5,5,True
25348,Colombia,Bogotá D.C.,Oro,False,False,True,34,26,16211.0,44,10,4,False
25349,Colombia,Otras ciudades,Bronce,True,False,True,0,0,0.0,23,6,8,True
25350,Colombia,Sincelejo,Bronce,False,False,True,0,0,0.0,15,3,4,True
25351,Colombia,Bogotá D.C.,Bronce,False,False,True,0,0,0.0,8,30,9,False
25352,Uruguay,—,Bronce,False,False,False,0,0,0.0,19,18,4,False
25353,Colombia,Cali,Bronce,False,False,True,6,3,1572.0,18,0,9,True
25354,México,—,Bronce,True,True,False,3,1,516.0,10,3,4,True
25355,Colombia,Neiva,Bronce,False,False,True,1,0,0.0,13,9,8,False
25356,Colombia,Cali,Bronce,False,False,True,1,0,0.0,75,5,9,True
25357,Colombia,Medellín,Bronce,False,False,True,0,0,0.0,108,3,10,True
25358,Colombia,Bogotá D.C.,Bronce,True,False,True,6,5,2591.0,4,2,10,True
25359,Colombia,Bogotá D.C.,Bronce,True,False,False,1,0,0.0,33,10,10,False
25360,Perú,—,Bronce,False,False,True,1,0,0.0,1,12,10,False
25361,Colombia,Medellín,Bronce,True,False,True,0,0,0.0,52,7,5,False
25362,Colombia,Otras ciudades,Bronce,False,False,True,0,0,0.0,10,1,2,True
25363,Ecuador,—,Bronce,True,False,True,1,0,0.0,41,7,6,False
25364,Colombia,Ibagué,Bronce,False,False,True,0,0,0.0,50,12,7,False
25365,Ecuador,—,Bronce,False,False,False,3,2,747.0,4,2,8,True
25366,Ecuador,—,Bronce,True,False,True,1,0,0.0,19,2,2,True
25367,Colombia,Bogotá D.C.,Bronce,True,True,False,1,0,0.0,51,1,7,True
25368,Colombia,Medellín,Bronce,False,False,True,1,0,0.0,3,11,5,False
25369,México,—,Bronce,False,False,True,3,2,1246.0,47,1,5,True
25370,Colombia,Sincelejo,Bronce,True,False,True,1,0,0.0,16,0,4,True
25371,Colombia,Cali,Oro,False,True,True,48,43,29707.0,51,3,10,True
25372,Ecuador,—,Bronce,False,False,True,1,0,0.0,15,2,8,True
25373,Colombia,Medellín,Bronce,False,False,False,0,0,0.0,18,5,8,True
25374,Colombia,Manizales,Plata,False,True,True,13,10,5764.0,3,5,7,True
25375,Colombia,Bogotá D.C.,Bronce,True,False,True,2,1,348.0,63,8,9,False
25376,Colombia,Bogotá D.C.,Bronce,True,True,True,2,1,618.0,20,5,6,True
25377,Colombia,Otras ciudades,Bronce,True,False,False,3,2,695.0,55,4,6,True
25378,Colombia,Bogotá D.C.,Bronce,True,True,True,0,0,0.0,22,3,8,True
25379,Colombia,Cartagena,Bronce,True,False,True,0,0,0.0,30,1,10,True
25380,Colombia,Montería,Bronce,True,False,False,2,1,561.0,7,3,9,True
25381,Colombia,Bogotá D.C.,Bronce,False,False,True,5,4,1789.0,82,1,8,True
25382,Colombia,Bogotá D.C.,Bronce,False,False,True,6,5,2588.0,33,7,5,False
25383,Colombia,Pasto,Oro,False,False,True,32,24,12981.0,33,4,3,True
25384,Colombia,Medellín,Bronce,False,False,True,2,1,329.0,37,2,7,True
25385,Colombia,Otras ciudades,Bronce,True,True,True,4,2,957.0,14,1,8,True
25386,Colombia,Villavicencio,Bronce,False,True,True,1,0,0.0,25,5,7,True
25387,México,—,Bronce,True,True,True,1,0,0.0,9,1,7,True
25388,Uruguay,—,Bronce,True,False,False,0,0,0.0,1,1,8,True
25389,Colombia,Bogotá D.C.,Bronce,False,False,True,0,0,0.0,138,12,9,False
25390,Chile,—,Bronce,True,False,True,0,0,0.0,8,8,3,False
25391,Colombia,Armenia,Plata,False,True,False,8,7,4256.0,23,4,7,True
25392,Colombia,Bogotá D.C.,Bronce,True,False,False,0,0,0.0,26,1,9,True
25393,México,—,Oro,True,True,True,47,41,15000.0,20,3,8,True
25394,Ecuador,—,Bronce,False,False,True,0,0,0.0,51,14,7,False
25395,Colombia,Medellín,Plata,True,False,False,9,7,2686.0,77,3,10,True
25396,México,—,Bronce,False,False,True,2,1,700.0,38,1,8,True
25397,Perú,—,Bronce,False,True,True,2,1,466.0,28,7,10,False
25398,Ecuador,—,Bronce,True,False,False,3,2,1328.0,3,5,8,True
25399,Colombia,Bucaramanga,Bronce,False,True,True,4,3,1047.0,31,9,7,False
25400,Colombia,Medellín,Bronce,False,False,False,4,3,1771.0,15,4,10,True
25401,Uruguay,—,Bronce,True,False,True,1,0,0.0,38,23,5,False
25402,Colombia,Bogotá D.C.,Bronce,True,False,True,1,0,0.0,36,1,8,True
25403,Colombia,Medellín,Bronce,True,False,True,0,0,0.0,42,2,10,True
25404,Colombia,Bogotá D.C.,Bronce,False,True,True,1,0,0.0,16,0,5,True
25405,Colombia,Medellín,Plata,False,True,True,11,8,3583.0,26,15,9,False
25406,Colombia,Bogotá D.C.,Plata,True,False,True,18,15,8758.0,33,6,7,True
25407,Colombia,Otras ciudades,Bronce,False,True,True,7,5,2457.0,18,1,4,True
25408,México,—,Plata,False,False,True,8,6,3281.0,6,9,6,False
25409,México,—,Bronce,False,True,True,4,2,635.0,23,1,10,True
25410,Perú,—,Bronce,False,False,True,0,0,0.0,10,1,10,True
25411,Colombia,Barranquilla,Bronce,True,False,True,3,2,721.0,45,4,10,True
25412,Colombia,Cartagena,Bronce,True,True,True,3,2,965.0,26,12,10,False
25413,México,—,Bronce,True,True,True,0,0,0.0,21,12,8,False
25414,Ecuador,—,Bronce,True,False,True,4,3,996.0,8,2,6,True
25415,Ecuador,—,Bronce,True,True,True,2,1,331.0,61,3,6,True
25416,Colombia,Medellín,Bronce,False,False,True,5,3,1255.0,17,8,3,False
25417,Colombia,Pereira,Plata,False,False,True,13,11,6786.0,33,1,6,True
25418,Colombia,Bogotá D.C.,Bronce,True,True,True,0,0,0.0,80,4,9,True
25419,Colombia,Otras ciudades,Bronce,False,False,True,3,2,1212.0,56,0,3,True
25420,México,—,Bronce,False,False,True,0,0,0.0,63,0,10,True
25421,México,—,Bronce,False,False,True,1,0,0.0,56,6,6,True
25422,Colombia,Pasto,Plata,True,True,True,18,15,7342.0,25,1,4,True
25423,México,—,Bronce,False,False,False,2,1,487.0,12,12,10,False
25424,Ecuador,—,Platino,True,False,True,138,129,64014.0,49,3,9,True
25425,Perú,—,Bronce,False,False,True,3,1,587.0,49,5,10,True
25426,Colombia,Medellín,Bronce,False,True,True,1,0,0.0,29,3,10,True
25427,Colombia,Cali,Bronce,True,False,True,2,1,656.0,15,1,4,True
25428,Colombia,Manizales,Bronce,False,True,False,6,4,1961.0,53,1,9,True
25429,Colombia,Barranquilla,Bronce,True,False,True,6,4,1901.0,9,5,6,True
25430,Colombia,Otras ciudades,Bronce,True,True,False,3,2,885.0,24,8,10,False
25431,Colombia,Cali,Bronce,True,False,True,0,0,0.0,62,3,10,True
25432,Perú,—,Bronce,False,False,True,2,1,500.0,2,4,7,True
25433,Colombia,Bogotá D.C.,Bronce,True,True,True,1,0,0.0,50,14,7,False
25434,Perú,—,Bronce,True,True,False,1,0,0.0,18,13,8,False
25435,Ecuador,—,Bronce,True,False,True,2,1,602.0,23,6,5,True
25436,México,—,Bronce,False,False,False,0,0,0.0,38,1,10,True
25437,Colombia,Cúcuta,Bronce,True,True,False,0,0,0.0,44,1,8,True
25438,Ecuador,—,Bronce,False,False,False,0,0,0.0,11,5,8,True
25439,Colombia,Bogotá D.C.,Bronce,False,False,True,1,0,0.0,11,7,10,False
25440,Colombia,Bogotá D.C.,Bronce,True,True,True,1,0,0.0,9,3,6,True
25441,Colombia,Medellín,Bronce,False,True,True,0,0,0.0,83,8,5,False
25442,Colombia,Bogotá D.C.,Bronce,True,True,True,4,2,692.0,21,5,9,True
25443,Colombia,Bogotá D.C.,Bronce,False,False,True,1,0,0.0,43,8,6,False
25444,Colombia,Bogotá D.C.,Oro,True,True,False,36,33,18455.0,44,6,9,True
25445,México,—,Plata,False,False,True,14,11,7474.0,8,9,9,False
25446,Uruguay,—,Bronce,True,True,True,0,0,0.0,28,0,7,True
25447,México,—,Bronce,True,True,True,6,3,1325.0,26,2,8,True
25448,Ecuador,—,Bronce,False,False,False,0,0,0.0,31,8,3,False
25449,México,—,Bronce,False,True,True,0,0,0.0,2,1,9,True
25450,Colombia,Cali,Bronce,True,False,True,2,1,508.0,14,1,9,True
25451,México,—,Bronce,True,False,True,0,0,0.0,6,3,8,True
25452,México,—,Bronce,False,True,True,3,1,388.0,11,1,8,True
25453,Colombia,Cúcuta,Bronce,True,False,True,1,0,0.0,41,2,10,True
25454,Colombia,Bogotá D.C.,Bronce,True,False,False,0,0,0.0,13,7,8,False
25455,México,—,Bronce,True,True,True,6,4,2626.0,45,1,7,True
25456,Colombia,Bogotá D.C.,Bronce,False,False,True,1,0,0.0,23,4,8,True
25457,México,—,Bronce,False,True,True,0,0,0.0,32,3,10,True
25458,Colombia,Manizales,Bronce,False,False,True,2,1,539.0,24,12,9,False
25459,Colombia,Bucaramanga,Oro,True,False,True,31,18,9214.0,39,15,2,False
25460,Perú,—,Bronce,True,False,True,2,1,524.0,18,22,5,False
25461,Colombia,Bogotá D.C.,Bronce,False,False,True,0,0,0.0,2,32,8,False
25462,Colombia,Barranquilla,Bronce,False,False,True,0,0,0.0,45,7,5,False
25463,México,—,Oro,True,True,True,35,27,14596.0,32,2,9,True
25464,Colombia,Medellín,Bronce,True,False,True,5,4,2151.0,21,4,4,True
25465,Colombia,Cartagena,Platino,True,True,False,83,72,37994.0,9,2,6,True
25466,Colombia,Medellín,Bronce,True,False,True,3,2,1191.0,35,4,9,True
25467,Colombia,Cali,Plata,True,False,False,11,8,4144.0,36,8,9,False
25468,Colombia,Bogotá D.C.,Bronce,True,False,True,0,0,0.0,45,7,8,False
25469,Colombia,Cali,Bronce,False,True,False,1,0,0.0,25,3,8,True
25470,México,—,Bronce,False,False,True,3,2,801.0,28,1,8,True
25471,Colombia,Bogotá D.C.,Bronce,False,True,True,4,2,780.0,29,6,8,True
25472,Colombia,Bucaramanga,Bronce,True,False,True,2,1,591.0,18,15,7,False
25473,Uruguay,—,Plata,True,True,True,11,9,3884.0,41,18,8,False
25474,Colombia,Barranquilla,Bronce,False,False,True,1,0,0.0,30,3,10,True
25475,Colombia,Cartagena,Plata,False,False,True,9,5,2767.0,3,3,6,True
25476,Colombia,Pereira,Bronce,False,False,True,3,2,1158.0,17,1,4,True
25477,México,—,Bronce,True,False,True,4,3,1546.0,34,4,9,True
25478,Ecuador,—,Bronce,False,False,True,0,0,0.0,37,9,9,False
25479,Colombia,Bogotá D.C.,Bronce,False,True,False,5,3,1840.0,14,8,7,False
25480,Colombia,Villavicencio,Bronce,False,False,False,1,0,0.0,96,4,4,True
25481,Uruguay,—,Bronce,True,False,True,0,0,0.0,75,7,9,False
25482,Colombia,Bogotá D.C.,Bronce,True,False,True,7,6,3003.0,13,17,8,False
25483,México,—,Plata,True,False,True,10,8,3435.0,10,6,4,True
25484,Colombia,Cúcuta,Bronce,False,False,True,5,4,2076.0,27,10,9,False
25485,México,—,Bronce,False,False,True,1,0,0.0,62,16,10,False
25486,Colombia,Barranquilla,Bronce,True,True,True,0,0,0.0,33,4,10,True
25487,Colombia,Bogotá D.C.,Bronce,False,False,True,0,0,0.0,1,5,4,True
25488,Colombia,Cali,Bronce,False,False,True,0,0,0.0,33,0,8,True
25489,México,—,Bronce,True,False,True,2,1,572.0,19,2,8,True
25490,México,—,Bronce,True,False,True,1,0,0.0,5,12,3,False
25491,México,—,Bronce,True,False,True,1,0,0.0,14,7,9,False
25492,Ecuador,—,Bronce,True,False,True,0,0,0.0,18,2,3,True
25493,Colombia,Villavicencio,Bronce,False,False,True,1,0,0.0,28,3,9,True
25494,Colombia,Bucaramanga,Bronce,True,True,True,0,0,0.0,49,1,4,True
25495,Colombia,Manizales,Bronce,True,False,True,0,0,0.0,17,9,10,False
25496,Colombia,Bogotá D.C.,Bronce,False,False,True,2,1,288.0,3,8,5,False
25497,Colombia,Cali,Bronce,True,False,True,2,1,545.0,21,4,9,True
25498,Colombia,Bogotá D.C.,Bronce,True,False,True,4,3,968.0,47,4,7,True
25499,Colombia,Medellín,Bronce,False,True,True,0,0,0.0,53,6,7,True
25500,Ecuador,—,Bronce,False,True,True,3,2,724.0,47,17,9,False
25501,Colombia,Pereira,Bronce,True,False,True,5,3,1731.0,47,3,6,True
25502,Uruguay,—,Oro,False,False,True,29,23,13227.0,13,0,10,True
25503,Colombia,Bucaramanga,Oro,False,False,True,36,24,9642.0,26,7,5,False
25504,Colombia,Medellín,Bronce,True,False,True,0,0,0.0,33,10,7,False
25505,Colombia,Popayán,Bronce,False,False,False,0,0,0.0,1,18,9,False
25506,Ecuador,—,Bronce,False,True,True,0,0,0.0,24,2,3,True
25507,Perú,—,Bronce,True,True,True,0,0,0.0,12,4,8,True
25508,Colombia,Cúcuta,Bronce,True,False,True,0,0,0.0,38,1,10,True
25509,México,—,Plata,False,False,True,8,5,2452.0,2,0,10,True
25510,Colombia,Medellín,Bronce,False,False,True,2,1,375.0,19,1,6,True
25511,Colombia,Otras ciudades,Bronce,False,True,False,7,4,2213.0,20,15,6,False
25512,Ecuador,—,Bronce,True,False,True,1,0,0.0,17,12,8,False
25513,México,—,Bronce,False,False,True,0,0,0.0,73,9,8,False
25514,Colombia,Medellín,Bronce,True,False,False,0,0,0.0,13,4,3,True
25515,Colombia,Bogotá D.C.,Bronce,True,False,True,0,0,0.0,40,8,10,False
25516,Uruguay,—,Bronce,True,True,False,0,0,0.0,25,9,8,False
25517,México,—,Plata,False,False,True,12,8,4286.0,32,3,5,True
25518,Uruguay,—,Bronce,True,False,True,0,0,0.0,7,14,6,False
25519,Ecuador,—,Plata,False,False,False,9,8,3443.0,31,3,9,True
25520,Colombia,Bogotá D.C.,Bronce,False,True,True,3,2,702.0,15,6,9,True
25521,Colombia,Manizales,Bronce,True,False,True,2,1,529.0,25,4,10,True
25522,Chile,—,Oro,False,False,True,52,41,21538.0,40,1,6,True
25523,Chile,—,Bronce,False,False,True,1,0,0.0,46,5,5,True
25524,Colombia,Bogotá D.C.,Plata,False,True,True,11,7,3583.0,14,7,8,False
25525,Colombia,Neiva,Bronce,False,False,False,1,0,0.0,1,5,4,True
25526,Ecuador,—,Bronce,False,True,False,0,0,0.0,9,3,6,True
25527,México,—,Plata,False,True,True,8,6,3038.0,94,2,7,True
25528,Ecuador,—,Bronce,False,True,True,1,0,0.0,34,3,7,True
25529,Colombia,Bogotá D.C.,Bronce,False,False,True,3,2,1175.0,48,3,7,True
25530,Colombia,Bogotá D.C.,Bronce,True,True,True,5,3,1208.0,49,5,5,True
25531,Colombia,Bogotá D.C.,Bronce,False,False,False,0,0,0.0,27,2,6,True
25532,Ecuador,—,Bronce,True,False,True,0,0,0.0,41,5,8,True
25533,Colombia,Cali,Bronce,False,False,True,0,0,0.0,30,4,10,True
25534,Perú,—,Bronce,True,False,True,0,0,0.0,9,6,5,True
25535,Colombia,Cali,Bronce,False,False,False,5,3,1239.0,26,6,5,True
25536,Colombia,Bogotá D.C.,Bronce,False,False,True,0,0,0.0,5,1,10,True
25537,Uruguay,—,Bronce,True,False,True,5,3,1909.0,25,14,5,False
25538,Chile,—,Bronce,True,False,True,1,0,0.0,10,1,9,True
25539,Colombia,Bogotá D.C.,Bronce,True,False,True,0,0,0.0,20,3,7,True
25540,Colombia,Medellín,Bronce,False,False,True,0,0,0.0,21,3,3,True
25541,México,—,Bronce,False,False,True,5,3,1330.0,50,1,1,True
25542,Colombia,Cali,Plata,False,True,False,15,13,6812.0,11,4,4,True
25543,Colombia,Cali,Bronce,True,False,True,1,0,0.0,20,2,7,True
25544,Colombia,Bogotá D.C.,Bronce,True,False,True,0,0,0.0,4,2,4,True
25545,México,—,Plata,True,True,True,8,6,3534.0,18,17,7,False
25546,Colombia,Popayán,Bronce,True,False,True,3,2,1030.0,30,4,6,True
25547,México,—,Bronce,True,True,True,6,5,2382.0,9,3,8,True
25548,Perú,—,Bronce,True,True,True,1,0,0.0,53,6,8,True
25549,Colombia,Bogotá D.C.,Bronce,False,False,False,1,0,0.0,23,7,6,False
25550,México,—,Plata,False,False,True,24,20,9683.0,50,14,9,False
25551,Colombia,Medellín,Bronce,False,False,False,1,0,0.0,1,5,8,True
25552,México,—,Bronce,False,False,True,0,0,0.0,54,25,6,False
25553,Colombia,Bogotá D.C.,Bronce,False,True,False,3,2,869.0,24,3,8,True
25554,México,—,Bronce,False,True,True,0,0,0.0,7,4,9,True
25555,Uruguay,—,Bronce,True,False,True,1,0,0.0,3,0,7,True
25556,Ecuador,—,Bronce,False,True,True,0,0,0.0,29,18,2,False
25557,Perú,—,Plata,False,False,True,16,13,9780.0,65,1,7,True
25558,Ecuador,—,Bronce,False,True,False,0,0,0.0,27,1,9,True
25559,Colombia,Bogotá D.C.,Bronce,False,False,False,1,0,0.0,25,1,7,True
25560,Colombia,Barranquilla,Bronce,True,False,True,7,4,1706.0,19,8,7,False
25561,Colombia,Villavicencio,Bronce,True,False,False,0,0,0.0,39,21,8,False
25562,México,—,Bronce,False,True,True,1,0,0.0,25,2,8,True
25563,Uruguay,—,Oro,False,False,True,33,21,10112.0,7,5,7,True
25564,Colombia,Montería,Bronce,False,True,True,0,0,0.0,30,8,4,False
25565,Colombia,Bogotá D.C.,Bronce,False,False,True,0,0,0.0,32,3,7,True
25566,Perú,—,Plata,False,False,True,22,14,6283.0,46,6,9,True
25567,Colombia,Otras ciudades,Bronce,False,False,True,3,1,407.0,45,1,3,True
25568,Colombia,Ibagué,Bronce,True,True,False,0,0,0.0,24,2,6,True
25569,Colombia,Otras ciudades,Bronce,True,False,True,0,0,0.0,46,19,7,False
25570,Colombia,Medellín,Bronce,False,True,False,0,0,0.0,30,19,8,False
25571,Colombia,Villavicencio,Bronce,False,False,True,1,0,0.0,69,9,10,False
25572,Colombia,Bogotá D.C.,Bronce,False,False,False,0,0,0.0,24,0,8,True
25573,Ecuador,—,Bronce,True,False,True,7,6,2203.0,16,7,7,False
25574,Perú,—,Oro,False,False,True,31,19,9813.0,30,5,5,True
25575,Colombia,Medellín,Bronce,False,False,True,3,2,648.0,6,6,4,True
25576,Colombia,Bogotá D.C.,Platino,True,False,True,64,54,31257.0,82,4,9,True
25577,Colombia,Bogotá D.C.,Bronce,False,False,True,1,0,0.0,9,7,10,False
25578,Perú,—,Plata,False,True,True,19,17,7571.0,26,11,10,False
25579,Colombia,Medellín,Bronce,True,True,True,6,3,1552.0,13,13,6,False
25580,México,—,Bronce,False,False,True,0,0,0.0,32,4,5,True
25581,Colombia,Cali,Bronce,False,True,True,2,1,508.0,21,25,2,False
25582,Uruguay,—,Bronce,True,False,True,3,2,674.0,2,1,6,True
25583,Colombia,Bogotá D.C.,Bronce,True,False,True,0,0,0.0,30,12,5,False
25584,Colombia,Medellín,Bronce,True,False,True,1,0,0.0,8,7,10,False
25585,Colombia,Barranquilla,Bronce,True,False,False,5,3,1332.0,16,2,7,True
25586,Colombia,Cali,Platino,False,False,True,141,91,45076.0,8,1,10,True
25587,Colombia,Medellín,Bronce,False,True,False,5,4,2029.0,27,0,10,True
25588,Uruguay,—,Bronce,False,False,True,1,0,0.0,8,4,8,True
25589,Colombia,Manizales,Bronce,False,False,True,0,0,0.0,15,1,4,True
25590,México,—,Bronce,False,False,True,1,0,0.0,15,2,10,True
25591,Colombia,Cali,Bronce,True,True,False,0,0,0.0,10,7,4,False
25592,Colombia,Villavicencio,Plata,True,False,True,8,7,3699.0,13,7,4,False
25593,Colombia,Pasto,Bronce,False,False,True,0,0,0.0,7,10,6,False
25594,Colombia,Medellín,Plata,False,True,True,8,5,2449.0,7,1,6,True
25595,Colombia,Bogotá D.C.,Bronce,False,False,False,2,1,525.0,19,1,4,True
25596,Colombia,Bogotá D.C.,Plata,False,True,True,8,5,2840.0,36,2,8,True
25597,Colombia,Otras ciudades,Bronce,False,False,True,0,0,0.0,12,2,10,True
25598,México,—,Bronce,True,False,True,1,0,0.0,1,3,0,True
25599,Uruguay,—,Bronce,False,True,True,0,0,0.0,5,7,8,False
25600,México,—,Bronce,False,False,True,7,4,1186.0,8,3,7,True
25601,México,—,Bronce,False,True,True,0,0,0.0,21,3,6,True
25602,Colombia,Bucaramanga,Bronce,True,True,True,0,0,0.0,10,4,5,True
25603,Colombia,Medellín,Bronce,False,False,True,2,1,511.0,6,9,8,False
25604,Colombia,Bogotá D.C.,Bronce,False,False,True,3,1,570.0,42,8,6,False
25605,Colombia,Cali,Plata,False,False,True,10,7,2802.0,126,7,8,False
25606,México,—,Platino,True,False,True,179,163,73474.0,58,3,5,True
25607,Colombia,Bogotá D.C.,Bronce,False,False,True,0,0,0.0,25,5,7,True
25608,Ecuador,—,Bronce,False,False,True,0,0,0.0,15,2,10,True
25609,Uruguay,—,Bronce,False,False,True,0,0,0.0,25,7,8,False
25610,Colombia,Bogotá D.C.,Plata,True,True,True,9,5,2655.0,15,0,6,True
25611,Ecuador,—,Bronce,False,False,True,1,0,0.0,15,1,5,True
25612,Chile,—,Bronce,False,False,True,1,0,0.0,13,17,7,False
25613,Colombia,Pereira,Bronce,False,True,True,1,0,0.0,55,12,9,False
25614,Colombia,Bogotá D.C.,Bronce,False,False,True,3,2,1094.0,3,2,8,True
25615,Colombia,Villavicencio,Bronce,True,True,True,0,0,0.0,38,6,7,True
25616,Colombia,Bucaramanga,Bronce,True,True,True,0,0,0.0,74,8,5,False
25617,Ecuador,—,Bronce,False,False,True,0,0,0.0,12,10,7,False
25618,Uruguay,—,Bronce,True,False,True,0,0,0.0,25,2,10,True
25619,Chile,—,Bronce,False,True,False,0,0,0.0,9,4,7,True
25620,Colombia,Popayán,Bronce,True,False,True,2,1,418.0,81,16,10,False
25621,México,—,Bronce,True,True,True,0,0,0.0,27,3,8,True
25622,México,—,Bronce,False,False,True,1,0,0.0,9,5,7,True
25623,Colombia,Otras ciudades,Bronce,False,True,True,3,2,830.0,99,1,8,True
25624,México,—,Bronce,False,False,True,6,4,1819.0,53,3,10,True
25625,Colombia,Cartagena,Bronce,True,False,True,1,0,0.0,56,9,8,False
25626,Colombia,Cúcuta,Plata,True,False,True,8,6,3480.0,33,1,8,True
25627,Perú,—,Bronce,True,False,True,1,0,0.0,12,6,8,True
25628,Colombia,Barranquilla,Bronce,False,False,True,0,0,0.0,85,1,7,True
25629,Colombia,Bucaramanga,Bronce,False,False,True,3,1,523.0,12,15,4,False
25630,Uruguay,—,Bronce,False,False,False,5,3,1715.0,7,6,7,True
25631,Colombia,Medellín,Bronce,False,False,True,5,3,1738.0,89,4,10,True
25632,Colombia,Barranquilla,Bronce,True,False,True,0,0,0.0,5,2,7,True
25633,México,—,Bronce,True,False,True,1,0,0.0,68,14,10,False
25634,Colombia,Bogotá D.C.,Plata,False,False,True,10,6,2171.0,32,2,10,True
25635,Colombia,Medellín,Bronce,True,False,True,0,0,0.0,5,4,9,True
25636,Colombia,Barranquilla,Bronce,False,False,True,0,0,0.0,15,5,9,True
25637,Chile,—,Bronce,True,False,True,0,0,0.0,18,20,6,False
25638,Colombia,Medellín,Bronce,True,False,True,0,0,0.0,26,1,7,True
25639,Colombia,Otras ciudades,Bronce,True,True,True,0,0,0.0,41,2,5,True
25640,Colombia,Barranquilla,Bronce,False,True,True,3,2,798.0,36,7,5,False
25641,México,—,Bronce,True,False,True,1,0,0.0,17,3,4,True
25642,Perú,—,Bronce,False,True,True,5,3,1487.0,19,4,7,True
25643,México,—,Bronce,True,False,True,5,3,687.0,41,3,6,True
25644,Colombia,Cali,Bronce,False,True,True,7,4,2023.0,27,1,7,True
25645,Colombia,Pereira,Plata,True,False,True,18,15,7312.0,1,5,6,True
25646,México,—,Bronce,True,False,False,0,0,0.0,22,5,10,True
25647,Perú,—,Bronce,True,True,True,2,1,480.0,16,0,5,True
25648,Ecuador,—,Bronce,True,False,True,0,0,0.0,21,6,10,True
25649,Colombia,Cúcuta,Bronce,False,True,True,7,5,2075.0,27,1,9,True
25650,Colombia,Barranquilla,Bronce,False,False,True,1,0,0.0,16,2,10,True
25651,Perú,—,Bronce,True,False,True,0,0,0.0,30,18,8,False
25652,Colombia,Bogotá D.C.,Bronce,False,False,True,1,0,0.0,76,4,10,True
25653,Uruguay,—,Bronce,True,True,True,1,0,0.0,10,8,7,False
25654,Ecuador,—,Bronce,True,True,False,0,0,0.0,40,4,7,True
25655,Colombia,Bogotá D.C.,Bronce,True,False,True,0,0,0.0,7,1,8,True
25656,Colombia,Bogotá D.C.,Bronce,False,False,True,0,0,0.0,16,0,6,True
25657,Colombia,Medellín,Bronce,True,False,True,0,0,0.0,18,5,6,True
25658,Perú,—,Bronce,False,False,False,7,5,3387.0,3,3,8,True
25659,Colombia,Cúcuta,Bronce,True,False,True,0,0,0.0,5,1,4,True
25660,Colombia,Neiva,Plata,False,False,True,20,17,7272.0,43,10,8,False
25661,Colombia,Bogotá D.C.,Plata,True,False,False,9,7,2970.0,9,6,7,True
25662,México,—,Bronce,False,False,False,0,0,0.0,58,12,9,False
25663,México,—,Bronce,True,False,True,0,0,0.0,15,2,5,True
25664,Colombia,Barranquilla,Bronce,True,False,True,1,0,0.0,14,2,10,True
25665,Colombia,Bogotá D.C.,Bronce,False,False,True,1,0,0.0,41,3,7,True
25666,Perú,—,Bronce,True,True,False,4,3,1643.0,31,4,4,True
25667,México,—,Plata,True,False,True,8,5,3702.0,39,3,9,True
25668,Ecuador,—,Bronce,False,True,True,0,0,0.0,8,2,3,True
25669,México,—,Bronce,True,True,True,1,0,0.0,16,3,5,True
25670,Colombia,Bucaramanga,Bronce,True,False,True,0,0,0.0,83,5,7,True
25671,Colombia,Bogotá D.C.,Bronce,True,True,False,0,0,0.0,20,1,8,True
25672,México,—,Bronce,False,False,True,1,0,0.0,18,0,7,True
25673,Colombia,Bogotá D.C.,Bronce,False,False,False,0,0,0.0,18,6,10,True
25674,Colombia,Bogotá D.C.,Plata,False,False,False,14,9,4450.0,95,2,7,True
25675,Colombia,Cali,Bronce,True,True,True,0,0,0.0,32,1,3,True
25676,Colombia,Otras ciudades,Bronce,False,False,True,0,0,0.0,6,2,5,True
25677,Colombia,Villavicencio,Bronce,True,False,True,3,1,435.0,2,1,5,True
25678,Perú,—,Plata,False,False,True,10,6,3246.0,15,4,10,True
25679,Colombia,Bogotá D.C.,Bronce,True,True,True,0,0,0.0,41,5,3,True
25680,Colombia,Popayán,Bronce,False,False,True,1,0,0.0,42,4,9,True
25681,Colombia,Medellín,Bronce,True,True,True,5,4,1709.0,5,2,9,True
25682,Colombia,Medellín,Bronce,False,True,True,4,2,1183.0,101,4,10,True
25683,Colombia,Bogotá D.C.,Plata,True,False,False,10,6,4029.0,55,12,2,False
25684,México,—,Bronce,True,False,True,1,0,0.0,51,5,10,True
25685,Colombia,Bogotá D.C.,Bronce,False,False,True,0,0,0.0,3,12,10,False
25686,Colombia,Otras ciudades,Bronce,False,False,True,4,2,1275.0,90,14,8,False
25687,Colombia,Cartagena,Bronce,False,True,False,2,1,261.0,46,1,6,True
25688,Colombia,Barranquilla,Bronce,False,True,False,2,1,383.0,48,6,3,True
25689,Ecuador,—,Bronce,False,False,True,0,0,0.0,69,2,8,True
25690,México,—,Bronce,True,False,True,3,2,1498.0,35,5,3,True
25691,México,—,Bronce,True,True,True,1,0,0.0,7,16,9,False
25692,Colombia,Medellín,Plata,True,False,True,12,7,2737.0,1,21,4,False
25693,Colombia,Bogotá D.C.,Bronce,True,False,True,1,0,0.0,42,10,7,False
25694,Colombia,Cali,Bronce,True,True,True,0,0,0.0,25,1,5,True
25695,Colombia,Medellín,Bronce,True,True,True,2,1,440.0,25,9,5,False
25696,Ecuador,—,Bronce,True,True,True,0,0,0.0,9,8,5,False
25697,Ecuador,—,Plata,True,False,True,9,7,3174.0,25,14,10,False
25698,Colombia,Bogotá D.C.,Bronce,True,False,True,2,1,574.0,5,3,8,True
25699,México,—,Bronce,True,False,True,0,0,0.0,57,1,6,True
25700,Ecuador,—,Bronce,False,False,True,0,0,0.0,6,2,5,True
25701,Colombia,Medellín,Bronce,False,True,True,0,0,0.0,32,5,6,True
25702,México,—,Bronce,True,False,True,0,0,0.0,50,7,5,False
25703,México,—,Bronce,True,False,False,0,0,0.0,45,3,9,True
25704,Colombia,Otras ciudades,Bronce,False,True,True,4,2,1167.0,19,6,7,True
25705,Chile,—,Bronce,False,True,True,1,0,0.0,11,1,4,True
25706,México,—,Bronce,True,False,True,0,0,0.0,31,11,8,False
25707,Colombia,Medellín,Bronce,True,True,True,1,0,0.0,70,3,9,True
25708,Colombia,Bogotá D.C.,Bronce,False,False,False,2,1,415.0,15,7,6,False
25709,Colombia,Bogotá D.C.,Bronce,True,True,True,1,0,0.0,6,8,10,False
25710,Ecuador,—,Bronce,False,False,True,1,0,0.0,14,36,7,False
25711,Colombia,Bogotá D.C.,Bronce,False,True,True,0,0,0.0,30,2,3,True
25712,México,—,Bronce,False,False,True,0,0,0.0,8,2,4,True
25713,México,—,Bronce,True,False,True,1,0,0.0,60,3,7,True
25714,Colombia,Bogotá D.C.,Bronce,True,True,True,1,0,0.0,15,1,7,True
25715,Colombia,Bogotá D.C.,Bronce,False,False,True,6,4,2399.0,66,9,6,False
25716,Colombia,Cali,Platino,False,False,True,125,116,49060.0,37,7,9,False
25717,Colombia,Cartagena,Bronce,True,False,True,6,5,2966.0,50,2,5,True
25718,Colombia,Bogotá D.C.,Bronce,True,False,True,2,1,526.0,19,3,7,True
25719,Colombia,Armenia,Plata,True,False,False,10,7,4541.0,13,7,4,False
25720,Colombia,Bogotá D.C.,Bronce,True,False,True,1,0,0.0,32,0,10,True
25721,México,—,Bronce,False,False,True,0,0,0.0,49,1,7,True
25722,Colombia,Bogotá D.C.,Bronce,False,False,True,1,0,0.0,18,13,10,False
25723,Colombia,Bogotá D.C.,Bronce,False,True,True,5,3,1617.0,27,8,5,False
25724,Colombia,Manizales,Platino,True,False,True,64,50,25456.0,5,3,9,True
25725,Colombia,Sincelejo,Bronce,False,True,True,0,0,0.0,1,5,8,True
25726,Colombia,Barranquilla,Bronce,False,True,True,0,0,0.0,3,0,7,True
25727,México,—,Bronce,False,False,True,1,0,0.0,29,9,8,False
25728,Colombia,Cali,Bronce,False,False,False,0,0,0.0,94,10,6,False
25729,Colombia,Santa Marta,Bronce,False,False,True,0,0,0.0,34,11,8,False
25730,Colombia,Manizales,Bronce,True,False,True,1,0,0.0,71,8,9,False
25731,Colombia,Barranquilla,Bronce,True,True,True,0,0,0.0,16,19,9,False
25732,Uruguay,—,Bronce,True,False,True,0,0,0.0,17,1,8,True
25733,Colombia,Bogotá D.C.,Bronce,False,False,True,0,0,0.0,27,2,7,True
25734,Colombia,Manizales,Bronce,False,False,True,2,1,402.0,52,1,10,True
25735,Colombia,Bogotá D.C.,Bronce,False,False,False,2,1,324.0,3,4,6,True
25736,Colombia,Cali,Bronce,False,False,True,4,3,881.0,23,10,6,False
25737,Colombia,Barranquilla,Bronce,True,True,True,0,0,0.0,45,1,9,True
25738,Colombia,Bogotá D.C.,Bronce,False,False,True,2,1,533.0,19,5,5,True
25739,Colombia,Medellín,Bronce,False,True,True,0,0,0.0,8,6,9,True
25740,México,—,Bronce,True,False,True,1,0,0.0,52,3,5,True
25741,Colombia,Bogotá D.C.,Bronce,False,False,True,1,0,0.0,50,17,6,False
25742,Colombia,Cali,Bronce,False,False,True,0,0,0.0,16,5,5,True
25743,Uruguay,—,Bronce,False,True,True,5,3,1537.0,20,5,5,True
25744,México,—,Bronce,False,True,False,0,0,0.0,28,3,10,True
25745,Colombia,Otras ciudades,Bronce,True,False,True,1,0,0.0,5,8,6,False
25746,Ecuador,—,Bronce,False,False,True,0,0,0.0,58,7,9,False
25747,México,—,Bronce,False,False,True,1,0,0.0,13,4,4,True
25748,México,—,Bronce,True,True,True,0,0,0.0,22,7,10,False
25749,Uruguay,—,Bronce,True,False,True,7,4,1683.0,20,12,8,False
25750,Colombia,Bogotá D.C.,Bronce,True,True,True,7,5,2649.0,12,0,6,True
25751,Colombia,Bogotá D.C.,Bronce,False,False,True,1,0,0.0,34,6,8,True
25752,Colombia,Cartagena,Bronce,False,False,True,1,0,0.0,20,2,8,True
25753,Ecuador,—,Plata,False,False,True,10,8,3571.0,6,5,7,True
25754,Uruguay,—,Bronce,True,False,True,1,0,0.0,51,0,10,True
25755,Ecuador,—,Bronce,False,True,False,0,0,0.0,23,11,9,False
25756,Colombia,Bogotá D.C.,Bronce,False,False,False,0,0,0.0,23,2,9,True
25757,Colombia,Pasto,Bronce,False,True,True,0,0,0.0,26,12,5,False
25758,Colombia,Pereira,Plata,True,False,True,8,6,3735.0,39,8,8,False
25759,Colombia,Santa Marta,Bronce,False,True,True,6,4,2782.0,43,6,6,True
25760,Colombia,Bogotá D.C.,Bronce,True,False,True,1,0,0.0,98,5,10,True
25761,Colombia,Bogotá D.C.,Bronce,False,False,True,1,0,0.0,4,5,5,True
25762,Colombia,Barranquilla,Plata,True,False,True,16,11,4784.0,20,13,7,False
25763,México,—,Bronce,False,True,True,2,1,517.0,7,2,4,True
25764,Colombia,Villavicencio,Bronce,True,True,True,0,0,0.0,30,14,10,False
25765,Uruguay,—,Bronce,False,True,True,2,1,615.0,5,0,3,True
25766,Colombia,Cali,Bronce,True,True,True,0,0,0.0,26,3,10,True
25767,Colombia,Cartagena,Bronce,True,False,True,0,0,0.0,7,7,10,False
25768,Perú,—,Plata,False,False,False,9,7,4077.0,60,13,9,False
25769,Colombia,Medellín,Bronce,False,True,True,1,0,0.0,41,1,7,True
25770,Uruguay,—,Bronce,False,True,True,4,2,960.0,51,12,6,False
25771,México,—,Plata,True,True,True,14,10,4556.0,9,4,6,True
25772,México,—,Bronce,False,False,True,2,1,260.0,17,3,8,True
25773,Perú,—,Bronce,False,False,True,7,6,3257.0,36,3,9,True
25774,Perú,—,Bronce,False,False,True,0,0,0.0,3,5,7,True
25775,Colombia,Cartagena,Bronce,True,True,True,3,2,1311.0,29,8,9,False
25776,Colombia,Barranquilla,Bronce,False,False,True,0,0,0.0,20,5,8,True
25777,México,—,Bronce,True,True,True,4,2,648.0,41,1,5,True
25778,Colombia,Bogotá D.C.,Bronce,False,True,True,0,0,0.0,11,0,8,True
25779,Perú,—,Bronce,False,True,True,1,0,0.0,63,3,6,True
25780,Colombia,Otras ciudades,Bronce,False,True,False,5,3,1576.0,50,6,6,True
25781,México,—,Plata,False,True,True,12,7,3968.0,85,0,6,True
25782,Chile,—,Plata,False,True,True,15,10,4024.0,39,4,4,True
25783,Colombia,Cartagena,Bronce,True,False,False,5,3,1009.0,16,0,7,True
25784,Colombia,Bogotá D.C.,Bronce,True,True,True,3,1,327.0,33,3,6,True
25785,Colombia,Pereira,Bronce,True,False,True,3,1,478.0,13,3,7,True
25786,México,—,Plata,False,False,True,14,8,3840.0,37,4,10,True
25787,Colombia,Bogotá D.C.,Bronce,True,True,True,5,4,2231.0,25,3,9,True
25788,Colombia,Medellín,Bronce,False,False,False,5,4,2417.0,19,4,8,True
25789,Colombia,Cali,Bronce,False,True,True,2,1,545.0,40,2,8,True
25790,Colombia,Bogotá D.C.,Bronce,False,False,False,1,0,0.0,88,0,4,True
25791,Colombia,Armenia,Bronce,True,True,True,0,0,0.0,93,21,4,False
25792,Colombia,Otras ciudades,Plata,False,False,True,14,9,3993.0,28,3,6,True
25793,Chile,—,Bronce,False,True,True,2,1,534.0,18,5,6,True
25794,Colombia,Otras ciudades,Bronce,True,False,True,2,1,428.0,9,12,10,False
25795,México,—,Plata,True,True,True,13,8,6437.0,17,17,3,False
25796,Colombia,Bogotá D.C.,Bronce,False,True,True,5,3,1472.0,25,5,10,True
25797,Colombia,Cúcuta,Bronce,False,False,True,1,0,0.0,45,8,4,False
25798,Perú,—,Bronce,True,False,True,7,5,1795.0,13,8,10,False
25799,Perú,—,Bronce,True,False,True,1,0,0.0,99,0,7,True
25800,México,—,Bronce,True,False,True,1,0,0.0,3,18,8,False
25801,Colombia,Valledupar,Bronce,False,False,True,1,0,0.0,11,2,9,True
25802,Colombia,Medellín,Bronce,False,False,True,1,0,0.0,3,1,7,True
25803,Colombia,Medellín,Bronce,True,True,True,0,0,0.0,32,12,10,False
25804,Colombia,Bogotá D.C.,Bronce,False,False,True,6,3,968.0,6,13,8,False
25805,Colombia,Otras ciudades,Bronce,True,False,False,0,0,0.0,20,2,10,True
25806,Colombia,Armenia,Bronce,True,False,True,1,0,0.0,4,14,9,False
25807,Chile,—,Bronce,True,False,True,0,0,0.0,54,2,7,True
25808,Colombia,Neiva,Plata,False,False,True,11,7,3999.0,19,1,6,True
25809,Ecuador,—,Bronce,True,False,True,3,2,1185.0,38,2,5,True
25810,Ecuador,—,Bronce,False,False,True,2,1,393.0,19,0,6,True
25811,Colombia,Medellín,Bronce,True,True,True,0,0,0.0,5,12,9,False
25812,Colombia,Ibagué,Bronce,False,False,False,1,0,0.0,11,12,9,False
25813,Colombia,Bogotá D.C.,Bronce,False,True,True,1,0,0.0,62,8,6,False
25814,Colombia,Bogotá D.C.,Bronce,False,False,True,0,0,0.0,6,5,10,True
25815,Chile,—,Bronce,True,True,True,4,3,1509.0,25,1,9,True
25816,Ecuador,—,Plata,True,False,True,19,13,6343.0,47,16,8,False
25817,Ecuador,—,Oro,True,False,True,33,23,11742.0,17,3,3,True
25818,Colombia,Pereira,Bronce,True,False,True,2,1,639.0,31,18,5,False
25819,Colombia,Cali,Plata,False,False,True,13,12,5614.0,39,2,7,True
25820,Colombia,Bogotá D.C.,Bronce,False,False,True,0,0,0.0,24,10,5,False
25821,México,—,Bronce,True,True,False,0,0,0.0,20,11,6,False
25822,Colombia,Otras ciudades,Bronce,True,False,True,1,0,0.0,23,11,5,False
25823,México,—,Bronce,False,True,True,7,6,3172.0,10,2,10,True
25824,Colombia,Medellín,Bronce,False,False,True,1,0,0.0,32,2,8,True
25825,Colombia,Bogotá D.C.,Bronce,False,False,False,0,0,0.0,32,0,9,True
25826,Uruguay,—,Bronce,True,False,False,3,2,885.0,36,2,4,True
25827,Colombia,Barranquilla,Bronce,True,False,True,0,0,0.0,40,4,6,True
25828,Ecuador,—,Plata,False,False,True,8,5,2189.0,39,8,10,False
25829,Ecuador,—,Bronce,False,False,False,4,3,1513.0,12,2,9,True
25830,Colombia,Cúcuta,Plata,False,False,True,8,5,2329.0,5,11,4,False
25831,Colombia,Villavicencio,Plata,False,True,False,8,5,2259.0,12,3,8,True
25832,Colombia,Barranquilla,Bronce,False,False,True,1,0,0.0,28,13,10,False
25833,Colombia,Bogotá D.C.,Bronce,True,False,True,1,0,0.0,29,1,4,True
25834,México,—,Plata,False,False,True,9,6,1909.0,38,4,8,True
25835,Colombia,Bogotá D.C.,Oro,False,False,True,44,30,8760.0,10,4,10,True
25836,México,—,Oro,True,True,True,50,44,18601.0,19,3,5,True
25837,Colombia,Bogotá D.C.,Bronce,False,False,True,3,2,973.0,38,19,5,False
25838,Colombia,Barranquilla,Bronce,True,False,True,0,0,0.0,12,4,10,True
25839,Colombia,Barranquilla,Bronce,True,False,True,0,0,0.0,39,9,4,False
25840,Colombia,Medellín,Bronce,True,False,True,2,1,217.0,13,5,6,True
25841,Colombia,Bogotá D.C.,Plata,False,False,True,11,7,4166.0,18,4,7,True
25842,Colombia,Cali,Bronce,False,False,False,0,0,0.0,4,1,10,True
25843,Ecuador,—,Bronce,False,True,True,1,0,0.0,15,0,7,True
25844,Colombia,Barranquilla,Bronce,True,False,True,3,2,1144.0,21,2,9,True
25845,Uruguay,—,Bronce,False,True,True,6,4,2267.0,5,8,8,False
25846,México,—,Bronce,True,False,True,5,4,1827.0,17,4,3,True
25847,Ecuador,—,Bronce,True,False,False,4,2,948.0,14,4,8,True
25848,Colombia,Medellín,Bronce,True,True,True,4,3,829.0,23,8,4,False
25849,México,—,Bronce,True,False,True,3,2,1064.0,33,22,4,False
25850,Colombia,Cartagena,Bronce,True,True,True,2,1,439.0,18,4,4,True
25851,México,—,Bronce,True,True,True,0,0,0.0,24,1,10,True
25852,México,—,Bronce,True,True,True,0,0,0.0,7,3,10,True
25853,Colombia,Bogotá D.C.,Bronce,False,False,True,4,3,1421.0,16,21,5,False
25854,México,—,Plata,False,False,True,10,8,4592.0,6,6,7,True
25855,Colombia,Sincelejo,Bronce,False,False,True,5,3,1680.0,19,1,8,True
25856,México,—,Bronce,True,False,True,4,3,1404.0,83,8,10,False
25857,México,—,Bronce,False,False,True,1,0,0.0,38,16,9,False
25858,Ecuador,—,Plata,False,False,True,10,6,1894.0,26,4,9,True
25859,Colombia,Medellín,Bronce,True,True,True,0,0,0.0,1,3,5,True
25860,Perú,—,Bronce,False,True,True,0,0,0.0,30,1,3,True
25861,México,—,Bronce,True,True,True,0,0,0.0,11,12,10,False
25862,Colombia,Bogotá D.C.,Bronce,False,False,True,6,4,1934.0,55,3,7,True
25863,Colombia,Bogotá D.C.,Bronce,False,False,True,3,2,1011.0,9,0,9,True
25864,Colombia,Cali,Bronce,False,False,True,4,2,740.0,56,4,7,True
25865,Colombia,Bogotá D.C.,Bronce,True,True,True,4,2,1097.0,36,2,8,True
25866,México,—,Platino,True,False,True,104,80,51545.0,27,4,6,True
25867,Colombia,Barranquilla,Bronce,False,False,True,0,0,0.0,17,2,9,True
25868,Colombia,Pasto,Bronce,True,False,True,2,1,441.0,18,4,7,True
25869,Colombia,Bucaramanga,Bronce,True,True,False,0,0,0.0,37,5,6,True
25870,Perú,—,Bronce,True,False,True,3,2,923.0,5,8,6,False
25871,Perú,—,Bronce,False,False,True,2,1,393.0,17,8,8,False
25872,Perú,—,Bronce,False,True,True,0,0,0.0,12,5,6,True
25873,Colombia,Montería,Plata,False,False,True,15,10,5790.0,11,7,9,False
25874,Colombia,Bogotá D.C.,Bronce,False,False,True,0,0,0.0,49,5,8,True
25875,Colombia,Popayán,Bronce,False,False,True,3,2,1291.0,39,7,4,False
25876,Colombia,Bogotá D.C.,Bronce,False,False,True,0,0,0.0,30,5,8,True
25877,Colombia,Bogotá D.C.,Bronce,True,False,True,0,0,0.0,2,0,8,True
25878,Colombia,Bogotá D.C.,Bronce,False,False,True,2,1,369.0,39,3,9,True
25879,Colombia,Medellín,Plata,False,True,False,8,4,2108.0,55,13,10,False
25880,Ecuador,—,Bronce,False,False,False,2,1,409.0,19,4,9,True
25881,Colombia,Bucaramanga,Bronce,False,False,True,1,0,0.0,24,1,9,True
25882,Colombia,Cali,Bronce,True,False,True,2,1,489.0,41,6,8,True
25883,Colombia,Otras ciudades,Bronce,False,False,False,1,0,0.0,22,13,9,False
25884,México,—,Bronce,True,False,True,6,4,2145.0,57,5,9,True
25885,Colombia,Popayán,Plata,True,False,False,14,12,7608.0,42,10,5,False
25886,Ecuador,—,Bronce,False,False,True,3,2,1074.0,26,13,9,False
25887,Colombia,Manizales,Bronce,False,False,True,1,0,0.0,3,13,10,False
25888,México,—,Bronce,False,True,True,3,2,589.0,18,2,5,True
25889,Colombia,Ibagué,Bronce,True,False,True,0,0,0.0,9,1,3,True
25890,Ecuador,—,Bronce,True,True,True,0,0,0.0,38,12,7,False
25891,Colombia,Bogotá D.C.,Plata,False,False,True,13,10,3043.0,60,6,5,True
25892,Colombia,Medellín,Oro,False,True,True,25,23,8440.0,7,17,6,False
25893,Colombia,Bogotá D.C.,Bronce,False,True,True,0,0,0.0,32,3,8,True
25894,Colombia,Bogotá D.C.,Bronce,True,False,True,4,3,1883.0,61,7,8,False
25895,México,—,Plata,True,False,False,12,10,3550.0,60,0,7,True
25896,Colombia,Bogotá D.C.,Bronce,True,True,True,3,2,940.0,55,0,8,True
25897,Ecuador,—,Bronce,False,False,False,1,0,0.0,30,30,5,False
25898,Chile,—,Bronce,True,True,True,7,4,2033.0,8,3,7,True
25899,México,—,Bronce,True,False,False,2,1,660.0,21,4,5,True
25900,México,—,Bronce,False,False,True,2,1,563.0,24,14,9,False
25901,México,—,Bronce,False,False,True,1,0,0.0,11,7,8,False
25902,Colombia,Bogotá D.C.,Bronce,False,False,True,0,0,0.0,8,4,9,True
25903,Perú,—,Bronce,False,False,True,0,0,0.0,29,12,9,False
25904,México,—,Bronce,False,False,True,4,2,710.0,3,6,5,True
25905,Uruguay,—,Bronce,False,True,True,1,0,0.0,52,3,8,True
25906,México,—,Bronce,True,False,True,0,0,0.0,69,7,3,False
25907,Colombia,Pasto,Bronce,True,False,False,4,3,1537.0,30,1,3,True
25908,México,—,Bronce,True,True,True,4,2,1014.0,59,3,9,True
25909,Colombia,Otras ciudades,Bronce,False,True,True,0,0,0.0,15,0,6,True
25910,Colombia,Bogotá D.C.,Plata,True,False,True,24,17,6895.0,58,4,8,True
25911,Colombia,Bogotá D.C.,Bronce,False,False,False,0,0,0.0,4,1,6,True
25912,México,—,Bronce,False,False,True,2,1,603.0,40,1,7,True
25913,México,—,Bronce,False,False,True,3,2,1263.0,76,21,7,False
25914,Colombia,Bogotá D.C.,Bronce,False,False,True,1,0,0.0,14,6,9,True
25915,Ecuador,—,Bronce,False,False,True,0,0,0.0,21,5,5,True
25916,Colombia,Bogotá D.C.,Plata,False,True,False,10,8,5494.0,42,3,10,True
25917,Colombia,Armenia,Bronce,True,False,True,1,0,0.0,34,2,10,True
25918,México,—,Bronce,True,True,True,0,0,0.0,37,18,7,False
25919,Colombia,Bogotá D.C.,Bronce,True,True,True,4,3,1304.0,35,1,8,True
25920,Colombia,Armenia,Bronce,True,False,True,4,2,825.0,9,8,9,False
25921,México,—,Bronce,True,False,True,1,0,0.0,24,9,6,False
25922,México,—,Platino,False,False,True,145,85,53704.0,16,7,6,False
25923,Colombia,Manizales,Bronce,False,False,True,0,0,0.0,8,15,10,False
25924,Colombia,Otras ciudades,Bronce,True,False,True,5,3,1806.0,39,6,9,True
25925,Perú,—,Bronce,True,True,False,0,0,0.0,37,3,4,True
25926,Ecuador,—,Bronce,False,False,True,1,0,0.0,80,1,8,True
25927,Colombia,Popayán,Plata,False,True,True,11,7,2038.0,10,5,9,True
25928,Colombia,Bogotá D.C.,Bronce,True,False,True,0,0,0.0,19,4,9,True
25929,Chile,—,Bronce,True,False,True,2,1,516.0,6,6,7,True
25930,Colombia,Otras ciudades,Bronce,False,True,True,0,0,0.0,2,11,7,False
25931,Uruguay,—,Bronce,False,False,True,1,0,0.0,35,0,6,True
25932,Ecuador,—,Bronce,True,True,True,1,0,0.0,46,25,10,False
25933,Colombia,Otras ciudades,Bronce,True,False,True,1,0,0.0,18,1,6,True
25934,México,—,Bronce,False,False,True,3,1,555.0,16,2,10,True
25935,México,—,Oro,False,True,True,59,45,24953.0,1,2,8,True
25936,Colombia,Bogotá D.C.,Bronce,True,True,True,1,0,0.0,37,5,6,True
25937,Colombia,Cali,Bronce,False,True,True,0,0,0.0,9,2,10,True
25938,Colombia,Barranquilla,Bronce,False,False,False,0,0,0.0,1,1,4,True
25939,México,—,Bronce,False,True,True,3,2,835.0,63,9,10,False
25940,Colombia,Cartagena,Bronce,False,False,True,6,3,1721.0,17,1,5,True
25941,Colombia,Bogotá D.C.,Bronce,False,False,True,4,2,1114.0,1,5,6,True
25942,Chile,—,Bronce,True,True,True,3,2,1148.0,55,0,4,True
25943,Colombia,Cali,Oro,True,False,False,33,21,11230.0,5,3,10,True
25944,Colombia,Cúcuta,Bronce,True,False,True,0,0,0.0,14,5,3,True
25945,México,—,Bronce,True,True,True,0,0,0.0,74,9,10,False
25946,Colombia,Cali,Bronce,False,False,False,5,4,1770.0,14,14,9,False
25947,Colombia,Santa Marta,Bronce,False,False,False,0,0,0.0,4,6,9,True
25948,Colombia,Medellín,Bronce,True,False,True,5,3,1586.0,34,4,10,True
25949,Colombia,Otras ciudades,Bronce,True,True,True,5,4,2649.0,40,15,9,False
25950,Colombia,Pasto,Bronce,True,True,True,0,0,0.0,14,8,5,False
25951,Colombia,Montería,Plata,True,True,True,9,6,3073.0,20,3,10,True
25952,Colombia,Bogotá D.C.,Bronce,False,True,True,0,0,0.0,3,3,7,True
25953,Colombia,Bogotá D.C.,Bronce,True,False,True,5,4,1654.0,24,5,9,True
25954,Colombia,Bogotá D.C.,Bronce,False,False,False,1,0,0.0,11,11,7,False
25955,Colombia,Otras ciudades,Bronce,False,False,True,0,0,0.0,47,19,9,False
25956,Ecuador,—,Bronce,False,False,False,0,0,0.0,34,3,9,True
25957,Colombia,Sincelejo,Plata,True,False,False,12,11,6586.0,9,8,10,False
25958,México,—,Bronce,True,False,True,1,0,0.0,32,2,10,True
25959,Colombia,Barranquilla,Bronce,False,False,True,0,0,0.0,22,1,6,True
25960,Colombia,Cali,Bronce,True,False,True,0,0,0.0,58,3,8,True
25961,Colombia,Cartagena,Bronce,False,False,True,5,3,2260.0,53,4,10,True
25962,Colombia,Medellín,Bronce,True,False,True,2,1,607.0,13,7,9,False
25963,Colombia,Bogotá D.C.,Bronce,True,False,True,1,0,0.0,64,10,5,False
25964,México,—,Bronce,False,False,True,3,2,1463.0,27,5,7,True
25965,Colombia,Pereira,Bronce,True,False,False,4,3,1712.0,32,16,5,False
25966,México,—,Bronce,True,False,True,3,2,874.0,52,1,6,True
25967,Colombia,Bucaramanga,Bronce,False,False,True,3,2,336.0,27,5,10,True
25968,Colombia,Medellín,Bronce,True,False,True,3,2,937.0,17,5,10,True
25969,México,—,Plata,True,False,False,8,7,5035.0,42,6,9,True
25970,Ecuador,—,Bronce,False,False,True,4,2,1282.0,19,9,4,False
25971,Colombia,Barranquilla,Plata,False,True,True,12,9,4599.0,19,3,10,True
25972,Perú,—,Bronce,False,True,True,6,5,1415.0,7,4,3,True
25973,Colombia,Bogotá D.C.,Bronce,True,False,True,0,0,0.0,8,2,4,True
25974,Perú,—,Bronce,False,False,True,0,0,0.0,28,1,6,True
25975,Colombia,Bogotá D.C.,Bronce,False,False,True,0,0,0.0,19,2,8,True
25976,Perú,—,Bronce,True,True,True,1,0,0.0,15,18,6,False
25977,México,—,Bronce,True,False,True,0,0,0.0,19,5,7,True
25978,Colombia,Medellín,Oro,False,False,True,37,26,11479.0,11,12,9,False
25979,Colombia,Manizales,Plata,False,False,True,14,9,2863.0,10,3,10,True
25980,Colombia,Medellín,Bronce,False,False,True,1,0,0.0,9,3,10,True
25981,México,—,Bronce,True,True,True,1,0,0.0,12,1,7,True
25982,Colombia,Cali,Oro,True,False,True,49,34,22954.0,13,4,5,True
25983,Colombia,Barranquilla,Bronce,True,False,True,3,2,1132.0,19,3,4,True
25984,Colombia,Bogotá D.C.,Bronce,True,False,True,2,1,465.0,12,1,8,True
25985,Colombia,Medellín,Bronce,True,False,True,6,4,1645.0,17,5,7,True
25986,México,—,Bronce,True,False,True,5,4,2074.0,34,8,9,False
25987,Colombia,Bogotá D.C.,Bronce,False,False,True,0,0,0.0,21,4,6,True
25988,Colombia,Otras ciudades,Bronce,True,True,True,4,3,2087.0,14,10,7,False
25989,Colombia,Cartagena,Bronce,True,False,True,2,1,348.0,23,13,8,False
25990,Chile,—,Oro,False,False,True,31,18,8137.0,7,5,10,True
25991,Colombia,Bogotá D.C.,Bronce,False,False,True,1,0,0.0,67,0,8,True
25992,Ecuador,—,Bronce,False,False,True,1,0,0.0,7,11,2,False
25993,Colombia,Bogotá D.C.,Bronce,True,True,True,0,0,0.0,42,3,4,True
25994,Colombia,Bucaramanga,Bronce,True,False,True,5,4,1744.0,17,7,4,False
25995,Colombia,Bogotá D.C.,Bronce,False,True,True,0,0,0.0,5,3,8,True
25996,Chile,—,Plata,True,True,True,9,6,3483.0,3,5,8,True
25997,México,—,Bronce,True,True,True,0,0,0.0,14,4,9,True
25998,México,—,Bronce,True,False,True,0,0,0.0,3,12,8,False
25999,Perú,—,Bronce,False,False,True,1,0,0.0,18,3,7,True
26000,Colombia,Manizales,Bronce,True,False,True,0,0,0.0,10,5,9,True
26001,Colombia,Bucaramanga,Bronce,False,False,True,7,6,2015.0,5,0,6,True
26002,Uruguay,—,Plata,True,True,False,24,21,9053.0,85,2,7,True
26003,Ecuador,—,Bronce,False,False,False,2,1,466.0,48,8,9,False
26004,Colombia,Bogotá D.C.,Bronce,True,False,True,2,1,387.0,52,1,10,True
26005,Colombia,Medellín,Bronce,False,False,True,2,1,509.0,21,3,4,True
26006,Colombia,Bucaramanga,Bronce,False,False,True,2,1,488.0,10,3,7,True
26007,Ecuador,—,Bronce,False,False,True,2,1,560.0,12,1,5,True
26008,Colombia,Bogotá D.C.,Plata,False,False,True,10,7,2727.0,59,3,10,True
26009,Ecuador,—,Bronce,False,False,True,1,0,0.0,28,12,9,False
26010,Colombia,Cúcuta,Bronce,True,False,True,4,2,886.0,18,16,7,False
26011,Colombia,Bogotá D.C.,Bronce,True,False,True,1,0,0.0,41,4,8,True
26012,Colombia,Barranquilla,Bronce,True,False,True,0,0,0.0,5,7,7,False
26013,Uruguay,—,Bronce,True,False,True,0,0,0.0,35,9,6,False
26014,Chile,—,Plata,True,False,True,14,12,7128.0,68,4,6,True
26015,Perú,—,Plata,False,False,True,23,17,8774.0,24,4,7,True
26016,Colombia,Bogotá D.C.,Plata,True,False,True,8,5,2103.0,16,7,5,False
26017,Colombia,Medellín,Bronce,True,False,False,1,0,0.0,4,2,7,True
26018,Chile,—,Bronce,True,True,True,2,1,323.0,10,10,9,False
26019,México,—,Bronce,True,True,True,1,0,0.0,31,22,8,False
26020,México,—,Bronce,True,False,False,1,0,0.0,5,4,8,True
26021,Colombia,Cúcuta,Bronce,False,False,True,0,0,0.0,9,0,8,True
26022,Colombia,Cali,Bronce,False,False,True,0,0,0.0,57,10,6,False
26023,Colombia,Bogotá D.C.,Bronce,False,False,True,6,4,2303.0,62,3,5,True
26024,México,—,Bronce,False,False,True,0,0,0.0,7,6,6,True
26025,México,—,Bronce,False,True,False,1,0,0.0,37,7,9,False
26026,Ecuador,—,Bronce,True,True,False,0,0,0.0,17,10,9,False
26027,México,—,Plata,False,False,True,15,12,4255.0,31,4,10,True
26028,Colombia,Bucaramanga,Bronce,False,False,True,2,1,477.0,18,6,10,True
26029,Colombia,Cúcuta,Bronce,False,False,True,3,2,559.0,19,7,9,False
26030,Colombia,Medellín,Bronce,True,True,True,0,0,0.0,32,11,8,False
26031,Colombia,Cali,Bronce,True,False,False,3,1,615.0,44,3,8,True
26032,Colombia,Bogotá D.C.,Bronce,True,False,True,5,4,2804.0,31,4,9,True
26033,Colombia,Medellín,Bronce,False,True,False,4,3,1223.0,60,2,6,True
26034,Colombia,Otras ciudades,Bronce,False,True,False,1,0,0.0,73,3,7,True
26035,México,—,Plata,False,True,False,24,17,10353.0,51,4,7,True
26036,Colombia,Ibagué,Bronce,True,True,True,0,0,0.0,11,8,10,False
26037,Colombia,Bogotá D.C.,Bronce,False,False,False,1,0,0.0,36,2,6,True
26038,México,—,Bronce,True,False,True,1,0,0.0,55,4,10,True
26039,Colombia,Medellín,Platino,False,False,True,67,42,22646.0,24,8,7,False
26040,Colombia,Cartagena,Plata,False,True,True,9,6,3634.0,29,1,9,True
26041,México,—,Oro,True,True,True,28,24,10109.0,40,1,6,True
26042,Ecuador,—,Bronce,False,True,False,5,3,1857.0,8,8,6,False
26043,Colombia,Medellín,Bronce,True,True,False,1,0,0.0,64,1,10,True
26044,Colombia,Medellín,Bronce,False,True,True,0,0,0.0,5,22,10,False
26045,Colombia,Bogotá D.C.,Bronce,False,True,False,2,1,685.0,39,6,10,True
26046,Colombia,Villavicencio,Bronce,False,False,True,2,1,659.0,45,8,5,False
26047,Ecuador,—,Bronce,True,False,True,4,3,1480.0,2,7,8,False
26048,Colombia,Medellín,Bronce,True,False,True,4,3,1544.0,25,1,9,True
26049,Perú,—,Bronce,False,False,True,3,2,821.0,24,7,6,False
26050,México,—,Plata,True,False,True,8,6,2224.0,1,1,6,True
26051,Colombia,Medellín,Bronce,False,False,False,6,5,3049.0,18,4,10,True
26052,Uruguay,—,Bronce,True,True,True,0,0,0.0,27,4,7,True
26053,México,—,Bronce,True,True,True,0,0,0.0,2,8,9,False
26054,Colombia,Bogotá D.C.,Bronce,True,False,True,1,0,0.0,19,3,7,True
26055,Perú,—,Bronce,True,False,True,1,0,0.0,18,4,8,True
26056,Colombia,Bogotá D.C.,Bronce,True,False,True,0,0,0.0,70,4,3,True
26057,Colombia,Cali,Bronce,True,False,True,1,0,0.0,18,1,7,True
26058,Colombia,Bogotá D.C.,Bronce,True,False,True,0,0,0.0,6,4,9,True
26059,México,—,Platino,False,False,True,323,260,156001.0,28,4,9,True
26060,Ecuador,—,Bronce,False,True,True,0,0,0.0,56,2,5,True
26061,Ecuador,—,Bronce,False,False,True,2,1,431.0,55,8,5,False
26062,Colombia,Sincelejo,Bronce,False,True,True,1,0,0.0,27,5,9,True
26063,Colombia,Bogotá D.C.,Bronce,False,True,True,0,0,0.0,43,5,10,True
26064,México,—,Bronce,True,False,True,0,0,0.0,22,4,7,True
26065,Colombia,Medellín,Bronce,False,True,True,1,0,0.0,45,5,6,True
26066,Perú,—,Bronce,True,True,False,5,4,1680.0,24,10,7,False
26067,Colombia,Bogotá D.C.,Bronce,True,False,True,0,0,0.0,18,3,7,True
26068,Colombia,Cali,Bronce,True,True,True,0,0,0.0,49,5,7,True
26069,Colombia,Cartagena,Bronce,False,False,True,3,2,1083.0,6,5,10,True
26070,Colombia,Bogotá D.C.,Bronce,True,False,False,0,0,0.0,70,12,8,False
26071,Colombia,Bogotá D.C.,Bronce,True,False,True,0,0,0.0,58,2,10,True
26072,Uruguay,—,Bronce,False,True,True,3,2,716.0,23,6,0,True
26073,Colombia,Bogotá D.C.,Bronce,True,True,True,0,0,0.0,14,5,4,True
26074,México,—,Bronce,False,False,True,2,1,469.0,10,1,10,True
26075,Colombia,Bogotá D.C.,Plata,False,False,True,10,6,3906.0,24,5,10,True
26076,Colombia,Cúcuta,Bronce,False,True,True,2,1,187.0,62,9,6,False
26077,Colombia,Bucaramanga,Bronce,True,False,True,1,0,0.0,17,15,10,False
26078,Ecuador,—,Bronce,False,False,True,0,0,0.0,29,5,5,True
26079,Ecuador,—,Bronce,True,False,True,1,0,0.0,8,7,7,False
26080,Colombia,Bogotá D.C.,Bronce,True,False,True,0,0,0.0,65,1,7,True
26081,Colombia,Bogotá D.C.,Bronce,True,False,True,0,0,0.0,17,2,7,True
26082,Colombia,Bogotá D.C.,Bronce,False,True,True,3,2,1180.0,18,1,10,True
26083,Colombia,Bogotá D.C.,Bronce,True,False,True,0,0,0.0,110,2,4,True
26084,México,—,Bronce,False,False,True,2,1,641.0,27,8,7,False
26085,Colombia,Bogotá D.C.,Bronce,True,True,True,1,0,0.0,13,2,8,True
26086,Colombia,Bogotá D.C.,Bronce,True,False,True,1,0,0.0,18,17,8,False
26087,Colombia,Otras ciudades,Bronce,True,False,True,3,2,1185.0,6,1,6,True
26088,Colombia,Sincelejo,Bronce,True,False,False,1,0,0.0,45,7,8,False
26089,Colombia,Santa Marta,Bronce,True,False,True,0,0,0.0,4,8,9,False
26090,Colombia,Bogotá D.C.,Bronce,False,True,True,0,0,0.0,99,11,7,False
26091,Colombia,Cali,Bronce,True,True,True,1,0,0.0,32,4,5,True
26092,Ecuador,—,Bronce,False,False,True,3,2,843.0,22,6,9,True
26093,Colombia,Medellín,Bronce,False,True,True,1,0,0.0,22,0,3,True
26094,Colombia,Cali,Plata,True,False,True,9,7,2864.0,25,1,9,True
26095,Colombia,Medellín,Bronce,False,False,True,2,1,669.0,19,4,6,True
26096,México,—,Bronce,False,False,True,0,0,0.0,11,21,9,False
26097,Colombia,Bucaramanga,Bronce,False,False,True,0,0,0.0,15,7,9,False
26098,Uruguay,—,Oro,True,False,True,30,27,11927.0,8,4,5,True
26099,Colombia,Bogotá D.C.,Bronce,True,True,True,3,1,543.0,5,3,8,True
26100,Chile,—,Bronce,False,False,True,5,3,1641.0,72,7,9,False
26101,Colombia,Otras ciudades,Bronce,True,True,False,0,0,0.0,67,3,4,True
26102,Colombia,Otras ciudades,Bronce,False,False,True,2,1,560.0,17,1,7,True
26103,Chile,—,Plata,False,True,True,9,6,2217.0,45,0,7,True
26104,Colombia,Bogotá D.C.,Bronce,True,False,True,0,0,0.0,9,10,6,False
26105,Colombia,Manizales,Oro,True,False,False,30,19,11188.0,27,7,6,False
26106,Colombia,Bogotá D.C.,Bronce,False,False,True,0,0,0.0,36,7,3,False
26107,Ecuador,—,Bronce,False,True,True,2,1,532.0,48,13,7,False
26108,México,—,Bronce,True,True,True,0,0,0.0,39,5,10,True
26109,Perú,—,Platino,False,False,True,137,112,37507.0,3,4,7,True
26110,Colombia,Sincelejo,Bronce,False,False,True,0,0,0.0,122,0,5,True
26111,México,—,Bronce,True,False,True,1,0,0.0,38,0,5,True
26112,México,—,Bronce,True,True,True,2,1,426.0,9,19,4,False
26113,Uruguay,—,Bronce,False,False,True,0,0,0.0,45,7,8,False
26114,Colombia,Otras ciudades,Bronce,False,False,True,2,1,596.0,2,5,7,True
26115,Colombia,Villavicencio,Bronce,False,True,True,1,0,0.0,25,0,9,True
26116,Colombia,Otras ciudades,Bronce,True,True,True,0,0,0.0,15,14,7,False
26117,Colombia,Santa Marta,Bronce,False,True,False,0,0,0.0,17,15,9,False
26118,Colombia,Bogotá D.C.,Bronce,False,False,True,1,0,0.0,63,2,6,True
26119,México,—,Bronce,False,False,True,5,3,1582.0,9,9,6,False
26120,Colombia,Medellín,Bronce,True,False,False,0,0,0.0,51,11,4,False
26121,Ecuador,—,Bronce,True,True,True,0,0,0.0,14,8,7,False
26122,Colombia,Bucaramanga,Bronce,False,False,True,1,0,0.0,24,3,10,True
26123,México,—,Bronce,False,True,True,2,1,561.0,99,2,7,True
26124,Ecuador,—,Bronce,True,False,True,3,2,1071.0,13,9,7,False
26125,México,—,Bronce,False,False,True,0,0,0.0,7,10,6,False
26126,Ecuador,—,Bronce,False,False,True,0,0,0.0,43,15,5,False
26127,Colombia,Bucaramanga,Bronce,True,False,True,4,3,1440.0,4,11,7,False
26128,Colombia,Bogotá D.C.,Bronce,True,False,True,3,2,968.0,45,1,7,True
26129,México,—,Plata,True,False,True,9,5,2320.0,1,5,8,True
26130,Colombia,Cali,Plata,True,False,True,9,6,3182.0,22,2,4,True
26131,Colombia,Bogotá D.C.,Bronce,True,True,True,3,1,506.0,9,2,10,True
26132,Colombia,Bogotá D.C.,Bronce,True,True,True,0,0,0.0,32,18,6,False
26133,Colombia,Cartagena,Bronce,False,False,True,0,0,0.0,9,0,10,True
26134,Chile,—,Bronce,False,False,True,7,4,2484.0,28,6,4,True
26135,Colombia,Sincelejo,Plata,True,True,True,8,6,2963.0,38,1,6,True
26136,Colombia,Ibagué,Bronce,True,True,False,0,0,0.0,30,2,9,True
26137,Colombia,Otras ciudades,Bronce,True,False,False,1,0,0.0,32,2,6,True
26138,Perú,—,Bronce,True,False,True,0,0,0.0,16,5,6,True
26139,Colombia,Cali,Plata,False,False,True,22,16,6176.0,22,6,4,True
26140,Ecuador,—,Bronce,True,False,True,4,3,945.0,56,2,8,True
26141,México,—,Bronce,False,False,True,1,0,0.0,3,16,6,False
26142,México,—,Bronce,True,False,True,0,0,0.0,29,11,10,False
26143,Colombia,Bogotá D.C.,Bronce,True,False,True,2,1,356.0,6,2,5,True
26144,Colombia,Cúcuta,Bronce,True,True,True,2,1,375.0,64,0,6,True
26145,México,—,Bronce,False,False,True,0,0,0.0,51,0,10,True
26146,Colombia,Bogotá D.C.,Bronce,False,True,False,0,0,0.0,31,0,8,True
26147,Colombia,Cartagena,Bronce,False,False,True,6,5,2644.0,30,2,4,True
26148,Colombia,Montería,Plata,False,False,True,20,12,5913.0,101,10,7,False
26149,Ecuador,—,Bronce,False,False,True,6,3,1864.0,11,2,8,True
26150,Colombia,Bogotá D.C.,Bronce,True,True,True,3,1,584.0,35,7,9,False
26151,Colombia,Pereira,Bronce,False,False,False,0,0,0.0,7,3,7,True
26152,México,—,Bronce,False,False,False,2,1,557.0,8,14,10,False
26153,Colombia,Barranquilla,Bronce,True,True,False,0,0,0.0,31,14,5,False
26154,Colombia,Armenia,Bronce,False,True,True,2,1,465.0,22,6,6,True
26155,Colombia,Bogotá D.C.,Bronce,True,False,True,2,1,416.0,20,3,9,True
26156,Colombia,Otras ciudades,Bronce,False,True,True,0,0,0.0,21,11,4,False
26157,Ecuador,—,Bronce,False,False,True,0,0,0.0,78,6,10,True
26158,Colombia,Pasto,Plata,True,False,True,9,8,4560.0,18,0,10,True
26159,Ecuador,—,Bronce,False,False,False,0,0,0.0,10,14,4,False
26160,Ecuador,—,Bronce,False,False,True,3,2,1565.0,6,1,8,True
26161,Colombia,Bogotá D.C.,Bronce,True,False,True,1,0,0.0,38,12,5,False
26162,Colombia,Sincelejo,Bronce,False,False,True,5,4,1790.0,42,11,9,False
26163,México,—,Bronce,True,False,True,1,0,0.0,76,1,3,True
26164,Colombia,Cali,Bronce,True,False,True,2,1,481.0,20,6,10,True
26165,Colombia,Medellín,Bronce,False,True,True,1,0,0.0,23,0,8,True
26166,Colombia,Bogotá D.C.,Plata,True,False,False,8,4,1131.0,4,11,10,False
26167,Colombia,Bogotá D.C.,Bronce,True,True,True,1,0,0.0,12,10,9,False
26168,Ecuador,—,Bronce,False,False,False,6,4,1798.0,31,12,9,False
26169,Uruguay,—,Bronce,True,False,True,1,0,0.0,11,9,6,False
26170,Colombia,Medellín,Bronce,False,False,True,0,0,0.0,29,12,8,False
26171,Colombia,Medellín,Bronce,False,False,True,7,4,2373.0,13,9,9,False
26172,Colombia,Cúcuta,Plata,False,False,True,12,10,3600.0,11,4,5,True
26173,Colombia,Bogotá D.C.,Platino,True,False,True,73,49,27724.0,15,13,6,False
26174,Ecuador,—,Plata,True,True,False,12,9,4612.0,34,1,6,True
26175,Uruguay,—,Plata,False,False,True,10,7,4149.0,30,5,6,True
26176,Colombia,Bogotá D.C.,Bronce,False,False,True,7,5,1857.0,11,7,10,False
26177,México,—,Bronce,True,True,True,1,0,0.0,23,8,5,False
26178,Colombia,Cartagena,Bronce,False,False,True,4,3,935.0,18,5,10,True
26179,Ecuador,—,Bronce,True,False,True,1,0,0.0,29,7,9,False
26180,México,—,Bronce,False,False,True,1,0,0.0,28,2,8,True
26181,Perú,—,Bronce,True,False,True,0,0,0.0,34,1,7,True
26182,Colombia,Medellín,Bronce,False,False,True,0,0,0.0,33,6,5,True
26183,Ecuador,—,Bronce,False,False,True,7,6,3407.0,32,3,10,True
26184,Colombia,Bogotá D.C.,Bronce,False,True,True,4,3,1676.0,52,3,6,True
26185,Colombia,Neiva,Bronce,False,True,True,3,2,841.0,12,16,5,False
26186,México,—,Bronce,True,False,True,3,1,543.0,39,3,10,True
26187,Colombia,Pasto,Bronce,True,False,False,2,1,490.0,25,2,7,True
26188,Perú,—,Bronce,False,False,True,0,0,0.0,16,1,7,True
26189,México,—,Bronce,False,False,True,1,0,0.0,20,3,9,True
26190,Colombia,Sincelejo,Bronce,True,False,True,1,0,0.0,34,7,7,False
26191,Perú,—,Bronce,False,False,True,5,4,2152.0,28,3,5,True
26192,México,—,Bronce,True,False,True,1,0,0.0,16,4,5,True
26193,Ecuador,—,Bronce,False,False,True,1,0,0.0,1,2,8,True
26194,Colombia,Bucaramanga,Bronce,True,True,False,0,0,0.0,95,2,8,True
26195,Colombia,Ibagué,Bronce,True,False,True,0,0,0.0,10,21,4,False
26196,Colombia,Sincelejo,Bronce,False,False,False,0,0,0.0,15,6,6,True
26197,México,—,Bronce,False,False,True,4,3,1548.0,21,12,4,False
26198,Colombia,Cali,Bronce,False,False,True,0,0,0.0,39,3,9,True
26199,Colombia,Montería,Bronce,False,False,True,0,0,0.0,6,9,5,False
26200,Colombia,Cúcuta,Bronce,True,False,True,4,3,1521.0,22,8,7,False
26201,Colombia,Bogotá D.C.,Bronce,True,True,False,1,0,0.0,42,3,10,True
26202,México,—,Plata,True,False,True,9,7,3702.0,14,7,6,False
26203,Chile,—,Bronce,False,False,False,1,0,0.0,20,2,6,True
26204,Colombia,Bogotá D.C.,Bronce,False,True,True,3,2,868.0,36,6,7,True
26205,Colombia,Pereira,Bronce,False,False,True,3,1,532.0,25,4,5,True
26206,Ecuador,—,Oro,False,True,True,27,17,9507.0,12,14,7,False
26207,México,—,Bronce,True,True,True,1,0,0.0,7,5,6,True
26208,México,—,Bronce,False,False,True,1,0,0.0,5,7,8,False
26209,Colombia,Cartagena,Bronce,False,True,True,0,0,0.0,49,6,8,True
26210,Colombia,Bogotá D.C.,Bronce,False,False,True,0,0,0.0,4,1,9,True
26211,Colombia,Cali,Bronce,False,False,True,0,0,0.0,7,1,4,True
26212,Perú,—,Bronce,True,True,False,7,6,2009.0,18,5,6,True
26213,Colombia,Medellín,Bronce,True,False,True,1,0,0.0,45,10,8,False
26214,México,—,Bronce,True,False,True,2,1,520.0,28,22,10,False
26215,Colombia,Santa Marta,Bronce,False,False,True,0,0,0.0,43,4,6,True
26216,Colombia,Bogotá D.C.,Bronce,False,False,False,0,0,0.0,33,3,9,True
26217,Colombia,Bogotá D.C.,Bronce,False,False,True,2,1,590.0,21,4,8,True
26218,Uruguay,—,Bronce,False,True,True,7,5,2107.0,36,4,10,True
26219,Colombia,Pereira,Bronce,False,False,True,2,1,494.0,47,1,8,True
26220,México,—,Bronce,True,False,True,2,1,414.0,58,3,7,True
26221,Colombia,Bogotá D.C.,Bronce,True,False,True,1,0,0.0,4,3,10,True
26222,Colombia,Medellín,Bronce,True,False,True,5,3,1606.0,50,2,4,True
26223,Colombia,Bogotá D.C.,Bronce,False,False,True,0,0,0.0,45,0,10,True
26224,Colombia,Pasto,Bronce,False,True,True,2,1,508.0,30,5,3,True
26225,Colombia,Barranquilla,Bronce,False,True,True,0,0,0.0,8,1,8,True
26226,Colombia,Bogotá D.C.,Plata,False,False,True,22,17,7887.0,17,4,8,True
26227,México,—,Bronce,False,False,False,0,0,0.0,42,5,4,True
26228,Colombia,Barranquilla,Plata,False,False,True,9,6,2666.0,42,5,7,True
26229,Colombia,Ibagué,Bronce,False,False,False,0,0,0.0,47,1,8,True
26230,Ecuador,—,Bronce,False,False,True,0,0,0.0,23,1,7,True
26231,Colombia,Bogotá D.C.,Bronce,False,True,True,3,1,444.0,20,5,6,True
26232,México,—,Bronce,False,False,True,2,1,246.0,61,4,4,True
26233,Colombia,Bogotá D.C.,Bronce,True,False,False,2,1,424.0,35,7,7,False
26234,Colombia,Pereira,Bronce,False,True,True,1,0,0.0,64,3,9,True
26235,Colombia,Cali,Bronce,False,False,False,1,0,0.0,26,2,7,True
26236,México,—,Plata,True,False,True,9,8,4438.0,33,3,7,True
26237,Colombia,Otras ciudades,Bronce,False,True,True,1,0,0.0,5,18,10,False
26238,Colombia,Bogotá D.C.,Bronce,False,True,False,0,0,0.0,13,3,7,True
26239,México,—,Bronce,False,True,True,2,1,356.0,25,20,5,False
26240,Colombia,Otras ciudades,Bronce,True,False,True,0,0,0.0,72,16,8,False
26241,Chile,—,Bronce,True,False,True,0,0,0.0,26,7,9,False
26242,Colombia,Medellín,Platino,False,False,True,163,125,74194.0,15,0,7,True
26243,Colombia,Bogotá D.C.,Bronce,True,True,False,2,1,496.0,28,5,6,True
26244,Perú,—,Bronce,True,True,True,0,0,0.0,9,11,0,False
26245,Colombia,Otras ciudades,Bronce,True,False,True,6,5,2514.0,2,0,6,True
26246,México,—,Plata,False,True,True,15,12,5045.0,15,16,5,False
26247,Colombia,Bogotá D.C.,Bronce,True,False,True,6,5,1481.0,23,1,8,True
26248,Colombia,Manizales,Bronce,True,False,False,0,0,0.0,15,1,8,True
26249,Colombia,Bogotá D.C.,Bronce,False,True,False,0,0,0.0,11,4,8,True
26250,Colombia,Cali,Bronce,True,True,False,2,1,435.0,12,5,4,True
26251,Colombia,Medellín,Plata,True,False,True,18,15,9192.0,28,1,7,True
26252,Colombia,Sincelejo,Bronce,False,False,True,0,0,0.0,5,4,9,True
26253,México,—,Plata,True,False,True,22,19,10899.0,60,1,5,True
26254,Colombia,Cartagena,Bronce,False,True,True,1,0,0.0,14,11,8,False
26255,Ecuador,—,Bronce,False,False,True,0,0,0.0,13,0,9,True
26256,Colombia,Medellín,Plata,False,False,True,14,8,4933.0,9,2,9,True
26257,Colombia,Medellín,Bronce,True,False,True,5,4,1936.0,82,6,6,True
26258,Colombia,Montería,Bronce,True,False,True,0,0,0.0,60,5,6,True
26259,Ecuador,—,Plata,False,False,True,16,12,6133.0,30,2,8,True
26260,Colombia,Bogotá D.C.,Bronce,False,False,False,0,0,0.0,18,1,5,True
26261,México,—,Plata,True,True,True,17,14,5924.0,88,6,6,True
26262,Colombia,Bogotá D.C.,Bronce,False,True,True,4,3,1972.0,41,5,4,True
26263,Uruguay,—,Bronce,False,True,False,4,2,931.0,44,5,5,True
26264,Colombia,Otras ciudades,Bronce,False,True,True,0,0,0.0,24,3,9,True
26265,Colombia,Sincelejo,Bronce,True,False,True,0,0,0.0,33,3,9,True
26266,Colombia,Bogotá D.C.,Bronce,True,False,True,0,0,0.0,6,11,10,False
26267,Colombia,Bogotá D.C.,Bronce,False,True,True,0,0,0.0,17,1,9,True
26268,México,—,Bronce,False,False,True,0,0,0.0,8,1,8,True
26269,México,—,Bronce,True,True,False,5,3,1880.0,16,3,8,True
26270,Colombia,Bucaramanga,Bronce,True,False,True,0,0,0.0,20,5,7,True
26271,Colombia,Medellín,Plata,False,True,True,15,12,4441.0,18,5,3,True
26272,Colombia,Cúcuta,Bronce,True,False,True,2,1,543.0,50,3,7,True
26273,México,—,Plata,False,False,True,22,14,6278.0,25,0,5,True
26274,México,—,Bronce,True,True,True,1,0,0.0,101,1,3,True
26275,Ecuador,—,Bronce,False,False,True,1,0,0.0,25,3,8,True
26276,Colombia,Cartagena,Bronce,True,False,True,1,0,0.0,7,3,10,True
26277,Colombia,Pereira,Bronce,False,False,True,3,2,1064.0,10,6,8,True
26278,Chile,—,Bronce,False,True,True,0,0,0.0,44,1,9,True
26279,México,—,Bronce,True,True,True,0,0,0.0,15,7,8,False
26280,Ecuador,—,Bronce,False,False,True,2,1,235.0,4,1,6,True
26281,Colombia,Bogotá D.C.,Bronce,True,True,True,0,0,0.0,4,1,7,True
26282,Colombia,Bucaramanga,Oro,True,False,True,39,26,15419.0,115,2,6,True
26283,Colombia,Ibagué,Bronce,False,False,True,0,0,0.0,39,4,10,True
26284,Colombia,Medellín,Bronce,True,False,True,0,0,0.0,66,2,6,True
26285,Colombia,Bogotá D.C.,Bronce,False,False,False,3,1,323.0,50,3,4,True
26286,Uruguay,—,Bronce,True,False,True,1,0,0.0,2,2,5,True
26287,Colombia,Bogotá D.C.,Bronce,True,False,True,4,3,1744.0,24,5,5,True
26288,Colombia,Otras ciudades,Bronce,True,False,True,6,5,2913.0,11,3,7,True
26289,Uruguay,—,Bronce,False,False,True,1,0,0.0,9,0,8,True
26290,Colombia,Bogotá D.C.,Bronce,True,True,True,1,0,0.0,34,3,5,True
26291,Colombia,Cartagena,Bronce,False,False,True,0,0,0.0,60,3,1,True
26292,Colombia,Bogotá D.C.,Bronce,False,True,True,0,0,0.0,22,3,5,True
26293,Colombia,Bogotá D.C.,Bronce,False,True,True,0,0,0.0,34,3,5,True
26294,Colombia,Bucaramanga,Bronce,True,False,True,3,1,621.0,55,16,10,False
26295,Colombia,Pasto,Bronce,True,False,True,7,6,2582.0,13,0,9,True
26296,Ecuador,—,Bronce,False,False,True,1,0,0.0,6,16,8,False
26297,México,—,Bronce,False,False,False,6,4,1336.0,35,2,8,True
26298,Colombia,Medellín,Bronce,True,True,True,1,0,0.0,5,18,7,False
26299,Colombia,Pasto,Bronce,True,True,True,1,0,0.0,10,0,6,True
26300,México,—,Bronce,True,False,True,2,1,473.0,8,11,8,False
26301,México,—,Bronce,True,True,True,2,1,483.0,46,16,10,False
26302,Colombia,Bogotá D.C.,Bronce,True,False,True,1,0,0.0,21,3,7,True
26303,México,—,Plata,True,False,True,8,5,1582.0,30,1,10,True
26304,Colombia,Cúcuta,Bronce,False,False,True,1,0,0.0,38,2,5,True
26305,México,—,Bronce,True,False,True,2,1,551.0,20,1,8,True
26306,Colombia,Bogotá D.C.,Bronce,False,False,True,0,0,0.0,16,4,7,True
26307,México,—,Bronce,False,True,False,0,0,0.0,23,3,9,True
26308,Perú,—,Bronce,True,False,True,0,0,0.0,36,4,5,True
26309,Colombia,Otras ciudades,Bronce,False,True,True,0,0,0.0,5,0,6,True
26310,Colombia,Valledupar,Bronce,False,False,True,2,1,477.0,13,4,3,True
26311,Colombia,Cali,Bronce,True,True,True,0,0,0.0,2,0,6,True
26312,Colombia,Bogotá D.C.,Bronce,False,False,True,0,0,0.0,22,10,10,False
26313,Colombia,Medellín,Plata,False,True,True,10,7,3545.0,24,1,6,True
26314,Colombia,Otras ciudades,Bronce,True,False,True,0,0,0.0,50,1,9,True
26315,México,—,Plata,True,False,True,13,11,5419.0,9,11,8,False
26316,México,—,Bronce,True,False,True,3,2,988.0,4,12,5,False
26317,Colombia,Neiva,Bronce,False,True,True,1,0,0.0,33,1,7,True
26318,Colombia,Medellín,Oro,False,False,True,26,19,9152.0,67,2,9,True
26319,Perú,—,Bronce,False,False,True,4,3,917.0,2,16,9,False
26320,México,—,Bronce,True,False,True,1,0,0.0,35,1,6,True
26321,Colombia,Medellín,Plata,True,False,True,8,5,2054.0,8,3,5,True
26322,Colombia,Cali,Bronce,False,False,True,1,0,0.0,70,11,5,False
26323,Colombia,Cali,Bronce,True,True,True,3,2,1133.0,27,2,10,True
26324,Colombia,Bogotá D.C.,Oro,True,True,False,26,21,8532.0,21,6,6,True
26325,Colombia,Medellín,Bronce,False,True,True,0,0,0.0,11,1,4,True
26326,México,—,Bronce,True,True,True,2,1,469.0,4,2,10,True
26327,Colombia,Bogotá D.C.,Bronce,False,False,True,0,0,0.0,7,8,6,False
26328,Colombia,Medellín,Bronce,True,True,True,0,0,0.0,6,14,4,False
26329,México,—,Bronce,True,True,True,0,0,0.0,78,4,8,True
26330,Colombia,Santa Marta,Bronce,False,True,True,0,0,0.0,25,0,10,True
26331,México,—,Bronce,False,True,False,4,2,914.0,19,0,3,True
26332,México,—,Bronce,False,False,True,0,0,0.0,71,6,9,True
26333,Chile,—,Bronce,True,False,True,1,0,0.0,21,9,10,False
26334,México,—,Bronce,False,False,True,1,0,0.0,17,3,10,True
26335,México,—,Bronce,False,False,True,0,0,0.0,99,0,8,True
26336,Uruguay,—,Bronce,True,False,True,5,3,1189.0,13,2,6,True
26337,México,—,Bronce,False,False,True,0,0,0.0,30,4,8,True
26338,Colombia,Medellín,Bronce,True,False,True,1,0,0.0,33,3,8,True
26339,Colombia,Santa Marta,Bronce,False,False,True,0,0,0.0,34,6,3,True
26340,México,—,Bronce,False,False,True,3,2,1311.0,31,4,8,True
26341,Colombia,Otras ciudades,Bronce,False,False,True,5,3,1604.0,24,19,10,False
26342,Ecuador,—,Bronce,False,False,True,0,0,0.0,37,5,10,True
26343,Colombia,Santa Marta,Bronce,True,False,True,0,0,0.0,35,2,7,True
26344,Colombia,Bogotá D.C.,Bronce,False,False,True,0,0,0.0,64,2,8,True
26345,Ecuador,—,Bronce,True,False,True,2,1,437.0,59,2,9,True
26346,México,—,Bronce,False,True,True,6,3,878.0,14,10,7,False
26347,Colombia,Otras ciudades,Bronce,True,False,True,0,0,0.0,32,1,10,True
26348,Colombia,Bogotá D.C.,Bronce,True,True,True,4,3,1446.0,26,1,10,True
26349,Perú,—,Bronce,False,False,True,2,1,522.0,21,10,9,False
26350,México,—,Bronce,True,False,False,1,0,0.0,87,4,9,True
26351,Colombia,Bogotá D.C.,Bronce,False,True,True,2,1,379.0,12,14,6,False
26352,Colombia,Otras ciudades,Bronce,True,False,True,0,0,0.0,37,3,7,True
26353,México,—,Bronce,False,False,True,1,0,0.0,76,0,9,True
26354,Colombia,Cali,Bronce,False,True,True,0,0,0.0,62,0,5,True
26355,México,—,Bronce,False,False,True,0,0,0.0,11,4,10,True
26356,Chile,—,Bronce,False,False,True,0,0,0.0,37,7,9,False
26357,Colombia,Cali,Bronce,False,False,False,2,1,383.0,31,14,7,False
26358,México,—,Bronce,True,True,True,1,0,0.0,13,3,7,True
26359,Colombia,Cúcuta,Bronce,True,False,True,0,0,0.0,16,4,8,True
26360,Chile,—,Bronce,True,False,True,0,0,0.0,42,6,7,True
26361,Colombia,Bogotá D.C.,Bronce,True,False,True,3,1,545.0,26,6,7,True
26362,Colombia,Santa Marta,Plata,False,True,True,8,7,2369.0,44,10,5,False
26363,México,—,Bronce,False,False,True,1,0,0.0,18,2,7,True
26364,Colombia,Bucaramanga,Bronce,True,True,True,7,6,2012.0,12,1,10,True
26365,Colombia,Cali,Bronce,False,False,True,0,0,0.0,17,1,2,True
26366,Colombia,Cali,Bronce,False,False,True,0,0,0.0,7,17,2,False
26367,México,—,Bronce,False,False,False,1,0,0.0,88,2,8,True
26368,Perú,—,Bronce,True,False,False,2,1,406.0,10,20,3,False
26369,Colombia,Bogotá D.C.,Plata,False,True,True,10,5,3014.0,37,7,9,False
26370,Colombia,Medellín,Bronce,True,False,True,2,1,576.0,14,4,6,True
26371,Colombia,Barranquilla,Bronce,False,False,True,1,0,0.0,10,0,4,True
26372,México,—,Bronce,True,False,False,2,1,485.0,24,9,8,False
26373,Colombia,Bogotá D.C.,Bronce,True,False,False,2,1,520.0,30,27,6,False
26374,Colombia,Medellín,Bronce,False,True,True,5,3,1650.0,12,10,4,False
26375,Colombia,Cartagena,Bronce,False,False,True,6,5,3372.0,53,4,7,True
26376,Colombia,Cali,Bronce,True,False,False,0,0,0.0,18,2,9,True
26377,Colombia,Cali,Bronce,False,True,True,4,3,1407.0,33,15,6,False
26378,Perú,—,Bronce,False,False,True,0,0,0.0,40,0,7,True
26379,Colombia,Bogotá D.C.,Bronce,False,True,True,7,4,1691.0,5,18,10,False
26380,México,—,Plata,False,False,True,8,4,2084.0,30,0,6,True
26381,Colombia,Neiva,Bronce,False,False,False,0,0,0.0,29,14,8,False
26382,Colombia,Bogotá D.C.,Plata,True,False,True,23,17,8611.0,20,5,10,True
26383,Ecuador,—,Bronce,False,True,True,1,0,0.0,15,2,10,True
26384,Colombia,Bogotá D.C.,Bronce,True,False,True,1,0,0.0,22,5,6,True
26385,México,—,Bronce,True,False,False,0,0,0.0,8,5,8,True
26386,Ecuador,—,Bronce,True,False,True,3,1,586.0,37,7,6,False
26387,Colombia,Cali,Plata,True,False,True,8,7,3573.0,26,0,9,True
26388,México,—,Bronce,True,False,True,0,0,0.0,19,4,7,True
26389,México,—,Bronce,True,False,True,5,3,1756.0,22,4,6,True
26390,Colombia,Cali,Plata,False,False,False,19,11,5449.0,8,6,6,True
26391,México,—,Plata,True,False,True,8,7,4165.0,21,4,10,True
26392,Ecuador,—,Bronce,True,False,True,6,3,1429.0,18,3,10,True
26393,Perú,—,Bronce,True,False,True,5,4,2073.0,24,12,7,False
26394,Colombia,Barranquilla,Bronce,False,False,True,1,0,0.0,14,10,7,False
26395,Colombia,Cali,Plata,False,False,True,8,5,2801.0,2,4,7,True
26396,Colombia,Bogotá D.C.,Bronce,False,True,True,5,3,2023.0,48,1,8,True
26397,Perú,—,Bronce,False,True,True,1,0,0.0,26,2,4,True
26398,Colombia,Cúcuta,Bronce,False,True,False,2,1,550.0,125,4,10,True
26399,Colombia,Cúcuta,Bronce,False,False,False,1,0,0.0,11,1,7,True
26400,Ecuador,—,Bronce,True,False,True,0,0,0.0,14,0,10,True
26401,Colombia,Villavicencio,Bronce,True,False,True,2,1,532.0,12,5,4,True
26402,Colombia,Medellín,Bronce,False,False,True,0,0,0.0,9,8,5,False
26403,Perú,—,Bronce,False,False,True,1,0,0.0,29,2,4,True
26404,Colombia,Cúcuta,Plata,False,False,True,10,7,4437.0,4,1,7,True
26405,Colombia,Manizales,Bronce,True,False,False,2,1,715.0,21,5,8,True
26406,Colombia,Bogotá D.C.,Bronce,False,False,True,1,0,0.0,90,1,5,True
26407,Colombia,Otras ciudades,Bronce,False,False,True,4,3,1280.0,31,12,5,False
26408,Colombia,Cartagena,Bronce,True,False,True,2,1,561.0,49,2,5,True
26409,Colombia,Medellín,Bronce,True,False,True,0,0,0.0,31,6,4,True
26410,Colombia,Bogotá D.C.,Bronce,True,False,True,0,0,0.0,25,6,6,True
26411,México,—,Bronce,False,False,False,5,4,2534.0,14,8,8,False
26412,Colombia,Bogotá D.C.,Plata,False,False,True,9,5,1908.0,14,3,10,True
26413,México,—,Bronce,True,False,True,0,0,0.0,50,4,3,True
26414,Colombia,Bogotá D.C.,Bronce,True,False,True,0,0,0.0,22,9,8,False
26415,Colombia,Bogotá D.C.,Bronce,False,True,False,7,5,2322.0,22,2,5,True
26416,México,—,Bronce,True,True,True,0,0,0.0,20,19,9,False
26417,Ecuador,—,Bronce,True,False,True,1,0,0.0,46,0,10,True
26418,Colombia,Cali,Bronce,True,False,True,3,1,444.0,11,5,8,True
26419,Perú,—,Bronce,False,False,True,1,0,0.0,36,9,10,False
26420,Colombia,Montería,Bronce,True,True,True,0,0,0.0,20,2,8,True
26421,México,—,Bronce,False,False,True,6,4,1733.0,20,0,9,True
26422,Colombia,Bogotá D.C.,Bronce,False,False,True,0,0,0.0,33,6,7,True
26423,Ecuador,—,Plata,True,False,True,9,6,3450.0,70,3,10,True
26424,México,—,Oro,True,False,False,25,21,10985.0,74,4,7,True
26425,Colombia,Bogotá D.C.,Bronce,False,False,True,0,0,0.0,22,8,10,False
26426,Colombia,Cali,Bronce,False,False,False,0,0,0.0,25,2,9,True
26427,México,—,Bronce,False,False,True,2,1,453.0,4,8,8,False
26428,Colombia,Cali,Bronce,True,True,True,0,0,0.0,30,12,10,False
26429,Colombia,Barranquilla,Bronce,True,False,True,2,1,519.0,26,1,9,True
26430,Colombia,Medellín,Bronce,True,False,True,0,0,0.0,12,1,10,True
26431,Ecuador,—,Bronce,True,False,True,4,2,942.0,5,0,4,True
26432,Colombia,Bogotá D.C.,Bronce,False,True,True,0,0,0.0,58,3,5,True
26433,Colombia,Otras ciudades,Bronce,True,True,True,2,1,386.0,24,6,10,True
26434,Colombia,Bogotá D.C.,Bronce,False,False,True,0,0,0.0,49,12,7,False
26435,México,—,Bronce,True,False,True,4,3,1277.0,67,7,4,False
26436,Colombia,Sincelejo,Plata,False,True,True,10,7,3512.0,35,0,3,True
26437,Colombia,Cúcuta,Bronce,False,False,False,0,0,0.0,15,9,10,False
26438,Colombia,Ibagué,Bronce,False,True,False,5,3,1484.0,51,1,8,True
26439,Colombia,Bogotá D.C.,Bronce,False,False,False,3,1,603.0,12,5,7,True
26440,Perú,—,Bronce,False,False,True,1,0,0.0,38,13,9,False
26441,Colombia,Barranquilla,Bronce,True,True,True,0,0,0.0,3,2,6,True
26442,Colombia,Cúcuta,Bronce,False,False,True,3,2,915.0,7,11,7,False
26443,Colombia,Bogotá D.C.,Plata,True,True,False,8,6,3308.0,45,2,6,True
26444,Colombia,Otras ciudades,Bronce,True,True,True,2,1,502.0,27,6,10,True
26445,Colombia,Barranquilla,Bronce,False,False,True,0,0,0.0,30,15,4,False
26446,Perú,—,Bronce,True,False,True,5,4,1747.0,14,2,9,True
26447,Colombia,Ibagué,Bronce,False,True,True,0,0,0.0,63,1,7,True
26448,Colombia,Bogotá D.C.,Bronce,True,False,False,0,0,0.0,6,17,10,False
26449,México,—,Bronce,True,False,True,0,0,0.0,32,8,10,False
26450,Colombia,Bucaramanga,Bronce,True,False,True,2,1,461.0,10,3,8,True
26451,Perú,—,Oro,False,True,False,30,20,9995.0,34,9,6,False
26452,Colombia,Bogotá D.C.,Bronce,False,False,True,2,1,570.0,2,2,9,True
26453,Colombia,Manizales,Plata,True,False,True,13,8,3249.0,15,4,10,True
26454,Ecuador,—,Bronce,True,True,False,1,0,0.0,31,3,10,True
26455,Perú,—,Bronce,False,False,True,2,1,305.0,12,0,7,True
26456,Colombia,Bogotá D.C.,Bronce,True,True,True,1,0,0.0,57,1,9,True
26457,Colombia,Bogotá D.C.,Bronce,False,False,True,0,0,0.0,13,3,5,True
26458,México,—,Bronce,False,False,True,5,4,1431.0,1,5,7,True
26459,Colombia,Pereira,Bronce,True,False,True,3,2,1075.0,26,4,9,True
26460,Ecuador,—,Bronce,True,False,True,1,0,0.0,14,6,5,True
26461,Colombia,Bogotá D.C.,Bronce,False,False,True,1,0,0.0,30,22,6,False
26462,Colombia,Medellín,Plata,False,False,True,13,11,2962.0,4,8,5,False
26463,Colombia,Pereira,Bronce,True,True,True,1,0,0.0,50,8,3,False
26464,Colombia,Bogotá D.C.,Bronce,True,False,True,0,0,0.0,24,9,7,False
26465,Ecuador,—,Bronce,False,False,True,0,0,0.0,13,4,5,True
26466,México,—,Bronce,False,False,True,4,3,1608.0,23,37,9,False
26467,Colombia,Cúcuta,Bronce,True,True,True,3,2,851.0,24,1,6,True
26468,Colombia,Cali,Bronce,True,True,True,2,1,598.0,60,4,10,True
26469,Colombia,Bogotá D.C.,Bronce,True,False,False,4,3,1386.0,33,19,7,False
26470,Colombia,Bogotá D.C.,Bronce,False,False,False,3,2,1087.0,9,4,7,True
26471,Colombia,Medellín,Plata,False,False,False,10,8,4309.0,21,4,7,True
26472,Colombia,Popayán,Bronce,False,True,False,0,0,0.0,50,5,8,True
26473,Ecuador,—,Bronce,False,False,True,1,0,0.0,9,3,7,True
26474,México,—,Bronce,True,False,True,4,3,1680.0,10,2,10,True
26475,Ecuador,—,Bronce,True,False,True,1,0,0.0,53,1,8,True
26476,Ecuador,—,Bronce,True,True,True,0,0,0.0,13,0,9,True
26477,Colombia,Bogotá D.C.,Bronce,True,False,True,1,0,0.0,44,1,10,True
26478,Colombia,Sincelejo,Bronce,False,True,True,0,0,0.0,9,5,10,True
26479,México,—,Bronce,False,True,True,1,0,0.0,5,13,6,False
26480,Colombia,Bucaramanga,Bronce,False,False,True,0,0,0.0,16,8,6,False
26481,Colombia,Bogotá D.C.,Oro,True,True,True,31,18,6135.0,18,1,9,True
26482,Ecuador,—,Bronce,False,False,True,0,0,0.0,24,6,8,True
26483,Uruguay,—,Plata,True,False,True,22,13,5075.0,20,3,5,True
26484,Colombia,Barranquilla,Bronce,False,False,True,0,0,0.0,11,1,5,True
26485,Uruguay,—,Bronce,True,True,True,0,0,0.0,21,5,10,True
26486,Colombia,Bogotá D.C.,Bronce,True,False,True,0,0,0.0,9,1,7,True
26487,México,—,Plata,False,False,True,9,7,3386.0,28,1,6,True
26488,Uruguay,—,Plata,False,True,True,8,7,2577.0,17,1,6,True
26489,Colombia,Pereira,Bronce,True,False,True,0,0,0.0,8,6,7,True
26490,Colombia,Bogotá D.C.,Bronce,True,False,True,0,0,0.0,12,13,6,False
26491,Colombia,Bogotá D.C.,Bronce,False,False,True,3,2,924.0,43,6,7,True
26492,Colombia,Bogotá D.C.,Bronce,False,False,True,3,1,792.0,48,3,10,True
26493,Colombia,Bogotá D.C.,Bronce,False,False,True,0,0,0.0,7,9,7,False
26494,México,—,Bronce,False,False,True,3,2,723.0,4,1,6,True
26495,Colombia,Medellín,Plata,True,True,False,18,11,6116.0,19,6,10,True
26496,Colombia,Cali,Bronce,False,False,True,5,3,1333.0,9,1,8,True
26497,Colombia,Valledupar,Bronce,True,False,False,1,0,0.0,8,13,10,False
26498,Colombia,Bogotá D.C.,Bronce,False,False,True,0,0,0.0,61,11,4,False
26499,México,—,Oro,False,False,True,43,33,17486.0,16,6,9,True
26500,Colombia,Bogotá D.C.,Bronce,False,False,True,2,1,547.0,160,4,5,True
26501,Colombia,Villavicencio,Bronce,False,False,True,0,0,0.0,6,3,8,True
26502,México,—,Plata,True,False,True,10,6,2817.0,22,11,3,False
26503,Colombia,Bogotá D.C.,Bronce,False,False,True,6,5,2306.0,28,6,10,True
26504,Colombia,Villavicencio,Bronce,False,False,True,3,2,732.0,28,0,6,True
26505,Colombia,Cúcuta,Bronce,True,True,True,0,0,0.0,14,3,7,True
26506,Colombia,Popayán,Bronce,False,True,True,0,0,0.0,28,9,9,False
26507,Colombia,Barranquilla,Bronce,True,False,True,1,0,0.0,4,7,10,False
26508,México,—,Plata,True,True,True,8,5,1238.0,51,3,6,True
26509,Colombia,Barranquilla,Bronce,False,False,True,0,0,0.0,18,31,10,False
26510,México,—,Bronce,True,False,True,1,0,0.0,84,4,10,True
26511,Colombia,Otras ciudades,Bronce,True,True,True,0,0,0.0,8,4,7,True
26512,México,—,Plata,True,False,False,8,6,3099.0,35,23,8,False
26513,Colombia,Cartagena,Bronce,False,False,True,0,0,0.0,27,1,7,True
26514,México,—,Bronce,True,False,True,0,0,0.0,18,7,4,False
26515,Ecuador,—,Bronce,False,True,True,1,0,0.0,42,0,5,True
26516,Perú,—,Bronce,False,False,True,0,0,0.0,9,5,8,True
26517,México,—,Bronce,False,True,True,1,0,0.0,7,3,10,True
26518,Colombia,Bogotá D.C.,Bronce,False,True,False,2,1,493.0,29,8,9,False
26519,Ecuador,—,Bronce,True,False,True,1,0,0.0,25,1,7,True
26520,Uruguay,—,Bronce,False,True,True,7,5,1991.0,15,1,7,True
26521,México,—,Bronce,False,False,False,5,3,955.0,12,10,8,False
26522,Colombia,Bogotá D.C.,Bronce,False,False,False,2,1,321.0,12,8,8,False
26523,Colombia,Medellín,Plata,False,False,True,20,16,7462.0,22,16,10,False
26524,Colombia,Bogotá D.C.,Bronce,True,True,True,0,0,0.0,22,5,7,True
26525,Colombia,Cali,Bronce,False,True,True,2,1,537.0,62,4,9,True
26526,Perú,—,Bronce,True,False,True,4,3,2124.0,28,17,7,False
26527,Ecuador,—,Bronce,True,True,True,4,3,1850.0,24,3,7,True
26528,México,—,Bronce,False,False,True,3,2,1125.0,62,13,5,False
26529,Colombia,Manizales,Bronce,False,False,True,1,0,0.0,93,4,6,True
26530,Chile,—,Bronce,True,True,False,7,6,2400.0,13,10,7,False
26531,Colombia,Cali,Bronce,True,False,True,1,0,0.0,35,6,7,True
26532,Uruguay,—,Bronce,False,True,True,0,0,0.0,8,5,10,True
26533,Colombia,Bogotá D.C.,Bronce,False,False,True,0,0,0.0,52,3,9,True
26534,Colombia,Bogotá D.C.,Bronce,True,True,True,2,1,463.0,106,1,10,True
26535,Perú,—,Plata,True,False,True,11,6,1477.0,40,0,6,True
26536,Colombia,Bogotá D.C.,Bronce,False,False,False,4,3,2227.0,39,8,7,False
26537,Uruguay,—,Bronce,True,False,True,0,0,0.0,41,6,8,True
26538,Colombia,Barranquilla,Plata,False,True,True,11,7,3636.0,21,1,6,True
26539,Colombia,Santa Marta,Bronce,False,False,True,0,0,0.0,26,8,8,False
26540,Colombia,Cartagena,Bronce,False,False,True,4,2,572.0,29,7,4,False
26541,Colombia,Cali,Bronce,True,False,True,6,5,2507.0,12,0,5,True
26542,Colombia,Villavicencio,Bronce,False,False,True,1,0,0.0,24,12,10,False
26543,México,—,Bronce,True,False,True,0,0,0.0,19,3,10,True
26544,Colombia,Cali,Bronce,True,False,True,2,1,348.0,18,5,6,True
26545,Colombia,Santa Marta,Bronce,True,True,False,3,2,889.0,38,21,7,False
26546,Ecuador,—,Bronce,True,False,True,0,0,0.0,11,14,7,False
26547,Colombia,Medellín,Bronce,True,False,True,0,0,0.0,49,4,7,True
26548,Colombia,Manizales,Bronce,True,False,False,4,2,1069.0,35,1,7,True
26549,Perú,—,Bronce,True,False,True,0,0,0.0,13,10,7,False
26550,Colombia,Pereira,Oro,False,True,True,50,44,21969.0,23,5,8,True
26551,Colombia,Bogotá D.C.,Bronce,False,True,True,0,0,0.0,5,10,5,False
26552,Colombia,Bogotá D.C.,Bronce,True,False,True,0,0,0.0,62,9,8,False
26553,Colombia,Cúcuta,Bronce,False,True,True,0,0,0.0,28,1,9,True
26554,Perú,—,Bronce,True,False,True,5,4,2343.0,6,5,5,True
26555,Colombia,Cúcuta,Bronce,True,False,True,3,1,435.0,19,9,5,False
26556,Colombia,Armenia,Bronce,True,True,True,0,0,0.0,24,6,7,True
26557,Colombia,Otras ciudades,Bronce,True,False,True,0,0,0.0,31,1,4,True
26558,Colombia,Bogotá D.C.,Oro,True,False,True,47,33,19964.0,7,1,9,True
26559,Colombia,Barranquilla,Bronce,True,False,True,0,0,0.0,10,4,9,True
26560,México,—,Plata,True,False,True,17,15,4952.0,8,17,10,False
26561,Colombia,Medellín,Bronce,True,True,True,0,0,0.0,10,16,10,False
26562,Colombia,Popayán,Bronce,True,False,True,3,1,360.0,10,29,3,False
26563,Colombia,Armenia,Bronce,True,False,True,0,0,0.0,29,9,5,False
26564,Colombia,Montería,Bronce,True,False,True,3,2,1074.0,39,2,6,True
26565,Colombia,Bucaramanga,Bronce,True,False,False,0,0,0.0,27,8,4,False
26566,Colombia,Medellín,Bronce,False,False,True,6,5,2107.0,24,3,8,True
26567,Colombia,Otras ciudades,Bronce,False,True,True,3,1,422.0,43,3,5,True
26568,Colombia,Cali,Bronce,True,False,True,2,1,442.0,19,4,10,True
26569,Colombia,Bogotá D.C.,Bronce,True,False,True,5,3,1649.0,19,18,10,False
26570,Ecuador,—,Bronce,True,False,True,3,1,316.0,93,7,5,False
26571,México,—,Bronce,False,False,True,0,0,0.0,9,3,7,True
26572,México,—,Bronce,False,True,True,4,3,1530.0,29,0,9,True
26573,Colombia,Barranquilla,Bronce,True,True,True,4,3,1444.0,69,2,5,True
26574,Colombia,Barranquilla,Plata,False,False,True,18,12,6302.0,62,0,9,True
26575,Colombia,Bogotá D.C.,Bronce,True,False,True,0,0,0.0,69,16,5,False
26576,Colombia,Medellín,Bronce,False,False,True,2,1,440.0,37,1,9,True
26577,Colombia,Medellín,Bronce,False,True,True,4,3,1353.0,16,3,8,True
26578,Colombia,Popayán,Bronce,False,True,True,0,0,0.0,80,25,10,False
26579,Colombia,Cartagena,Bronce,True,True,True,4,3,1407.0,13,0,7,True
26580,México,—,Bronce,False,False,False,7,6,4183.0,26,13,9,False
26581,Uruguay,—,Bronce,False,False,False,1,0,0.0,48,22,9,False
26582,México,—,Bronce,True,False,True,3,2,686.0,33,1,8,True
26583,Colombia,Bogotá D.C.,Bronce,True,False,True,0,0,0.0,22,1,6,True
26584,Colombia,Bogotá D.C.,Plata,True,False,True,9,5,1856.0,24,10,7,False
26585,Colombia,Bogotá D.C.,Bronce,False,False,False,1,0,0.0,53,6,4,True
26586,Colombia,Bogotá D.C.,Bronce,False,False,False,0,0,0.0,15,1,9,True
26587,Colombia,Medellín,Bronce,True,False,True,0,0,0.0,25,2,3,True
26588,Perú,—,Bronce,False,False,True,5,4,1713.0,26,7,6,False
26589,Colombia,Bogotá D.C.,Bronce,True,False,True,3,2,1176.0,17,6,5,True
26590,Colombia,Medellín,Plata,True,False,True,11,8,3855.0,40,6,8,True
26591,Colombia,Cartagena,Bronce,True,False,True,1,0,0.0,13,5,7,True
26592,México,—,Bronce,False,True,True,0,0,0.0,29,15,6,False
26593,Colombia,Montería,Bronce,False,True,True,3,2,671.0,13,12,7,False
26594,Perú,—,Bronce,False,False,True,0,0,0.0,20,14,4,False
26595,Chile,—,Bronce,False,False,True,0,0,0.0,8,6,6,True
26596,Ecuador,—,Bronce,True,False,True,0,0,0.0,21,1,5,True
26597,Ecuador,—,Bronce,True,True,True,0,0,0.0,54,19,4,False
26598,México,—,Bronce,False,True,True,2,1,391.0,57,4,7,True
26599,Ecuador,—,Bronce,False,True,True,1,0,0.0,54,5,5,True
26600,México,—,Bronce,True,True,False,0,0,0.0,32,4,6,True
26601,México,—,Bronce,True,False,True,5,2,999.0,6,11,10,False
26602,Colombia,Cartagena,Bronce,True,False,True,0,0,0.0,11,6,9,True
26603,Colombia,Bogotá D.C.,Bronce,False,False,True,1,0,0.0,11,2,8,True
26604,Colombia,Cali,Bronce,True,False,False,0,0,0.0,52,12,7,False
26605,Perú,—,Bronce,True,False,True,2,1,512.0,20,0,3,True
26606,Colombia,Bogotá D.C.,Plata,True,True,True,19,15,8841.0,5,2,7,True
26607,Colombia,Bogotá D.C.,Plata,True,True,False,11,7,3690.0,6,0,4,True
26608,México,—,Bronce,False,True,True,0,0,0.0,69,5,7,True
26609,México,—,Bronce,False,False,True,1,0,0.0,73,3,7,True
26610,Colombia,Bogotá D.C.,Bronce,False,False,False,0,0,0.0,8,14,10,False
26611,Colombia,Ibagué,Bronce,False,False,True,1,0,0.0,17,5,4,True
26612,Colombia,Pereira,Oro,False,False,True,26,19,11099.0,84,2,9,True
26613,Colombia,Neiva,Bronce,True,True,True,2,1,462.0,9,9,10,False
26614,México,—,Plata,False,False,True,12,8,4208.0,25,1,8,True
26615,Colombia,Neiva,Bronce,False,True,True,1,0,0.0,20,2,6,True
26616,Colombia,Bogotá D.C.,Bronce,True,True,False,0,0,0.0,11,5,3,True
26617,Colombia,Barranquilla,Plata,False,True,False,12,7,2835.0,47,0,7,True
26618,Colombia,Otras ciudades,Plata,False,False,True,9,5,2847.0,49,1,8,True
26619,Colombia,Medellín,Plata,False,True,True,9,8,3252.0,12,2,6,True
26620,México,—,Bronce,False,False,True,0,0,0.0,27,1,4,True
26621,Colombia,Bogotá D.C.,Bronce,False,False,True,0,0,0.0,47,13,8,False
26622,Colombia,Cali,Bronce,True,False,True,0,0,0.0,25,21,7,False
26623,Colombia,Villavicencio,Bronce,True,True,True,1,0,0.0,25,7,9,False
26624,Ecuador,—,Bronce,False,True,True,1,0,0.0,4,7,10,False
26625,Colombia,Otras ciudades,Bronce,True,False,True,3,2,944.0,36,8,7,False
26626,Colombia,Pereira,Bronce,False,False,False,1,0,0.0,4,6,8,True
26627,México,—,Bronce,False,True,True,2,1,371.0,1,18,6,False
26628,Colombia,Bogotá D.C.,Bronce,True,False,True,3,2,1381.0,14,18,4,False
26629,Colombia,Barranquilla,Bronce,True,True,False,0,0,0.0,46,4,8,True
26630,Colombia,Bucaramanga,Bronce,True,False,True,3,2,948.0,39,5,5,True
26631,Colombia,Armenia,Bronce,True,False,True,1,0,0.0,29,4,7,True
26632,Colombia,Barranquilla,Bronce,True,True,True,0,0,0.0,1,4,4,True
26633,Ecuador,—,Bronce,False,True,False,1,0,0.0,11,3,8,True
26634,México,—,Bronce,False,False,True,1,0,0.0,56,3,7,True
26635,Colombia,Otras ciudades,Bronce,False,False,True,1,0,0.0,34,6,4,True
26636,Colombia,Armenia,Bronce,False,False,False,2,1,409.0,34,15,8,False
26637,Colombia,Cali,Bronce,False,False,True,2,1,729.0,22,10,10,False
26638,México,—,Bronce,False,True,True,1,0,0.0,46,6,9,True
26639,Colombia,Cúcuta,Bronce,True,False,False,0,0,0.0,25,6,7,True
26640,Colombia,Pereira,Bronce,True,False,True,1,0,0.0,11,2,10,True
26641,Colombia,Otras ciudades,Bronce,False,False,True,1,0,0.0,16,13,8,False
26642,México,—,Bronce,True,False,False,5,4,2732.0,31,2,10,True
26643,Colombia,Bogotá D.C.,Bronce,False,False,True,3,2,965.0,23,2,9,True
26644,Colombia,Santa Marta,Bronce,False,False,True,0,0,0.0,10,3,9,True
26645,Colombia,Bogotá D.C.,Plata,True,False,True,18,15,8243.0,13,1,10,True
26646,Colombia,Bogotá D.C.,Bronce,False,False,True,2,1,500.0,17,0,7,True
26647,Colombia,Bogotá D.C.,Platino,False,False,False,123,113,51548.0,30,9,8,False
26648,Colombia,Bogotá D.C.,Bronce,False,False,False,1,0,0.0,27,5,5,True
26649,Ecuador,—,Bronce,True,True,True,1,0,0.0,18,4,10,True
26650,México,—,Bronce,False,True,True,1,0,0.0,8,9,10,False
26651,Uruguay,—,Bronce,True,True,False,3,2,909.0,78,2,9,True
26652,Colombia,Medellín,Bronce,True,True,False,2,1,527.0,75,7,6,False
26653,Colombia,Medellín,Bronce,False,True,True,2,1,671.0,37,8,8,False
26654,Colombia,Cúcuta,Bronce,True,False,True,0,0,0.0,19,0,9,True
26655,Chile,—,Bronce,True,True,True,1,0,0.0,22,4,8,True
26656,Ecuador,—,Bronce,True,False,True,0,0,0.0,51,1,5,True
26657,Colombia,Manizales,Bronce,False,False,True,2,1,594.0,50,0,7,True
26658,Ecuador,—,Bronce,False,True,True,0,0,0.0,50,12,6,False
26659,Colombia,Bogotá D.C.,Bronce,True,False,True,3,1,611.0,40,3,10,True
26660,Colombia,Cali,Bronce,False,False,True,0,0,0.0,15,10,7,False
26661,Colombia,Bucaramanga,Bronce,False,False,True,0,0,0.0,7,4,7,True
26662,Ecuador,—,Plata,False,False,True,12,7,3223.0,25,1,5,True
26663,Colombia,Montería,Bronce,False,False,True,0,0,0.0,19,3,3,True
26664,Colombia,Bogotá D.C.,Bronce,True,False,True,0,0,0.0,55,3,6,True
26665,Colombia,Bogotá D.C.,Bronce,True,False,True,1,0,0.0,20,18,10,False
26666,Colombia,Bogotá D.C.,Plata,False,False,True,9,7,2803.0,45,7,6,False
26667,Colombia,Otras ciudades,Bronce,False,True,True,2,1,539.0,30,2,6,True
26668,México,—,Bronce,False,False,True,0,0,0.0,16,7,10,False
26669,Colombia,Bogotá D.C.,Bronce,False,False,True,0,0,0.0,14,4,9,True
26670,Colombia,Otras ciudades,Bronce,True,False,True,6,4,2933.0,22,6,7,True
26671,Uruguay,—,Bronce,False,False,True,1,0,0.0,46,3,7,True
26672,Colombia,Bogotá D.C.,Plata,True,False,True,17,10,5029.0,36,9,5,False
26673,México,—,Bronce,False,False,False,0,0,0.0,17,3,10,True
26674,Colombia,Cúcuta,Bronce,True,False,True,0,0,0.0,30,1,9,True
26675,Perú,—,Bronce,True,False,True,1,0,0.0,18,17,9,False
26676,Colombia,Medellín,Bronce,False,False,True,3,2,805.0,17,10,10,False
26677,Colombia,Pasto,Bronce,True,False,True,1,0,0.0,49,5,7,True
26678,Colombia,Cali,Bronce,True,False,True,0,0,0.0,43,0,10,True
26679,Colombia,Bogotá D.C.,Bronce,False,True,True,1,0,0.0,30,3,6,True
26680,México,—,Plata,False,True,True,19,16,9147.0,58,7,10,False
26681,Colombia,Villavicencio,Plata,False,False,True,21,19,10875.0,55,4,4,True
26682,Colombia,Medellín,Bronce,False,False,False,1,0,0.0,3,2,10,True
26683,Ecuador,—,Bronce,True,False,True,4,3,1766.0,55,6,9,True
26684,Colombia,Medellín,Bronce,False,True,True,0,0,0.0,28,7,10,False
26685,México,—,Bronce,True,True,True,0,0,0.0,7,1,9,True
26686,Colombia,Pasto,Bronce,False,False,True,6,3,1376.0,10,2,6,True
26687,Colombia,Otras ciudades,Bronce,True,True,True,0,0,0.0,28,2,8,True
26688,Perú,—,Bronce,True,False,True,3,2,1149.0,16,3,3,True
26689,Colombia,Bogotá D.C.,Bronce,False,False,True,0,0,0.0,4,2,9,True
26690,Perú,—,Bronce,False,False,True,0,0,0.0,2,0,6,True
26691,Colombia,Bucaramanga,Bronce,False,False,True,5,3,1764.0,25,3,6,True
26692,México,—,Bronce,False,False,True,2,1,446.0,37,11,8,False
26693,México,—,Bronce,True,True,True,6,5,1900.0,37,8,8,False
26694,Colombia,Cartagena,Plata,True,False,True,18,13,6853.0,11,1,10,True
26695,Colombia,Otras ciudades,Bronce,False,False,True,4,2,816.0,54,2,7,True
26696,Colombia,Bogotá D.C.,Bronce,True,False,True,4,3,1414.0,27,8,6,False
26697,Colombia,Medellín,Bronce,True,True,True,1,0,0.0,28,3,6,True
26698,Colombia,Manizales,Bronce,False,False,True,0,0,0.0,31,3,10,True
26699,México,—,Bronce,False,True,True,6,5,2682.0,25,3,7,True
26700,Chile,—,Bronce,True,True,True,1,0,0.0,26,8,10,False
26701,México,—,Bronce,False,False,True,0,0,0.0,11,9,10,False
26702,Colombia,Cali,Bronce,True,False,True,1,0,0.0,7,1,9,True
26703,México,—,Bronce,False,True,True,3,2,1447.0,41,4,9,True
26704,Chile,—,Plata,True,False,True,16,14,5658.0,7,1,9,True
26705,Colombia,Bogotá D.C.,Bronce,False,False,True,0,0,0.0,12,15,4,False
26706,México,—,Bronce,False,False,True,0,0,0.0,22,12,9,False
26707,México,—,Bronce,True,False,True,0,0,0.0,19,0,4,True
26708,México,—,Bronce,True,False,True,0,0,0.0,63,6,7,True
26709,Chile,—,Bronce,False,False,True,5,3,1434.0,34,5,9,True
26710,Colombia,Cali,Bronce,True,False,True,0,0,0.0,18,23,9,False
26711,Colombia,Santa Marta,Bronce,True,False,True,2,1,567.0,39,14,10,False
26712,Colombia,Bogotá D.C.,Plata,True,False,True,8,4,2157.0,33,5,9,True
26713,Colombia,Cali,Bronce,True,False,True,0,0,0.0,44,10,6,False
26714,Colombia,Cartagena,Bronce,False,False,True,2,1,561.0,21,4,10,True
26715,México,—,Platino,True,False,False,165,134,72409.0,27,1,6,True
26716,Colombia,Cartagena,Bronce,True,False,True,4,3,1346.0,5,2,7,True
26717,Chile,—,Bronce,True,True,True,1,0,0.0,82,2,4,True
26718,Chile,—,Bronce,False,False,False,0,0,0.0,79,5,10,True
26719,Colombia,Cúcuta,Bronce,True,False,True,0,0,0.0,29,3,6,True
26720,México,—,Bronce,True,False,False,1,0,0.0,12,5,10,True
26721,Ecuador,—,Bronce,True,False,True,1,0,0.0,22,2,7,True
26722,México,—,Bronce,False,True,True,1,0,0.0,46,7,0,False
26723,Ecuador,—,Bronce,False,False,False,1,0,0.0,28,3,10,True
26724,Colombia,Cúcuta,Bronce,True,False,True,0,0,0.0,44,5,7,True
26725,Colombia,Bogotá D.C.,Oro,False,False,True,47,34,15659.0,57,2,7,True
26726,Colombia,Cali,Bronce,True,True,True,1,0,0.0,36,5,10,True
26727,México,—,Bronce,False,False,True,1,0,0.0,25,1,10,True
26728,México,—,Bronce,True,False,True,2,1,355.0,8,7,9,False
26729,Colombia,Cali,Bronce,False,True,True,1,0,0.0,15,6,9,True
26730,Colombia,Manizales,Bronce,True,False,True,1,0,0.0,48,1,3,True
26731,Colombia,Barranquilla,Plata,True,False,True,14,10,6501.0,13,0,3,True
26732,México,—,Bronce,False,False,True,0,0,0.0,33,4,7,True
26733,México,—,Bronce,False,False,True,3,2,804.0,2,6,8,True
26734,Colombia,Bogotá D.C.,Bronce,False,False,True,0,0,0.0,19,1,5,True
26735,Colombia,Ibagué,Plata,False,False,True,10,7,3577.0,22,5,8,True
26736,México,—,Plata,True,False,True,11,9,4854.0,3,9,8,False
26737,Colombia,Cartagena,Bronce,False,True,True,4,2,770.0,53,8,10,False
26738,Colombia,Barranquilla,Plata,False,False,True,10,6,1804.0,125,12,5,False
26739,Colombia,Otras ciudades,Bronce,False,True,True,0,0,0.0,45,5,4,True
26740,Colombia,Cali,Oro,False,False,True,36,25,11744.0,15,6,10,True
26741,Colombia,Manizales,Bronce,False,False,True,0,0,0.0,11,7,9,False
26742,México,—,Bronce,True,False,True,4,2,1110.0,48,6,9,True
26743,Ecuador,—,Bronce,True,False,True,3,2,728.0,40,12,8,False
26744,Colombia,Bogotá D.C.,Bronce,True,False,True,1,0,0.0,27,5,7,True
26745,Ecuador,—,Bronce,False,False,True,2,1,392.0,8,10,5,False
26746,Colombia,Bogotá D.C.,Bronce,False,True,True,0,0,0.0,11,10,8,False
26747,Colombia,Medellín,Bronce,True,True,True,2,1,474.0,25,1,8,True
26748,Colombia,Otras ciudades,Bronce,False,False,False,0,0,0.0,40,4,8,True
26749,Colombia,Valledupar,Bronce,True,False,True,2,1,443.0,6,3,7,True
26750,Colombia,Bogotá D.C.,Bronce,True,False,True,5,4,1963.0,24,2,10,True
26751,Colombia,Barranquilla,Bronce,True,False,True,7,4,2457.0,37,8,6,False
26752,Colombia,Otras ciudades,Bronce,False,False,True,2,1,595.0,73,10,10,False
26753,Uruguay,—,Bronce,False,False,True,4,2,1131.0,47,5,10,True
26754,Perú,—,Bronce,True,True,True,5,3,1502.0,61,15,3,False
26755,Colombia,Pasto,Bronce,False,False,True,4,2,983.0,26,1,5,True
26756,Ecuador,—,Bronce,False,True,True,2,1,363.0,41,0,6,True
26757,Colombia,Bogotá D.C.,Plata,False,False,True,9,5,2258.0,16,4,8,True
26758,Colombia,Armenia,Bronce,True,False,True,0,0,0.0,21,6,8,True
26759,Perú,—,Bronce,True,False,True,4,3,1123.0,29,2,10,True
26760,Colombia,Bogotá D.C.,Bronce,False,False,True,1,0,0.0,67,5,3,True
26761,Colombia,Bogotá D.C.,Bronce,True,False,True,1,0,0.0,25,9,3,False
26762,México,—,Bronce,True,False,True,0,0,0.0,59,2,7,True
26763,Colombia,Bogotá D.C.,Bronce,False,False,True,0,0,0.0,50,2,6,True
26764,Colombia,Bogotá D.C.,Bronce,False,True,True,2,1,443.0,40,8,6,False
26765,Ecuador,—,Bronce,False,False,False,5,4,1798.0,56,4,7,True
26766,Colombia,Medellín,Bronce,False,False,True,0,0,0.0,27,5,5,True
26767,Colombia,Manizales,Bronce,False,False,True,3,1,323.0,9,4,5,True
26768,Ecuador,—,Bronce,False,False,True,1,0,0.0,18,1,8,True
26769,México,—,Plata,False,False,True,15,11,5803.0,37,11,7,False
26770,Perú,—,Bronce,False,False,True,5,3,1099.0,50,31,9,False
26771,Colombia,Bogotá D.C.,Plata,True,False,True,16,11,7219.0,17,1,6,True
26772,México,—,Platino,True,False,False,62,42,17411.0,5,4,6,True
26773,Colombia,Otras ciudades,Bronce,False,False,True,3,2,998.0,91,2,4,True
26774,Uruguay,—,Bronce,True,False,True,0,0,0.0,20,25,9,False
26775,Colombia,Medellín,Bronce,True,False,True,2,1,653.0,67,16,7,False
26776,Colombia,Bucaramanga,Bronce,True,False,True,0,0,0.0,7,1,7,True
26777,Ecuador,—,Oro,False,False,False,34,24,10861.0,3,6,8,True
26778,Colombia,Ibagué,Bronce,False,True,True,0,0,0.0,52,7,6,False
26779,México,—,Bronce,False,False,True,3,2,1135.0,69,1,8,True
26780,Ecuador,—,Bronce,False,True,True,1,0,0.0,87,3,8,True
26781,Colombia,Bucaramanga,Bronce,True,False,True,7,6,2994.0,40,2,10,True
26782,Colombia,Bucaramanga,Bronce,True,True,True,0,0,0.0,51,12,6,False
26783,Chile,—,Bronce,False,False,True,1,0,0.0,14,4,6,True
26784,México,—,Bronce,True,True,True,0,0,0.0,50,5,10,True
26785,Colombia,Neiva,Bronce,False,False,True,3,1,686.0,61,9,10,False
26786,Colombia,Bogotá D.C.,Bronce,True,False,True,6,4,1554.0,22,2,10,True
26787,Colombia,Bogotá D.C.,Plata,False,True,True,22,15,5762.0,48,12,7,False
26788,Colombia,Medellín,Bronce,True,False,True,1,0,0.0,71,5,2,True
26789,Colombia,Bogotá D.C.,Oro,False,False,True,39,27,11061.0,7,10,5,False
26790,México,—,Bronce,True,False,True,2,1,410.0,28,8,7,False
26791,México,—,Bronce,False,False,True,3,2,1111.0,54,10,7,False
26792,Uruguay,—,Oro,True,True,False,35,23,8658.0,37,9,8,False
26793,Colombia,Villavicencio,Bronce,True,False,False,0,0,0.0,51,4,7,True
26794,Colombia,Otras ciudades,Bronce,False,False,True,6,5,2148.0,5,2,7,True
26795,México,—,Bronce,True,False,True,0,0,0.0,45,7,8,False
26796,Colombia,Cali,Bronce,True,False,True,0,0,0.0,34,4,7,True
26797,Colombia,Medellín,Bronce,True,False,False,0,0,0.0,53,6,10,True
26798,Colombia,Cali,Oro,False,False,True,33,27,10807.0,11,2,10,True
26799,México,—,Bronce,False,False,True,3,2,784.0,33,17,10,False
26800,México,—,Bronce,False,False,True,1,0,0.0,6,6,6,True
26801,Colombia,Medellín,Bronce,True,False,True,0,0,0.0,6,11,5,False
26802,Colombia,Cúcuta,Bronce,False,False,True,1,0,0.0,41,3,9,True
26803,Colombia,Barranquilla,Bronce,True,False,True,7,4,2264.0,5,4,10,True
26804,México,—,Bronce,False,True,True,1,0,0.0,50,2,7,True
26805,México,—,Bronce,False,False,True,5,4,2499.0,46,12,7,False
26806,Colombia,Pasto,Bronce,False,True,True,2,1,531.0,59,2,9,True
26807,Colombia,Bogotá D.C.,Bronce,False,False,True,2,1,233.0,10,5,6,True
26808,Chile,—,Bronce,False,False,True,7,4,2264.0,8,7,5,False
26809,México,—,Bronce,False,False,True,3,2,740.0,19,11,8,False
26810,Colombia,Bogotá D.C.,Bronce,False,False,True,0,0,0.0,8,2,5,True
26811,México,—,Bronce,False,True,True,0,0,0.0,30,0,6,True
26812,Ecuador,—,Bronce,False,False,True,7,5,2532.0,47,18,8,False
26813,México,—,Bronce,True,False,True,0,0,0.0,5,1,9,True
26814,Colombia,Bucaramanga,Bronce,False,False,False,0,0,0.0,14,5,6,True
26815,Colombia,Bogotá D.C.,Bronce,True,True,True,2,1,354.0,20,6,8,True
26816,Uruguay,—,Plata,True,False,True,14,11,4787.0,35,1,8,True
26817,Colombia,Bogotá D.C.,Bronce,False,False,False,1,0,0.0,25,0,5,True
26818,Ecuador,—,Oro,True,False,True,39,32,17113.0,14,6,8,True
26819,Colombia,Medellín,Bronce,True,True,True,5,3,1934.0,6,11,6,False
26820,Colombia,Valledupar,Bronce,True,False,True,1,0,0.0,27,5,10,True
26821,Colombia,Medellín,Bronce,True,True,True,3,2,1104.0,42,3,4,True
26822,Perú,—,Bronce,False,True,True,3,2,608.0,21,4,8,True
26823,México,—,Bronce,False,False,True,3,2,1299.0,11,14,6,False
26824,México,—,Plata,False,False,True,10,8,3592.0,15,27,5,False
26825,Perú,—,Bronce,False,False,True,0,0,0.0,11,0,8,True
26826,Colombia,Cúcuta,Bronce,False,False,True,1,0,0.0,46,3,10,True
26827,Colombia,Bogotá D.C.,Bronce,True,True,False,0,0,0.0,16,2,10,True
26828,Ecuador,—,Plata,True,False,False,10,6,4540.0,26,0,7,True
26829,Colombia,Barranquilla,Plata,False,False,True,12,10,5686.0,20,3,6,True
26830,México,—,Bronce,True,True,True,0,0,0.0,77,0,9,True
26831,Perú,—,Bronce,False,True,True,0,0,0.0,7,12,7,False
26832,Colombia,Medellín,Bronce,True,False,True,0,0,0.0,8,10,4,False
26833,Ecuador,—,Bronce,False,False,False,3,2,1248.0,17,3,5,True
26834,Colombia,Bogotá D.C.,Bronce,True,False,True,0,0,0.0,1,4,5,True
26835,Perú,—,Bronce,False,False,True,5,4,2147.0,16,1,8,True
26836,Colombia,Otras ciudades,Bronce,True,False,True,0,0,0.0,1,22,9,False
26837,México,—,Bronce,False,True,True,5,3,1363.0,15,6,10,True
26838,Colombia,Medellín,Bronce,True,True,False,1,0,0.0,54,5,8,True
26839,Colombia,Cali,Bronce,False,False,True,4,2,839.0,8,8,8,False
26840,México,—,Bronce,False,False,True,5,3,1042.0,12,1,7,True
26841,Colombia,Bogotá D.C.,Bronce,False,True,True,4,3,1368.0,57,8,8,False
26842,Colombia,Bogotá D.C.,Bronce,True,False,True,3,2,928.0,1,9,7,False
26843,Perú,—,Bronce,False,False,True,0,0,0.0,34,3,10,True
26844,Ecuador,—,Bronce,False,True,True,0,0,0.0,16,16,3,False
26845,México,—,Bronce,False,False,False,0,0,0.0,12,5,10,True
26846,Colombia,Bogotá D.C.,Bronce,False,False,False,0,0,0.0,10,6,6,True
26847,Colombia,Bogotá D.C.,Bronce,False,False,True,1,0,0.0,14,2,6,True
26848,Ecuador,—,Platino,True,True,False,76,58,29164.0,30,0,4,True
26849,México,—,Plata,False,True,True,8,7,3827.0,16,7,5,False
26850,Colombia,Otras ciudades,Bronce,True,False,True,0,0,0.0,4,13,4,False
26851,Ecuador,—,Bronce,False,False,True,0,0,0.0,4,3,7,True
26852,Colombia,Bogotá D.C.,Bronce,False,True,True,0,0,0.0,75,9,10,False
26853,Colombia,Bogotá D.C.,Plata,False,True,True,14,11,4339.0,3,4,9,True
26854,México,—,Bronce,True,True,True,0,0,0.0,15,8,6,False
26855,Colombia,Bogotá D.C.,Bronce,True,False,False,2,1,750.0,21,12,5,False
26856,México,—,Bronce,True,False,True,0,0,0.0,25,8,7,False
26857,Colombia,Medellín,Bronce,False,True,False,6,4,2079.0,28,2,8,True
26858,México,—,Bronce,False,False,False,0,0,0.0,24,2,9,True
26859,México,—,Oro,True,False,False,27,18,5026.0,35,2,3,True
26860,México,—,Bronce,False,True,True,7,6,1740.0,4,1,8,True
26861,México,—,Bronce,False,False,False,6,4,2300.0,14,0,4,True
26862,Perú,—,Bronce,False,True,True,5,4,1549.0,6,5,6,True
26863,Colombia,Bogotá D.C.,Bronce,False,True,True,0,0,0.0,34,1,5,True
26864,Colombia,Bogotá D.C.,Bronce,True,False,True,4,3,1375.0,27,3,9,True
26865,Colombia,Bogotá D.C.,Bronce,False,False,False,0,0,0.0,28,0,6,True
26866,Colombia,Bucaramanga,Bronce,False,True,True,0,0,0.0,1,21,6,False
26867,Ecuador,—,Bronce,False,True,False,3,2,1003.0,18,7,7,False
26868,Colombia,Barranquilla,Bronce,False,False,False,0,0,0.0,54,2,9,True
26869,México,—,Bronce,False,False,True,0,0,0.0,15,2,6,True
26870,Perú,—,Bronce,False,False,True,3,2,888.0,69,1,9,True
26871,Colombia,Pereira,Plata,True,True,True,18,11,4661.0,12,2,9,True
26872,Colombia,Manizales,Bronce,False,False,True,2,1,455.0,29,7,5,False
26873,Colombia,Bogotá D.C.,Bronce,True,False,False,0,0,0.0,23,5,7,True
26874,Chile,—,Bronce,True,False,False,4,2,896.0,3,4,10,True
26875,México,—,Plata,True,False,True,14,12,7153.0,14,4,8,True
26876,Colombia,Medellín,Bronce,False,False,True,5,3,1314.0,34,4,6,True
26877,Colombia,Bogotá D.C.,Bronce,True,False,False,2,1,398.0,12,3,2,True
26878,México,—,Bronce,False,False,False,3,2,668.0,14,5,10,True
26879,Ecuador,—,Bronce,True,True,True,6,5,2049.0,16,2,10,True
26880,México,—,Bronce,False,True,False,7,5,1591.0,19,4,4,True
26881,Ecuador,—,Plata,True,False,True,11,8,5096.0,33,1,8,True
26882,Colombia,Bogotá D.C.,Bronce,True,False,True,3,2,1050.0,58,14,2,False
26883,México,—,Bronce,False,False,True,1,0,0.0,24,4,8,True
26884,Colombia,Bogotá D.C.,Bronce,True,False,True,0,0,0.0,16,10,9,False
26885,Colombia,Bogotá D.C.,Bronce,False,False,True,2,1,451.0,41,24,4,False
26886,Colombia,Bogotá D.C.,Bronce,True,False,False,0,0,0.0,22,8,8,False
26887,Colombia,Bogotá D.C.,Bronce,False,True,True,0,0,0.0,3,1,8,True
26888,Colombia,Santa Marta,Bronce,False,False,False,2,1,522.0,21,11,5,False
26889,Colombia,Cúcuta,Bronce,False,False,True,1,0,0.0,35,11,2,False
26890,México,—,Bronce,True,False,True,0,0,0.0,64,3,7,True
26891,Ecuador,—,Bronce,False,False,True,0,0,0.0,12,4,8,True
26892,Colombia,Cúcuta,Bronce,True,False,False,0,0,0.0,12,16,3,False
26893,Colombia,Medellín,Bronce,True,False,True,0,0,0.0,23,8,10,False
26894,Colombia,Bogotá D.C.,Bronce,False,False,True,0,0,0.0,57,3,7,True
26895,Colombia,Pereira,Bronce,False,False,True,1,0,0.0,25,3,3,True
26896,Ecuador,—,Bronce,True,False,True,0,0,0.0,20,2,8,True
26897,Colombia,Bogotá D.C.,Bronce,True,True,True,0,0,0.0,3,10,5,False
26898,México,—,Bronce,False,True,True,1,0,0.0,2,37,4,False
26899,Perú,—,Bronce,False,False,True,0,0,0.0,13,1,8,True
26900,Colombia,Bogotá D.C.,Bronce,False,True,True,3,2,622.0,27,0,7,True
26901,Uruguay,—,Bronce,True,False,True,6,4,1595.0,52,6,7,True
26902,Colombia,Cali,Bronce,True,False,True,0,0,0.0,11,7,7,False
26903,Colombia,Bogotá D.C.,Bronce,False,False,True,2,1,488.0,46,0,8,True
26904,Colombia,Otras ciudades,Bronce,False,False,True,0,0,0.0,10,15,7,False
26905,Colombia,Pereira,Bronce,True,False,True,1,0,0.0,28,1,4,True
26906,Colombia,Bogotá D.C.,Bronce,False,False,True,0,0,0.0,74,6,3,True
26907,Ecuador,—,Bronce,False,False,True,0,0,0.0,34,10,10,False
26908,Colombia,Medellín,Bronce,True,False,True,0,0,0.0,33,7,8,False
26909,Colombia,Barranquilla,Bronce,False,False,True,1,0,0.0,86,9,10,False
26910,Colombia,Bucaramanga,Bronce,False,True,True,0,0,0.0,31,7,7,False
26911,Colombia,Cúcuta,Bronce,False,True,True,6,4,2097.0,34,0,5,True
26912,Colombia,Bogotá D.C.,Bronce,False,False,False,2,1,459.0,11,14,9,False
26913,Colombia,Medellín,Bronce,False,False,True,1,0,0.0,5,1,10,True
26914,México,—,Bronce,False,True,True,1,0,0.0,37,5,9,True
26915,Ecuador,—,Bronce,False,False,True,3,2,1177.0,31,12,10,False
26916,México,—,Bronce,False,False,True,1,0,0.0,12,9,10,False
26917,Colombia,Otras ciudades,Bronce,True,False,True,0,0,0.0,23,10,6,False
26918,Colombia,Manizales,Bronce,False,False,False,1,0,0.0,21,8,6,False
26919,Colombia,Bogotá D.C.,Bronce,False,False,True,2,1,482.0,19,4,5,True
26920,Colombia,Otras ciudades,Bronce,True,False,False,0,0,0.0,19,4,8,True
26921,Colombia,Cali,Bronce,True,False,True,0,0,0.0,17,6,7,True
26922,Colombia,Bogotá D.C.,Bronce,False,True,False,0,0,0.0,28,2,3,True
26923,Ecuador,—,Bronce,True,True,True,6,3,1567.0,36,22,5,False
26924,México,—,Bronce,False,False,True,1,0,0.0,13,3,9,True
26925,Colombia,Bogotá D.C.,Oro,True,False,True,33,30,13248.0,16,17,7,False
26926,Colombia,Bogotá D.C.,Bronce,False,False,True,1,0,0.0,13,7,6,False
26927,Colombia,Cali,Bronce,True,False,True,0,0,0.0,41,12,10,False
26928,Colombia,Medellín,Bronce,True,False,False,7,5,2347.0,30,6,4,True
26929,Perú,—,Bronce,False,False,True,0,0,0.0,3,13,5,False
26930,Colombia,Neiva,Bronce,False,False,True,0,0,0.0,20,2,10,True
26931,Ecuador,—,Platino,True,False,True,90,84,43746.0,12,0,8,True
26932,Uruguay,—,Bronce,False,False,True,5,4,1104.0,21,7,9,False
26933,México,—,Plata,False,True,True,9,7,5043.0,23,5,4,True
26934,Ecuador,—,Bronce,False,False,False,2,1,563.0,23,4,7,True
26935,México,—,Bronce,False,True,True,2,1,466.0,1,17,9,False
26936,Colombia,Ibagué,Bronce,True,False,True,2,1,172.0,34,2,5,True
26937,Uruguay,—,Bronce,False,False,True,0,0,0.0,4,0,7,True
26938,Perú,—,Bronce,False,True,True,0,0,0.0,11,7,9,False
26939,Ecuador,—,Plata,False,False,True,19,12,7514.0,17,6,8,True
26940,Colombia,Bogotá D.C.,Bronce,True,True,True,4,2,1319.0,48,2,10,True
26941,Ecuador,—,Bronce,True,False,True,2,1,693.0,8,23,7,False
26942,México,—,Bronce,True,True,False,0,0,0.0,7,1,10,True
26943,Colombia,Bogotá D.C.,Bronce,False,False,True,0,0,0.0,2,2,7,True
26944,Colombia,Bogotá D.C.,Bronce,False,True,True,6,4,1057.0,49,8,8,False
26945,Colombia,Bogotá D.C.,Bronce,False,True,True,1,0,0.0,1,6,10,True
26946,Colombia,Otras ciudades,Bronce,True,False,True,1,0,0.0,43,3,10,True
26947,Perú,—,Bronce,True,False,True,0,0,0.0,40,11,4,False
26948,Colombia,Bogotá D.C.,Bronce,True,True,False,5,3,1406.0,3,5,9,True
26949,Colombia,Bogotá D.C.,Bronce,True,True,True,1,0,0.0,8,2,10,True
26950,Colombia,Pereira,Bronce,True,False,True,0,0,0.0,37,11,9,False
26951,México,—,Bronce,False,False,True,1,0,0.0,40,3,9,True
26952,México,—,Bronce,False,False,True,7,6,3720.0,22,2,10,True
26953,México,—,Plata,False,False,True,19,13,6211.0,21,4,6,True
26954,Colombia,Pereira,Bronce,True,True,True,0,0,0.0,28,2,5,True
26955,Colombia,Sincelejo,Bronce,True,True,True,5,3,1516.0,46,10,8,False
26956,Colombia,Otras ciudades,Bronce,True,True,True,0,0,0.0,18,10,4,False
26957,Colombia,Otras ciudades,Bronce,True,True,False,1,0,0.0,29,14,10,False
26958,Colombia,Medellín,Plata,True,False,True,9,7,3084.0,14,1,3,True
26959,Colombia,Cali,Bronce,True,False,True,0,0,0.0,37,21,9,False
26960,Colombia,Bucaramanga,Bronce,False,False,True,4,2,1398.0,140,2,8,True
26961,Colombia,Bucaramanga,Bronce,False,False,True,2,1,534.0,79,8,5,False
26962,Chile,—,Bronce,False,False,False,2,1,370.0,3,0,7,True
26963,México,—,Bronce,True,False,True,1,0,0.0,21,1,7,True
26964,Colombia,Cali,Oro,False,False,True,33,19,13548.0,40,4,4,True
26965,Colombia,Bogotá D.C.,Bronce,True,False,True,0,0,0.0,32,8,7,False
26966,Colombia,Bucaramanga,Bronce,False,False,True,4,3,2108.0,7,5,6,True
26967,Colombia,Bogotá D.C.,Bronce,False,False,True,4,3,1391.0,46,1,7,True
26968,Colombia,Barranquilla,Bronce,False,False,True,2,1,573.0,22,10,5,False
26969,Colombia,Ibagué,Oro,False,False,True,38,32,15073.0,27,5,6,True
26970,Chile,—,Bronce,False,True,True,2,1,502.0,9,3,5,True
26971,Colombia,Otras ciudades,Bronce,False,False,True,0,0,0.0,1,3,4,True
26972,México,—,Bronce,False,False,True,3,1,568.0,34,8,7,False
26973,Uruguay,—,Bronce,False,True,True,0,0,0.0,73,4,10,True
26974,Colombia,Ibagué,Bronce,True,False,True,4,2,864.0,21,20,8,False
26975,México,—,Bronce,True,False,True,2,1,741.0,17,8,8,False
26976,Colombia,Cali,Bronce,True,False,True,0,0,0.0,8,19,3,False
26977,Ecuador,—,Bronce,False,False,True,0,0,0.0,18,3,10,True
26978,Colombia,Otras ciudades,Bronce,False,True,True,3,2,667.0,38,7,6,False
26979,Uruguay,—,Oro,True,True,True,25,16,7665.0,14,15,6,False
26980,Colombia,Neiva,Bronce,False,False,True,0,0,0.0,6,3,9,True
26981,Colombia,Cali,Bronce,False,False,True,6,3,1573.0,14,0,10,True
26982,Colombia,Medellín,Bronce,False,False,True,6,5,2396.0,11,15,10,False
26983,Colombia,Otras ciudades,Oro,True,False,False,25,22,9742.0,40,2,8,True
26984,Colombia,Bogotá D.C.,Oro,True,False,True,32,29,12948.0,16,5,3,True
26985,Colombia,Manizales,Bronce,True,False,False,2,1,567.0,19,1,9,True
26986,México,—,Bronce,False,False,True,3,2,838.0,28,9,6,False
26987,Colombia,Bogotá D.C.,Bronce,False,False,True,4,2,873.0,98,5,10,True
26988,Colombia,Bogotá D.C.,Plata,False,True,True,19,17,9602.0,14,4,5,True
26989,Ecuador,—,Bronce,True,False,True,0,0,0.0,40,3,5,True
26990,Colombia,Otras ciudades,Bronce,True,False,False,2,1,398.0,3,2,9,True
26991,Colombia,Montería,Bronce,False,False,True,1,0,0.0,45,1,6,True
26992,Colombia,Cúcuta,Bronce,True,False,True,0,0,0.0,2,12,7,False
26993,Colombia,Cali,Plata,False,True,True,10,8,5593.0,18,4,10,True
26994,Colombia,Bogotá D.C.,Bronce,False,False,True,2,1,608.0,31,2,9,True
26995,México,—,Bronce,False,False,True,0,0,0.0,16,1,7,True
26996,Colombia,Bogotá D.C.,Bronce,True,True,True,0,0,0.0,77,10,10,False
26997,Colombia,Popayán,Bronce,False,False,True,1,0,0.0,42,13,5,False
26998,Colombia,Santa Marta,Plata,False,False,True,8,5,2763.0,5,7,3,False
26999,México,—,Bronce,False,False,False,0,0,0.0,12,3,9,True
27000,Uruguay,—,Plata,False,False,True,12,9,3448.0,15,8,6,False
27001,Colombia,Ibagué,Plata,False,False,False,16,9,3597.0,12,14,8,False
27002,Colombia,Bogotá D.C.,Bronce,False,False,True,5,2,1067.0,61,3,9,True
27003,Colombia,Ibagué,Bronce,False,False,False,0,0,0.0,5,0,6,True
27004,Colombia,Otras ciudades,Bronce,False,False,True,3,2,1019.0,3,2,7,True
27005,Colombia,Otras ciudades,Bronce,False,True,False,0,0,0.0,6,9,8,False
27006,Colombia,Popayán,Bronce,True,True,True,4,2,992.0,30,20,6,False
27007,Colombia,Santa Marta,Bronce,False,False,True,4,3,794.0,33,6,7,True
27008,México,—,Bronce,False,True,False,0,0,0.0,41,20,6,False
27009,Colombia,Otras ciudades,Bronce,False,False,False,0,0,0.0,50,6,5,True
27010,Colombia,Otras ciudades,Bronce,True,False,False,0,0,0.0,3,2,7,True
27011,Chile,—,Bronce,True,False,False,0,0,0.0,24,9,8,False
27012,Colombia,Bogotá D.C.,Bronce,False,True,False,4,3,1215.0,40,7,8,False
27013,Ecuador,—,Bronce,True,False,True,0,0,0.0,39,0,5,True
27014,Perú,—,Bronce,True,True,False,0,0,0.0,31,8,7,False
27015,Colombia,Bogotá D.C.,Bronce,False,True,True,0,0,0.0,10,4,9,True
27016,Perú,—,Bronce,False,False,True,1,0,0.0,27,5,6,True
27017,Ecuador,—,Bronce,False,False,True,0,0,0.0,86,4,7,True
27018,Colombia,Santa Marta,Bronce,True,False,True,0,0,0.0,48,3,9,True
27019,Perú,—,Bronce,False,False,False,1,0,0.0,7,13,7,False
27020,Ecuador,—,Bronce,False,False,True,3,1,497.0,44,6,3,True
27021,Colombia,Popayán,Bronce,True,False,True,1,0,0.0,21,40,6,False
27022,México,—,Oro,True,False,True,51,34,12892.0,10,8,8,False
27023,Colombia,Otras ciudades,Plata,False,True,True,10,7,3976.0,21,3,9,True
27024,Perú,—,Bronce,False,True,True,1,0,0.0,17,5,6,True
27025,Colombia,Pereira,Bronce,False,False,True,2,1,583.0,15,1,9,True
27026,Uruguay,—,Plata,False,False,True,11,7,4747.0,14,1,10,True
27027,Perú,—,Bronce,True,True,True,3,2,1058.0,15,6,10,True
27028,México,—,Bronce,False,False,True,2,1,591.0,41,2,10,True
27029,Ecuador,—,Bronce,False,False,True,4,3,1233.0,26,9,5,False
27030,Uruguay,—,Bronce,False,False,True,3,2,888.0,9,3,3,True
27031,Ecuador,—,Bronce,False,True,True,3,2,608.0,31,22,8,False
27032,Colombia,Bogotá D.C.,Bronce,True,False,True,1,0,0.0,58,3,8,True
27033,Uruguay,—,Bronce,False,False,False,3,1,505.0,21,1,6,True
27034,Colombia,Barranquilla,Bronce,True,False,True,0,0,0.0,12,16,4,False
27035,Colombia,Santa Marta,Bronce,True,False,True,1,0,0.0,26,1,10,True
27036,Chile,—,Bronce,False,False,False,6,3,1418.0,28,0,7,True
27037,Colombia,Bogotá D.C.,Bronce,True,False,True,1,0,0.0,10,4,4,True
27038,Colombia,Otras ciudades,Bronce,False,False,False,3,2,917.0,17,0,5,True
27039,Colombia,Bogotá D.C.,Bronce,True,False,True,2,1,461.0,25,2,9,True
27040,Colombia,Cúcuta,Bronce,True,False,True,1,0,0.0,35,5,7,True
27041,Colombia,Bogotá D.C.,Bronce,True,False,True,1,0,0.0,34,3,5,True
27042,Colombia,Villavicencio,Platino,False,True,True,229,149,79746.0,13,4,7,True
27043,Colombia,Cartagena,Bronce,False,False,False,0,0,0.0,45,9,8,False
27044,Colombia,Bucaramanga,Bronce,False,False,True,1,0,0.0,86,4,6,True
27045,México,—,Bronce,True,False,True,0,0,0.0,36,14,10,False
27046,Uruguay,—,Bronce,False,False,True,0,0,0.0,51,9,5,False
27047,Colombia,Cartagena,Bronce,True,False,True,6,5,2138.0,61,2,9,True
27048,Colombia,Cartagena,Bronce,False,False,True,0,0,0.0,17,6,6,True
27049,México,—,Bronce,False,False,True,5,4,2329.0,41,3,7,True
27050,México,—,Bronce,False,True,True,1,0,0.0,9,0,8,True
27051,Colombia,Popayán,Bronce,True,True,True,1,0,0.0,3,6,10,True
27052,México,—,Bronce,True,True,False,7,6,5016.0,137,2,9,True
27053,Colombia,Bogotá D.C.,Bronce,False,False,False,1,0,0.0,2,2,9,True
27054,Chile,—,Bronce,False,True,False,1,0,0.0,43,8,10,False
27055,Colombia,Bogotá D.C.,Bronce,False,False,True,4,2,1231.0,20,13,8,False
27056,Colombia,Otras ciudades,Plata,False,False,True,18,13,7789.0,44,19,8,False
27057,Colombia,Pasto,Bronce,True,False,True,1,0,0.0,12,4,10,True
27058,Colombia,Ibagué,Bronce,False,False,True,2,1,498.0,52,4,7,True
27059,Colombia,Bogotá D.C.,Bronce,False,False,True,3,2,879.0,87,2,9,True
27060,México,—,Bronce,False,False,False,4,3,1499.0,26,3,6,True
27061,Ecuador,—,Bronce,True,True,True,0,0,0.0,54,5,8,True
27062,Colombia,Bogotá D.C.,Bronce,True,False,True,2,1,555.0,41,3,10,True
27063,Ecuador,—,Bronce,False,True,True,1,0,0.0,64,1,8,True
27064,Colombia,Medellín,Bronce,True,True,True,3,1,468.0,3,2,7,True
27065,Colombia,Bogotá D.C.,Plata,False,True,True,9,8,3960.0,35,0,9,True
27066,Colombia,Villavicencio,Bronce,False,True,True,1,0,0.0,55,5,4,True
27067,Colombia,Bogotá D.C.,Plata,False,False,False,23,18,6502.0,20,11,8,False
27068,Colombia,Santa Marta,Bronce,False,False,True,0,0,0.0,42,8,8,False
27069,Colombia,Bogotá D.C.,Plata,False,False,True,11,9,4027.0,32,3,5,True
27070,Colombia,Medellín,Plata,True,True,True,22,16,8304.0,23,2,7,True
27071,Colombia,Bucaramanga,Bronce,True,False,True,0,0,0.0,1,2,6,True
27072,Colombia,Medellín,Bronce,True,True,False,3,2,1120.0,41,9,6,False
27073,Perú,—,Bronce,True,True,True,6,4,2121.0,65,5,10,True
27074,Perú,—,Bronce,False,False,False,7,5,1526.0,15,11,10,False
27075,Colombia,Bogotá D.C.,Bronce,False,False,True,0,0,0.0,4,8,8,False
27076,México,—,Plata,False,False,True,14,9,4405.0,13,1,6,True
27077,Colombia,Montería,Bronce,True,True,True,1,0,0.0,20,15,8,False
27078,Colombia,Bogotá D.C.,Bronce,False,False,True,4,3,1944.0,55,10,9,False
27079,Perú,—,Bronce,True,True,False,2,1,497.0,16,0,5,True
27080,Uruguay,—,Bronce,False,False,True,0,0,0.0,10,3,9,True
27081,Colombia,Medellín,Bronce,False,True,True,0,0,0.0,13,0,10,True
27082,Colombia,Medellín,Bronce,False,True,True,1,0,0.0,9,20,9,False
27083,Colombia,Barranquilla,Plata,False,False,True,10,9,3245.0,43,9,7,False
27084,Colombia,Bogotá D.C.,Bronce,True,False,True,4,3,1480.0,74,11,7,False
27085,Colombia,Ibagué,Bronce,True,False,True,0,0,0.0,22,0,8,True
27086,Colombia,Medellín,Bronce,False,False,True,2,1,278.0,29,5,7,True
27087,Ecuador,—,Plata,False,True,True,10,6,3132.0,12,1,7,True
27088,Colombia,Bogotá D.C.,Bronce,True,True,True,2,1,538.0,27,13,8,False
27089,Colombia,Medellín,Bronce,False,False,True,3,2,651.0,36,4,4,True
27090,Colombia,Medellín,Bronce,True,False,True,0,0,0.0,35,5,8,True
27091,Colombia,Otras ciudades,Bronce,False,False,True,3,2,1073.0,6,7,6,False
27092,México,—,Bronce,True,False,True,0,0,0.0,4,8,9,False
27093,Uruguay,—,Bronce,True,False,True,3,2,1168.0,18,2,9,True
27094,Colombia,Cúcuta,Bronce,False,False,True,1,0,0.0,25,7,6,False
27095,Colombia,Medellín,Bronce,False,False,True,0,0,0.0,26,12,5,False
27096,Colombia,Bogotá D.C.,Bronce,False,False,True,0,0,0.0,14,2,7,True
27097,México,—,Bronce,False,False,True,2,1,738.0,60,2,5,True
27098,México,—,Bronce,True,False,True,5,3,2055.0,6,10,6,False
27099,Colombia,Barranquilla,Bronce,False,False,True,0,0,0.0,6,4,1,True
27100,Colombia,Otras ciudades,Bronce,True,False,True,0,0,0.0,17,3,5,True
27101,Colombia,Armenia,Bronce,True,False,False,0,0,0.0,2,5,10,True
27102,Perú,—,Plata,False,False,True,15,12,6053.0,42,11,10,False
27103,México,—,Plata,True,False,False,13,7,3807.0,25,2,3,True
27104,Uruguay,—,Bronce,True,True,True,4,3,1457.0,10,7,9,False
27105,Colombia,Bucaramanga,Plata,True,False,True,22,14,8402.0,8,7,8,False
27106,Colombia,Cartagena,Bronce,False,False,True,0,0,0.0,21,4,6,True
27107,México,—,Bronce,True,False,True,4,2,1278.0,34,2,3,True
27108,Colombia,Bucaramanga,Bronce,False,False,True,2,1,809.0,29,4,9,True
27109,Uruguay,—,Bronce,False,False,True,1,0,0.0,54,6,9,True
27110,Ecuador,—,Bronce,False,False,True,2,1,444.0,49,4,8,True
27111,México,—,Plata,False,True,True,14,12,6105.0,6,2,9,True
27112,Colombia,Medellín,Bronce,False,False,True,0,0,0.0,88,6,8,True
27113,Colombia,Bogotá D.C.,Plata,False,False,True,15,11,5079.0,30,1,6,True
27114,Colombia,Medellín,Bronce,True,False,True,4,2,959.0,23,11,4,False
27115,Colombia,Bogotá D.C.,Oro,False,True,False,45,40,14531.0,1,13,9,False
27116,México,—,Bronce,True,False,False,0,0,0.0,35,8,9,False
27117,Perú,—,Bronce,False,False,True,0,0,0.0,72,8,10,False
27118,México,—,Bronce,True,True,True,0,0,0.0,32,2,9,True
27119,Colombia,Medellín,Bronce,False,True,True,0,0,0.0,1,13,7,False
27120,Colombia,Otras ciudades,Bronce,False,False,True,2,1,529.0,32,4,4,True
27121,Colombia,Bogotá D.C.,Bronce,False,False,False,1,0,0.0,86,4,10,True
27122,Colombia,Sincelejo,Bronce,True,False,True,1,0,0.0,24,3,10,True
27123,México,—,Bronce,False,True,True,0,0,0.0,15,12,9,False
27124,Perú,—,Bronce,False,True,True,7,5,3591.0,3,1,10,True
27125,Colombia,Pereira,Bronce,False,False,True,2,1,425.0,47,4,9,True
27126,Colombia,Medellín,Bronce,True,False,True,5,3,1450.0,18,10,8,False
27127,Chile,—,Bronce,True,True,True,6,5,2445.0,19,3,2,True
27128,Colombia,Bogotá D.C.,Bronce,True,True,True,0,0,0.0,51,11,5,False
27129,Colombia,Bogotá D.C.,Bronce,True,True,True,0,0,0.0,1,8,6,False
27130,Colombia,Bogotá D.C.,Bronce,True,True,True,0,0,0.0,10,10,2,False
27131,Ecuador,—,Plata,False,False,False,11,6,2363.0,20,3,5,True
27132,Colombia,Medellín,Bronce,True,False,True,5,4,1818.0,12,5,5,True
27133,Colombia,Bogotá D.C.,Bronce,False,False,False,6,4,1762.0,5,4,9,True
27134,Colombia,Bogotá D.C.,Oro,False,True,True,34,29,12230.0,14,0,8,True
27135,Colombia,Montería,Bronce,False,False,True,0,0,0.0,18,9,9,False
27136,Colombia,Otras ciudades,Bronce,True,False,True,1,0,0.0,20,2,8,True
27137,Colombia,Montería,Bronce,False,False,True,0,0,0.0,6,0,5,True
27138,Colombia,Bogotá D.C.,Plata,False,False,True,23,20,12202.0,57,6,9,True
27139,Colombia,Bogotá D.C.,Bronce,True,False,True,5,3,1990.0,31,23,7,False
27140,Colombia,Cartagena,Bronce,False,True,True,1,0,0.0,67,3,6,True
27141,Colombia,Manizales,Bronce,False,True,True,6,3,1083.0,19,3,3,True
27142,Colombia,Otras ciudades,Bronce,False,False,False,1,0,0.0,26,3,8,True
27143,Colombia,Medellín,Bronce,False,False,True,0,0,0.0,47,8,6,False
27144,México,—,Bronce,False,False,True,0,0,0.0,26,11,8,False
27145,Colombia,Bogotá D.C.,Bronce,False,False,False,0,0,0.0,33,7,6,False
27146,Colombia,Medellín,Plata,True,True,False,10,6,3144.0,26,15,5,False
27147,Colombia,Cartagena,Bronce,True,False,True,0,0,0.0,32,6,10,True
27148,Colombia,Otras ciudades,Bronce,False,True,True,0,0,0.0,11,4,10,True
27149,Colombia,Medellín,Bronce,True,False,True,1,0,0.0,5,8,7,False
27150,México,—,Bronce,True,False,True,2,1,436.0,15,3,7,True
27151,Colombia,Medellín,Bronce,False,True,True,2,1,441.0,24,6,7,True
27152,Perú,—,Bronce,True,False,False,0,0,0.0,10,2,8,True
27153,Colombia,Bogotá D.C.,Bronce,True,False,True,0,0,0.0,13,18,6,False
27154,Ecuador,—,Bronce,False,False,True,3,2,993.0,7,1,9,True
27155,Colombia,Bogotá D.C.,Bronce,False,False,True,6,4,2113.0,30,14,6,False
27156,Colombia,Santa Marta,Bronce,True,True,True,5,3,1588.0,10,4,5,True
27157,Perú,—,Plata,False,True,True,10,9,3672.0,26,6,7,True
27158,Colombia,Bogotá D.C.,Plata,False,True,True,17,11,5020.0,5,1,9,True
27159,Colombia,Bogotá D.C.,Bronce,True,True,False,0,0,0.0,75,2,10,True
27160,Colombia,Bogotá D.C.,Bronce,True,False,True,3,2,748.0,68,9,8,False
27161,Colombia,Cali,Bronce,True,False,True,6,4,1387.0,10,8,7,False
27162,Colombia,Cali,Bronce,False,False,True,4,2,1086.0,18,7,7,False
27163,Colombia,Medellín,Bronce,True,False,True,5,3,1290.0,38,9,6,False
27164,Colombia,Bogotá D.C.,Plata,False,False,True,22,14,7209.0,18,1,10,True
27165,Colombia,Villavicencio,Bronce,False,False,True,4,2,726.0,35,2,4,True
27166,México,—,Bronce,True,False,False,0,0,0.0,4,21,6,False
27167,Colombia,Medellín,Bronce,False,True,True,1,0,0.0,77,3,6,True
27168,México,—,Plata,True,True,True,13,11,3726.0,9,2,6,True
27169,México,—,Bronce,False,False,True,2,1,437.0,4,9,7,False
27170,Uruguay,—,Bronce,False,True,True,2,1,644.0,7,2,6,True
27171,Colombia,Bogotá D.C.,Bronce,False,False,False,0,0,0.0,29,1,10,True
27172,Colombia,Otras ciudades,Bronce,False,False,True,0,0,0.0,31,2,7,True
27173,México,—,Bronce,True,False,True,1,0,0.0,29,3,8,True
27174,Colombia,Medellín,Bronce,True,False,False,2,1,478.0,35,0,6,True
27175,Colombia,Ibagué,Bronce,False,False,True,0,0,0.0,7,3,10,True
27176,Colombia,Medellín,Bronce,False,True,True,7,5,2655.0,4,3,1,True
27177,Colombia,Medellín,Platino,False,False,True,129,84,39326.0,21,2,10,True
27178,Colombia,Medellín,Plata,True,False,True,9,6,2962.0,77,11,7,False
27179,Colombia,Bogotá D.C.,Bronce,True,False,True,1,0,0.0,49,14,10,False
27180,Uruguay,—,Bronce,True,False,True,1,0,0.0,38,1,8,True
27181,Colombia,Bogotá D.C.,Bronce,True,False,True,2,1,589.0,56,5,9,True
27182,Colombia,Bogotá D.C.,Bronce,True,False,False,0,0,0.0,8,0,10,True
27183,Colombia,Medellín,Plata,True,False,False,17,15,3408.0,15,1,8,True
27184,México,—,Bronce,False,False,True,1,0,0.0,17,8,10,False
27185,Colombia,Medellín,Bronce,False,False,True,1,0,0.0,20,8,10,False
27186,Colombia,Bogotá D.C.,Bronce,True,True,True,1,0,0.0,32,13,7,False
27187,Colombia,Ibagué,Bronce,False,False,True,2,1,378.0,6,6,6,True
27188,Colombia,Barranquilla,Bronce,True,False,True,0,0,0.0,22,6,10,True
27189,Colombia,Medellín,Bronce,True,False,False,1,0,0.0,22,5,8,True
27190,Ecuador,—,Bronce,True,False,True,0,0,0.0,41,5,10,True
27191,Colombia,Montería,Bronce,False,False,False,1,0,0.0,12,8,7,False
27192,Colombia,Cúcuta,Bronce,True,False,True,0,0,0.0,36,2,7,True
27193,Colombia,Medellín,Bronce,False,False,True,1,0,0.0,7,24,7,False
27194,Colombia,Popayán,Bronce,True,False,True,5,3,1197.0,36,2,8,True
27195,Colombia,Medellín,Bronce,False,False,True,1,0,0.0,52,3,6,True
27196,Colombia,Cartagena,Bronce,True,False,True,0,0,0.0,18,5,6,True
27197,Ecuador,—,Bronce,True,True,True,1,0,0.0,65,3,6,True
27198,Perú,—,Bronce,True,False,False,2,1,663.0,74,3,9,True
27199,Colombia,Bogotá D.C.,Bronce,False,False,True,0,0,0.0,6,13,9,False
27200,Colombia,Manizales,Bronce,True,False,True,0,0,0.0,70,5,10,True
27201,Colombia,Cali,Bronce,True,True,False,0,0,0.0,85,6,9,True
27202,Colombia,Bogotá D.C.,Bronce,True,False,True,3,2,1130.0,17,1,8,True
27203,Colombia,Bogotá D.C.,Bronce,False,False,True,7,6,1874.0,27,7,7,False
27204,México,—,Bronce,False,True,True,0,0,0.0,3,6,5,True
27205,Colombia,Otras ciudades,Bronce,True,False,True,0,0,0.0,6,1,8,True
27206,Colombia,Otras ciudades,Bronce,True,False,True,0,0,0.0,9,29,8,False
27207,Colombia,Pasto,Bronce,True,True,True,2,1,517.0,19,7,10,False
27208,Colombia,Barranquilla,Bronce,False,False,True,7,5,2466.0,50,5,4,True
27209,Colombia,Bogotá D.C.,Bronce,True,False,True,5,2,818.0,7,2,8,True
27210,Colombia,Pereira,Bronce,False,False,True,2,1,575.0,55,14,6,False
27211,Colombia,Bucaramanga,Bronce,True,True,True,0,0,0.0,39,10,8,False
27212,Colombia,Cartagena,Bronce,False,True,True,5,3,1626.0,20,2,8,True
27213,Colombia,Medellín,Bronce,True,False,False,1,0,0.0,7,5,7,True
27214,Colombia,Medellín,Bronce,False,True,False,0,0,0.0,23,5,6,True
27215,Colombia,Manizales,Bronce,True,True,True,0,0,0.0,25,12,2,False
27216,Colombia,Bogotá D.C.,Bronce,False,False,True,5,3,790.0,6,2,6,True
27217,Perú,—,Bronce,False,True,True,0,0,0.0,34,9,6,False
27218,Colombia,Bucaramanga,Bronce,True,False,False,2,1,576.0,3,6,3,True
27219,Colombia,Cartagena,Bronce,False,False,True,0,0,0.0,24,2,6,True
27220,Colombia,Barranquilla,Bronce,False,True,True,0,0,0.0,30,1,6,True
27221,Ecuador,—,Bronce,False,False,True,1,0,0.0,76,2,7,True
27222,Ecuador,—,Bronce,True,False,True,3,2,575.0,26,1,10,True
27223,Colombia,Popayán,Bronce,True,True,True,0,0,0.0,53,0,7,True
27224,Uruguay,—,Bronce,False,False,True,0,0,0.0,1,12,5,False
27225,Colombia,Bogotá D.C.,Bronce,False,True,True,2,1,395.0,10,1,7,True
27226,Colombia,Medellín,Plata,True,False,False,16,14,2931.0,112,4,6,True
27227,Ecuador,—,Bronce,False,False,True,1,0,0.0,35,14,6,False
27228,Colombia,Medellín,Bronce,False,False,True,3,2,1487.0,33,7,8,False
27229,Perú,—,Plata,True,False,True,13,8,4144.0,8,0,8,True
27230,Perú,—,Bronce,False,False,False,2,1,529.0,19,2,10,True
27231,México,—,Bronce,False,False,False,3,2,1318.0,9,1,9,True
27232,México,—,Plata,True,False,True,12,7,3867.0,21,0,8,True
27233,México,—,Bronce,True,True,True,3,2,961.0,5,6,10,True
27234,Colombia,Cali,Oro,False,False,False,29,25,14441.0,32,18,7,False
27235,México,—,Bronce,True,False,True,0,0,0.0,34,12,6,False
27236,Ecuador,—,Bronce,True,True,True,1,0,0.0,28,15,6,False
27237,México,—,Bronce,False,True,False,5,2,1145.0,20,5,3,True
27238,Colombia,Montería,Plata,False,False,True,18,15,5764.0,59,1,6,True
27239,México,—,Bronce,False,True,True,0,0,0.0,23,2,7,True
27240,Colombia,Cartagena,Bronce,True,False,True,2,1,407.0,31,4,10,True
27241,Ecuador,—,Bronce,False,True,False,2,1,711.0,29,15,4,False
27242,Perú,—,Bronce,False,True,True,2,1,499.0,21,0,10,True
27243,Chile,—,Bronce,False,False,True,2,1,315.0,31,7,7,False
27244,Colombia,Bogotá D.C.,Platino,True,False,True,168,152,65244.0,42,9,9,False
27245,Colombia,Barranquilla,Bronce,True,False,True,1,0,0.0,34,2,9,True
27246,Colombia,Bogotá D.C.,Plata,False,True,True,11,8,2807.0,40,17,7,False
27247,México,—,Bronce,True,False,False,0,0,0.0,6,16,8,False
27248,Colombia,Bucaramanga,Bronce,True,True,True,1,0,0.0,24,6,10,True
27249,México,—,Bronce,True,False,True,4,2,917.0,16,16,4,False
27250,Colombia,Medellín,Bronce,True,False,True,0,0,0.0,33,2,10,True
27251,Colombia,Ibagué,Bronce,False,False,True,0,0,0.0,43,4,9,True
27252,Uruguay,—,Bronce,True,False,True,0,0,0.0,65,11,7,False
27253,México,—,Plata,False,True,True,23,18,7116.0,26,1,4,True
27254,Colombia,Manizales,Bronce,True,False,False,1,0,0.0,6,3,6,True
27255,Colombia,Neiva,Plata,True,False,True,13,11,6594.0,107,4,8,True
27256,Colombia,Cali,Bronce,True,False,True,3,2,1362.0,24,2,6,True
27257,Ecuador,—,Bronce,True,False,True,0,0,0.0,15,6,10,True
27258,Ecuador,—,Bronce,False,False,True,0,0,0.0,51,0,10,True
27259,Colombia,Bucaramanga,Bronce,True,False,True,0,0,0.0,9,4,10,True
27260,Colombia,Bogotá D.C.,Bronce,True,False,True,0,0,0.0,20,0,9,True
27261,Uruguay,—,Bronce,True,False,True,2,1,591.0,39,3,9,True
27262,Uruguay,—,Bronce,False,False,True,4,2,1002.0,33,15,10,False
27263,Colombia,Villavicencio,Bronce,False,False,False,0,0,0.0,18,10,8,False
27264,México,—,Bronce,True,False,True,3,1,409.0,30,28,5,False
27265,Chile,—,Bronce,False,False,True,3,2,1039.0,23,6,10,True
27266,Colombia,Bucaramanga,Bronce,True,True,False,1,0,0.0,4,17,10,False
27267,Colombia,Barranquilla,Bronce,False,True,True,0,0,0.0,40,3,7,True
27268,México,—,Plata,True,False,True,8,4,2086.0,4,13,6,False
27269,México,—,Bronce,False,True,True,0,0,0.0,31,13,8,False
27270,Colombia,Barranquilla,Bronce,False,False,True,0,0,0.0,9,17,5,False
27271,Colombia,Bogotá D.C.,Bronce,False,False,True,0,0,0.0,24,3,8,True
27272,Colombia,Bogotá D.C.,Bronce,True,False,True,0,0,0.0,9,19,10,False
27273,Colombia,Bogotá D.C.,Bronce,True,False,True,1,0,0.0,34,11,5,False
27274,Colombia,Cali,Bronce,True,True,True,1,0,0.0,52,3,7,True
27275,Perú,—,Bronce,False,False,True,0,0,0.0,2,1,8,True
27276,Colombia,Medellín,Bronce,True,False,False,2,1,414.0,29,1,7,True
27277,Colombia,Medellín,Bronce,False,True,True,0,0,0.0,125,3,4,True
27278,Colombia,Manizales,Bronce,False,True,True,0,0,0.0,4,10,7,False
27279,México,—,Bronce,False,False,False,1,0,0.0,35,5,10,True
27280,Colombia,Cali,Bronce,False,False,True,4,3,1727.0,39,9,10,False
27281,Ecuador,—,Bronce,True,False,True,0,0,0.0,14,2,7,True
27282,Colombia,Bogotá D.C.,Bronce,False,False,False,6,5,2543.0,16,6,7,True
27283,Colombia,Cúcuta,Bronce,True,True,True,1,0,0.0,30,10,3,False
27284,Colombia,Medellín,Bronce,False,True,False,3,2,1074.0,21,5,7,True
27285,México,—,Bronce,False,False,True,0,0,0.0,18,16,6,False
27286,Colombia,Bogotá D.C.,Bronce,False,False,True,1,0,0.0,21,4,10,True
27287,Colombia,Bogotá D.C.,Bronce,False,True,True,0,0,0.0,9,1,8,True
27288,Colombia,Otras ciudades,Bronce,False,False,True,0,0,0.0,12,5,3,True
27289,Colombia,Otras ciudades,Bronce,False,False,True,0,0,0.0,42,1,10,True
27290,Colombia,Villavicencio,Bronce,False,True,True,0,0,0.0,30,9,7,False
27291,Colombia,Cúcuta,Bronce,False,True,True,2,1,474.0,18,3,8,True
27292,Colombia,Otras ciudades,Bronce,False,False,True,1,0,0.0,19,7,10,False
27293,México,—,Bronce,False,False,False,4,2,1268.0,50,2,3,True
27294,Colombia,Bogotá D.C.,Bronce,False,True,False,1,0,0.0,11,4,3,True
27295,México,—,Bronce,True,False,True,2,1,353.0,80,11,6,False
27296,Colombia,Sincelejo,Bronce,False,False,True,5,4,1554.0,12,0,4,True
27297,Uruguay,—,Bronce,True,False,True,3,2,867.0,33,5,9,True
27298,Colombia,Bogotá D.C.,Bronce,True,False,True,1,0,0.0,74,10,10,False
27299,México,—,Bronce,False,False,True,1,0,0.0,19,9,8,False
27300,Colombia,Medellín,Bronce,False,False,True,3,2,794.0,62,0,9,True
27301,Colombia,Otras ciudades,Bronce,True,True,True,2,1,464.0,12,4,4,True
27302,Colombia,Bogotá D.C.,Bronce,False,False,True,0,0,0.0,22,11,10,False
27303,Uruguay,—,Bronce,False,False,True,0,0,0.0,5,4,9,True
27304,Colombia,Bogotá D.C.,Bronce,False,True,True,0,0,0.0,43,4,10,True
27305,Colombia,Medellín,Bronce,False,False,True,0,0,0.0,4,0,8,True
27306,Colombia,Popayán,Bronce,True,True,True,0,0,0.0,7,9,7,False
27307,Colombia,Otras ciudades,Bronce,True,False,True,0,0,0.0,11,0,10,True
27308,Colombia,Bogotá D.C.,Bronce,False,False,False,4,2,858.0,20,4,9,True
27309,Colombia,Bogotá D.C.,Bronce,True,False,True,0,0,0.0,14,11,6,False
27310,Colombia,Cali,Bronce,False,False,False,0,0,0.0,10,8,10,False
27311,Colombia,Otras ciudades,Bronce,False,True,False,1,0,0.0,79,7,9,False
27312,Colombia,Barranquilla,Bronce,False,False,True,1,0,0.0,55,3,7,True
27313,Colombia,Barranquilla,Bronce,False,False,False,0,0,0.0,45,10,7,False
27314,Uruguay,—,Plata,True,False,True,10,6,2725.0,49,13,9,False
27315,Uruguay,—,Bronce,False,False,True,0,0,0.0,33,0,7,True
27316,México,—,Bronce,False,False,True,0,0,0.0,7,13,7,False
27317,México,—,Bronce,True,True,True,0,0,0.0,29,0,7,True
27318,México,—,Bronce,False,False,True,0,0,0.0,34,7,5,False
27319,Colombia,Villavicencio,Bronce,False,False,True,0,0,0.0,47,5,9,True
27320,Colombia,Ibagué,Bronce,True,True,True,1,0,0.0,36,7,5,False
27321,Perú,—,Bronce,False,False,True,1,0,0.0,33,1,6,True
27322,Colombia,Villavicencio,Bronce,False,True,True,3,1,435.0,20,10,6,False
27323,Colombia,Popayán,Plata,False,False,True,12,11,4480.0,64,2,6,True
27324,México,—,Bronce,False,False,True,0,0,0.0,59,8,9,False
27325,Colombia,Otras ciudades,Plata,False,False,True,13,8,3917.0,59,2,6,True
27326,Colombia,Bogotá D.C.,Bronce,False,False,True,3,1,714.0,25,0,7,True
27327,México,—,Bronce,False,False,True,6,4,1814.0,11,12,8,False
27328,Colombia,Pasto,Bronce,False,False,True,6,5,2133.0,25,0,10,True
27329,Colombia,Pereira,Oro,True,False,True,26,21,13164.0,39,7,8,False
27330,México,—,Bronce,False,False,True,1,0,0.0,68,0,7,True
27331,Colombia,Barranquilla,Platino,True,False,True,67,52,35247.0,46,11,5,False
27332,Colombia,Manizales,Bronce,True,True,True,1,0,0.0,17,2,5,True
27333,México,—,Bronce,False,False,True,1,0,0.0,35,8,9,False
27334,México,—,Bronce,True,False,True,5,3,1452.0,34,4,7,True
27335,Colombia,Bogotá D.C.,Bronce,True,False,True,2,1,347.0,49,8,5,False
27336,Ecuador,—,Bronce,True,False,True,2,1,218.0,41,3,7,True
27337,Colombia,Medellín,Bronce,False,False,True,4,2,803.0,37,6,10,True
27338,México,—,Bronce,False,False,True,0,0,0.0,37,2,10,True
27339,Colombia,Bogotá D.C.,Bronce,True,False,True,2,1,426.0,1,12,6,False
27340,Colombia,Barranquilla,Bronce,False,False,True,1,0,0.0,11,3,5,True
27341,Colombia,Cali,Plata,True,True,False,9,7,3683.0,7,2,10,True
27342,Colombia,Barranquilla,Bronce,False,False,True,4,2,1224.0,2,6,9,True
27343,Chile,—,Bronce,False,False,True,0,0,0.0,11,4,7,True
27344,Uruguay,—,Bronce,True,True,True,0,0,0.0,16,15,10,False
27345,Ecuador,—,Bronce,False,False,True,0,0,0.0,62,7,9,False
27346,Colombia,Medellín,Bronce,True,False,False,3,1,501.0,71,2,5,True
27347,Colombia,Bogotá D.C.,Bronce,True,False,True,0,0,0.0,45,6,6,True
27348,Uruguay,—,Oro,False,False,True,31,25,16221.0,74,1,5,True
27349,Colombia,Medellín,Bronce,True,False,True,0,0,0.0,69,6,10,True
27350,Perú,—,Bronce,True,False,True,2,1,372.0,12,1,1,True
27351,Uruguay,—,Bronce,False,True,True,1,0,0.0,81,3,5,True
27352,Colombia,Bogotá D.C.,Bronce,False,False,True,1,0,0.0,14,4,6,True
27353,Colombia,Bogotá D.C.,Bronce,False,False,True,1,0,0.0,12,2,9,True
27354,Colombia,Barranquilla,Bronce,False,False,True,0,0,0.0,46,1,9,True
27355,Chile,—,Bronce,False,True,False,1,0,0.0,43,1,8,True
27356,Uruguay,—,Bronce,False,True,True,0,0,0.0,120,1,10,True
27357,Colombia,Cali,Bronce,True,False,True,0,0,0.0,40,6,7,True
27358,Ecuador,—,Bronce,False,True,True,1,0,0.0,36,4,9,True
27359,Colombia,Bogotá D.C.,Bronce,True,True,False,2,1,558.0,26,3,7,True
27360,Ecuador,—,Bronce,True,False,True,0,0,0.0,45,1,10,True
27361,Colombia,Otras ciudades,Bronce,True,False,True,0,0,0.0,54,0,7,True
27362,Colombia,Otras ciudades,Bronce,False,False,True,2,1,431.0,27,3,8,True
27363,Perú,—,Bronce,True,False,True,1,0,0.0,71,12,3,False
27364,Ecuador,—,Bronce,False,False,True,0,0,0.0,16,2,7,True
27365,Perú,—,Bronce,False,False,False,0,0,0.0,12,7,2,False
27366,Colombia,Bogotá D.C.,Bronce,True,True,True,0,0,0.0,41,20,10,False
27367,Colombia,Medellín,Bronce,False,False,True,0,0,0.0,23,3,8,True
27368,México,—,Bronce,True,True,True,2,1,605.0,36,3,6,True
27369,Colombia,Manizales,Bronce,False,False,True,2,1,551.0,2,2,6,True
27370,Colombia,Cúcuta,Bronce,True,False,True,1,0,0.0,27,4,6,True
27371,Colombia,Otras ciudades,Bronce,False,True,True,1,0,0.0,1,2,0,True
27372,Ecuador,—,Bronce,False,False,True,5,2,920.0,69,7,9,False
27373,Colombia,Cartagena,Bronce,False,False,True,2,1,452.0,3,11,10,False
27374,Colombia,Cúcuta,Bronce,False,False,True,0,0,0.0,51,7,6,False
27375,México,—,Bronce,False,False,True,0,0,0.0,14,2,10,True
27376,Colombia,Bogotá D.C.,Plata,True,True,True,15,10,3314.0,8,14,7,False
27377,Colombia,Bogotá D.C.,Bronce,False,False,False,2,1,559.0,27,2,10,True
27378,Uruguay,—,Bronce,False,False,True,7,5,3150.0,82,7,5,False
27379,Colombia,Bogotá D.C.,Bronce,True,False,False,0,0,0.0,17,16,2,False
27380,Colombia,Otras ciudades,Bronce,False,True,True,1,0,0.0,18,8,9,False
27381,Colombia,Medellín,Bronce,False,False,True,0,0,0.0,29,3,9,True
27382,Colombia,Medellín,Bronce,True,False,True,0,0,0.0,36,2,3,True
27383,Uruguay,—,Bronce,True,True,True,3,2,1035.0,5,2,9,True
27384,México,—,Bronce,True,False,True,0,0,0.0,21,2,7,True
27385,Colombia,Medellín,Bronce,False,False,True,3,1,560.0,25,11,10,False
27386,Colombia,Bogotá D.C.,Bronce,True,False,True,0,0,0.0,18,7,5,False
27387,Perú,—,Bronce,False,False,False,0,0,0.0,71,7,7,False
27388,Uruguay,—,Bronce,False,False,False,2,1,193.0,7,2,8,True
27389,Colombia,Bogotá D.C.,Bronce,False,True,True,5,4,2021.0,79,2,6,True
27390,México,—,Bronce,True,True,True,0,0,0.0,26,4,10,True
27391,Colombia,Montería,Bronce,False,True,False,3,2,689.0,7,5,6,True
27392,Colombia,Bogotá D.C.,Bronce,True,False,True,4,3,1447.0,7,0,6,True
27393,Colombia,Bogotá D.C.,Bronce,True,True,False,0,0,0.0,30,8,5,False
27394,Colombia,Otras ciudades,Bronce,False,False,True,2,1,548.0,21,15,8,False
27395,Perú,—,Oro,False,False,True,48,34,22004.0,26,6,6,True
27396,Uruguay,—,Platino,False,False,True,85,59,35944.0,21,1,4,True
27397,Colombia,Otras ciudades,Plata,False,False,False,9,6,2916.0,18,8,5,False
27398,Colombia,Cali,Bronce,True,False,True,7,5,2599.0,20,4,8,True
27399,Colombia,Medellín,Bronce,False,False,True,7,5,2290.0,11,26,7,False
27400,Perú,—,Bronce,True,False,False,0,0,0.0,72,6,7,True
27401,Colombia,Cali,Bronce,False,False,True,0,0,0.0,10,3,6,True
27402,Colombia,Medellín,Bronce,True,True,False,3,2,1250.0,31,7,7,False
27403,Colombia,Neiva,Bronce,False,True,True,2,1,444.0,21,6,8,True
27404,Colombia,Ibagué,Bronce,False,False,True,3,2,451.0,36,12,8,False
27405,Colombia,Bogotá D.C.,Bronce,True,False,False,0,0,0.0,23,14,5,False
27406,México,—,Bronce,True,False,True,4,3,1875.0,19,15,6,False
27407,Ecuador,—,Bronce,False,False,False,0,0,0.0,18,11,9,False
27408,Ecuador,—,Bronce,False,True,True,3,2,701.0,19,12,5,False
27409,Colombia,Cali,Bronce,True,False,True,0,0,0.0,3,3,8,True
27410,Colombia,Cali,Bronce,False,False,True,1,0,0.0,86,3,3,True
27411,Colombia,Otras ciudades,Bronce,False,False,False,0,0,0.0,17,3,8,True
27412,Colombia,Bogotá D.C.,Bronce,True,False,False,0,0,0.0,13,9,7,False
27413,Chile,—,Plata,False,False,True,12,7,4149.0,2,9,7,False
27414,Colombia,Otras ciudades,Bronce,False,False,True,2,1,501.0,12,0,8,True
27415,Colombia,Bucaramanga,Bronce,False,False,True,7,4,2219.0,9,3,5,True
27416,Colombia,Cúcuta,Bronce,False,False,True,0,0,0.0,4,1,7,True
27417,México,—,Bronce,False,True,False,0,0,0.0,29,8,10,False
27418,Colombia,Bogotá D.C.,Bronce,True,True,True,0,0,0.0,6,1,8,True
27419,México,—,Bronce,False,False,True,0,0,0.0,13,3,7,True
27420,Perú,—,Bronce,False,True,True,1,0,0.0,64,4,7,True
27421,Colombia,Neiva,Plata,True,False,True,13,9,4864.0,23,14,8,False
27422,Colombia,Neiva,Plata,True,False,True,11,6,2205.0,17,11,8,False
27423,Colombia,Popayán,Bronce,False,True,True,3,2,1335.0,18,6,4,True
27424,Colombia,Medellín,Plata,False,True,True,17,14,6931.0,25,5,8,True
27425,Ecuador,—,Bronce,True,False,True,5,4,1884.0,10,14,8,False
27426,Colombia,Armenia,Bronce,True,False,True,3,1,457.0,15,2,6,True
27427,México,—,Bronce,False,False,True,0,0,0.0,17,6,5,True
27428,Colombia,Bucaramanga,Bronce,False,True,True,0,0,0.0,9,16,10,False
27429,Colombia,Medellín,Bronce,True,False,False,1,0,0.0,8,6,10,True
27430,Colombia,Villavicencio,Bronce,False,False,True,0,0,0.0,3,12,5,False
27431,Colombia,Bucaramanga,Plata,False,False,True,16,14,9584.0,12,13,9,False
27432,Ecuador,—,Bronce,True,False,True,4,2,1361.0,17,8,10,False
27433,Colombia,Bogotá D.C.,Bronce,True,False,True,6,3,1772.0,19,7,7,False
27434,Ecuador,—,Bronce,False,False,True,0,0,0.0,26,0,5,True
27435,Ecuador,—,Bronce,True,False,True,0,0,0.0,10,0,6,True
27436,Colombia,Medellín,Bronce,True,False,True,4,2,1210.0,36,4,8,True
27437,Colombia,Cúcuta,Bronce,False,False,False,0,0,0.0,16,9,10,False
27438,Colombia,Bucaramanga,Bronce,False,False,True,2,1,663.0,63,3,8,True
27439,México,—,Bronce,False,False,True,0,0,0.0,14,2,6,True
27440,México,—,Bronce,True,False,True,0,0,0.0,15,4,5,True
27441,Uruguay,—,Bronce,True,False,True,0,0,0.0,6,3,8,True
27442,México,—,Bronce,True,True,True,1,0,0.0,36,2,8,True
27443,Colombia,Bogotá D.C.,Bronce,False,True,True,1,0,0.0,30,11,6,False
27444,Colombia,Armenia,Bronce,True,True,True,0,0,0.0,20,6,4,True
27445,Colombia,Medellín,Plata,True,False,False,12,8,3656.0,57,1,6,True
27446,Ecuador,—,Bronce,True,True,False,0,0,0.0,12,9,10,False
27447,Colombia,Cúcuta,Bronce,False,True,True,1,0,0.0,1,7,8,False
27448,México,—,Bronce,True,False,True,1,0,0.0,40,2,4,True
27449,México,—,Bronce,True,False,True,0,0,0.0,43,1,8,True
27450,Perú,—,Bronce,True,False,True,0,0,0.0,28,17,9,False
27451,México,—,Bronce,False,False,True,0,0,0.0,24,3,9,True
27452,México,—,Bronce,False,False,True,1,0,0.0,12,1,4,True
27453,Colombia,Cali,Plata,True,True,True,17,14,4674.0,13,11,6,False
27454,Colombia,Valledupar,Bronce,True,False,True,0,0,0.0,8,0,5,True
27455,Colombia,Medellín,Plata,True,False,True,9,5,2298.0,15,4,8,True
27456,México,—,Bronce,False,True,True,0,0,0.0,25,7,9,False
27457,Perú,—,Bronce,False,True,True,1,0,0.0,39,4,6,True
27458,Colombia,Armenia,Bronce,True,True,False,0,0,0.0,51,11,7,False
27459,Ecuador,—,Bronce,True,False,True,4,3,1757.0,42,2,10,True
27460,Colombia,Medellín,Bronce,False,False,True,0,0,0.0,20,5,8,True
27461,Colombia,Medellín,Bronce,False,False,False,0,0,0.0,7,9,3,False
27462,Colombia,Bogotá D.C.,Oro,True,False,False,28,25,18180.0,22,3,6,True
27463,Colombia,Bogotá D.C.,Bronce,True,False,True,0,0,0.0,39,0,10,True
27464,Perú,—,Bronce,False,False,False,7,5,1898.0,21,4,6,True
27465,Colombia,Pasto,Bronce,True,False,False,5,3,1775.0,23,7,7,False
27466,Colombia,Bogotá D.C.,Bronce,True,False,False,2,1,560.0,45,0,10,True
27467,Colombia,Medellín,Bronce,True,False,True,2,1,400.0,10,5,8,True
27468,México,—,Bronce,False,False,True,2,1,428.0,12,10,4,False
27469,Colombia,Cartagena,Bronce,False,False,True,1,0,0.0,87,2,8,True
27470,Colombia,Medellín,Bronce,True,False,False,1,0,0.0,29,7,9,False
27471,Perú,—,Plata,False,False,False,8,6,3226.0,29,0,7,True
27472,Colombia,Bogotá D.C.,Bronce,True,False,True,4,3,1768.0,14,6,5,True
27473,Colombia,Medellín,Bronce,True,False,True,1,0,0.0,10,5,10,True
27474,Colombia,Cali,Bronce,False,True,True,7,4,2022.0,59,8,5,False
27475,Colombia,Barranquilla,Bronce,False,False,False,0,0,0.0,43,4,9,True
27476,Colombia,Medellín,Bronce,True,False,True,1,0,0.0,14,4,8,True
27477,Perú,—,Bronce,True,False,True,1,0,0.0,44,9,8,False
27478,Ecuador,—,Bronce,True,True,False,3,2,1335.0,3,5,9,True
27479,Perú,—,Bronce,False,False,True,5,4,1912.0,37,8,4,False
27480,Colombia,Popayán,Bronce,True,False,False,1,0,0.0,50,5,6,True
27481,Colombia,Bogotá D.C.,Bronce,True,False,True,2,1,545.0,58,1,7,True
27482,Colombia,Santa Marta,Bronce,True,False,True,0,0,0.0,15,4,9,True
27483,Ecuador,—,Bronce,False,True,True,0,0,0.0,40,6,5,True
27484,Colombia,Bogotá D.C.,Bronce,True,False,True,4,3,1917.0,20,11,9,False
27485,Perú,—,Bronce,False,False,True,0,0,0.0,38,10,7,False
27486,Perú,—,Plata,False,False,False,8,5,2817.0,19,20,4,False
27487,Colombia,Bogotá D.C.,Bronce,True,False,True,0,0,0.0,17,6,8,True
27488,Colombia,Bogotá D.C.,Bronce,False,True,True,0,0,0.0,23,2,10,True
27489,Colombia,Barranquilla,Plata,False,False,True,10,8,4734.0,14,4,8,True
27490,Uruguay,—,Bronce,True,False,True,0,0,0.0,91,0,6,True
27491,Colombia,Medellín,Plata,False,False,True,11,9,5688.0,78,0,7,True
27492,Colombia,Cúcuta,Bronce,False,True,True,3,2,635.0,2,4,10,True
27493,Colombia,Pasto,Bronce,True,False,True,0,0,0.0,40,10,7,False
27494,Colombia,Medellín,Bronce,False,False,True,6,5,3131.0,55,14,9,False
27495,Colombia,Bogotá D.C.,Bronce,True,False,True,0,0,0.0,64,0,4,True
27496,México,—,Bronce,True,False,True,0,0,0.0,25,6,10,True
27497,Ecuador,—,Bronce,False,False,False,4,3,1159.0,25,0,6,True
27498,Colombia,Bogotá D.C.,Plata,True,True,False,11,8,3307.0,17,4,10,True
27499,México,—,Bronce,True,True,True,2,1,306.0,36,11,7,False
27500,Ecuador,—,Bronce,False,False,False,0,0,0.0,10,11,4,False
27501,Colombia,Cali,Bronce,False,False,False,2,1,639.0,31,15,6,False
27502,Colombia,Cúcuta,Bronce,True,False,True,2,1,395.0,20,3,7,True
27503,Colombia,Medellín,Bronce,False,False,True,0,0,0.0,34,32,5,False
27504,México,—,Bronce,False,False,True,1,0,0.0,3,1,4,True
27505,Ecuador,—,Bronce,True,False,True,0,0,0.0,39,1,6,True
27506,Colombia,Bogotá D.C.,Bronce,True,False,True,0,0,0.0,8,4,10,True
27507,Colombia,Cali,Bronce,False,False,False,0,0,0.0,10,2,4,True
27508,México,—,Plata,False,False,True,9,7,3506.0,48,14,9,False
27509,Colombia,Medellín,Bronce,False,False,True,0,0,0.0,11,6,10,True
27510,Colombia,Medellín,Bronce,False,True,True,0,0,0.0,21,4,9,True
27511,Colombia,Neiva,Bronce,True,True,True,0,0,0.0,36,3,10,True
27512,Uruguay,—,Bronce,False,False,True,0,0,0.0,58,0,10,True
27513,Colombia,Bogotá D.C.,Bronce,False,True,True,1,0,0.0,22,5,4,True
27514,Colombia,Otras ciudades,Bronce,False,False,True,1,0,0.0,36,6,8,True
27515,Colombia,Cúcuta,Bronce,True,False,True,2,1,502.0,23,9,7,False
27516,Perú,—,Plata,True,False,True,11,7,3560.0,31,11,8,False
27517,Colombia,Medellín,Bronce,False,False,True,0,0,0.0,14,9,7,False
27518,México,—,Plata,True,False,True,10,6,2645.0,16,5,9,True
27519,Perú,—,Plata,True,False,True,18,16,7951.0,6,7,5,False
27520,Colombia,Santa Marta,Plata,False,True,True,14,9,5625.0,60,3,5,True
27521,México,—,Bronce,False,True,True,1,0,0.0,44,2,6,True
27522,Colombia,Bogotá D.C.,Bronce,True,False,True,0,0,0.0,37,4,8,True
27523,Colombia,Cali,Bronce,False,False,True,2,1,445.0,11,3,3,True
27524,Colombia,Bogotá D.C.,Bronce,True,True,True,0,0,0.0,71,3,9,True
27525,México,—,Bronce,True,True,True,4,2,1086.0,4,3,10,True
27526,Colombia,Medellín,Bronce,True,False,True,0,0,0.0,15,1,10,True
27527,Ecuador,—,Bronce,False,False,True,2,1,536.0,14,9,3,False
27528,Colombia,Bogotá D.C.,Bronce,True,False,True,3,2,691.0,54,16,8,False
27529,Colombia,Cali,Bronce,False,False,True,0,0,0.0,21,1,7,True
27530,México,—,Bronce,True,True,True,2,1,422.0,29,26,5,False
27531,Colombia,Medellín,Plata,False,False,False,8,6,2281.0,51,9,7,False
27532,México,—,Bronce,True,True,True,0,0,0.0,18,2,8,True
27533,Colombia,Barranquilla,Bronce,False,False,True,6,3,1393.0,53,6,8,True
27534,Colombia,Otras ciudades,Bronce,False,True,True,2,1,492.0,45,1,6,True
27535,Colombia,Barranquilla,Bronce,True,True,True,0,0,0.0,21,6,6,True
27536,Colombia,Bogotá D.C.,Plata,True,True,True,8,6,3013.0,36,37,7,False
27537,Perú,—,Bronce,False,True,True,0,0,0.0,8,5,6,True
27538,Colombia,Bucaramanga,Bronce,False,False,True,1,0,0.0,2,2,7,True
27539,Colombia,Cúcuta,Bronce,True,False,False,6,4,1592.0,22,1,8,True
27540,Colombia,Bogotá D.C.,Bronce,True,False,False,0,0,0.0,7,1,7,True
27541,Colombia,Ibagué,Bronce,False,False,True,0,0,0.0,32,0,4,True
27542,Colombia,Pasto,Bronce,True,False,True,0,0,0.0,21,3,10,True
27543,Colombia,Villavicencio,Bronce,False,False,True,0,0,0.0,29,3,4,True
27544,Colombia,Bogotá D.C.,Bronce,True,False,True,6,4,2979.0,44,3,7,True
27545,México,—,Bronce,False,False,True,1,0,0.0,1,1,6,True
27546,Colombia,Cali,Bronce,False,True,True,0,0,0.0,51,4,4,True
27547,Colombia,Bogotá D.C.,Bronce,False,False,True,1,0,0.0,5,4,7,True
27548,Colombia,Valledupar,Plata,False,False,True,12,10,4928.0,37,3,3,True
27549,Colombia,Cali,Bronce,False,False,True,1,0,0.0,15,0,8,True
27550,Colombia,Barranquilla,Bronce,True,False,True,0,0,0.0,23,3,7,True
27551,Colombia,Otras ciudades,Bronce,False,False,False,4,2,938.0,12,9,3,False
27552,Colombia,Bogotá D.C.,Bronce,True,False,True,1,0,0.0,20,3,6,True
27553,Colombia,Medellín,Bronce,False,False,True,0,0,0.0,50,4,9,True
27554,Colombia,Bogotá D.C.,Bronce,False,True,True,0,0,0.0,60,9,7,False
27555,Colombia,Villavicencio,Plata,False,False,True,21,14,6074.0,11,6,5,True
27556,México,—,Bronce,False,False,True,0,0,0.0,23,3,4,True
27557,Perú,—,Bronce,True,False,True,0,0,0.0,34,8,7,False
27558,Colombia,Pereira,Bronce,True,False,True,0,0,0.0,28,2,2,True
27559,Colombia,Medellín,Bronce,False,False,True,0,0,0.0,11,2,10,True
27560,Colombia,Cartagena,Bronce,False,False,False,0,0,0.0,6,0,6,True
27561,Colombia,Cali,Bronce,True,False,True,1,0,0.0,22,12,8,False
27562,México,—,Bronce,True,False,True,2,1,252.0,12,22,10,False
27563,Colombia,Pasto,Plata,True,False,True,8,4,2152.0,29,2,5,True
27564,Colombia,Bogotá D.C.,Bronce,True,False,True,3,2,1161.0,42,11,7,False
27565,Ecuador,—,Bronce,True,True,True,2,1,270.0,7,4,8,True
27566,México,—,Bronce,True,True,True,3,2,842.0,13,6,6,True
27567,Colombia,Bogotá D.C.,Bronce,True,False,True,0,0,0.0,50,5,7,True
27568,México,—,Plata,False,False,True,14,11,4860.0,29,2,5,True
27569,México,—,Bronce,True,True,True,7,5,3099.0,28,6,6,True
27570,Chile,—,Bronce,True,False,False,0,0,0.0,20,1,7,True
27571,Colombia,Bogotá D.C.,Bronce,False,True,True,1,0,0.0,8,11,8,False
27572,México,—,Plata,False,False,True,9,6,2637.0,26,11,9,False
27573,Colombia,Otras ciudades,Bronce,False,False,True,0,0,0.0,19,2,10,True
27574,Ecuador,—,Bronce,True,False,True,1,0,0.0,18,8,8,False
27575,Uruguay,—,Bronce,False,True,True,0,0,0.0,21,17,4,False
27576,Ecuador,—,Bronce,True,False,True,0,0,0.0,35,1,8,True
27577,Ecuador,—,Bronce,False,False,True,2,1,671.0,81,9,4,False
27578,Colombia,Medellín,Bronce,False,False,True,1,0,0.0,7,10,1,False
27579,México,—,Bronce,True,False,True,4,2,1087.0,73,14,6,False
27580,Colombia,Medellín,Bronce,True,False,True,4,3,1756.0,36,8,10,False
27581,Colombia,Bogotá D.C.,Bronce,False,False,True,3,2,918.0,51,1,10,True
27582,Colombia,Bogotá D.C.,Bronce,True,True,True,0,0,0.0,14,0,8,True
27583,México,—,Bronce,False,False,True,1,0,0.0,6,7,9,False
27584,Colombia,Medellín,Bronce,False,False,True,1,0,0.0,19,0,7,True
27585,Colombia,Bogotá D.C.,Bronce,True,False,False,0,0,0.0,29,14,2,False
27586,Ecuador,—,Bronce,False,False,True,0,0,0.0,54,6,6,True
27587,México,—,Bronce,False,True,False,0,0,0.0,9,6,7,True
27588,Colombia,Bogotá D.C.,Bronce,False,False,True,0,0,0.0,14,2,10,True
27589,Ecuador,—,Bronce,True,False,False,2,1,629.0,35,3,6,True
27590,Colombia,Armenia,Bronce,False,False,True,0,0,0.0,30,2,8,True
27591,Colombia,Pereira,Bronce,False,False,True,0,0,0.0,42,1,8,True
27592,México,—,Plata,False,False,False,19,13,5394.0,60,1,4,True
27593,Colombia,Medellín,Plata,False,False,True,9,6,2937.0,63,4,8,True
27594,Ecuador,—,Bronce,False,True,True,1,0,0.0,27,4,10,True
27595,México,—,Oro,True,False,True,28,16,7053.0,10,5,4,True
27596,Colombia,Popayán,Bronce,False,False,False,6,4,2165.0,43,9,6,False
27597,Colombia,Manizales,Bronce,False,True,False,4,3,1517.0,42,18,9,False
27598,Colombia,Medellín,Bronce,True,True,False,7,6,3223.0,9,8,7,False
27599,Uruguay,—,Bronce,True,True,True,0,0,0.0,28,3,9,True
27600,México,—,Bronce,True,True,True,1,0,0.0,29,2,9,True
27601,Uruguay,—,Bronce,True,True,True,1,0,0.0,33,9,6,False
27602,Colombia,Otras ciudades,Bronce,False,False,True,3,1,405.0,6,3,10,True
27603,Colombia,Bogotá D.C.,Plata,True,False,True,15,10,5975.0,10,14,5,False
27604,México,—,Bronce,False,True,True,0,0,0.0,5,0,7,True
27605,Colombia,Otras ciudades,Bronce,True,True,False,0,0,0.0,22,0,10,True
27606,Colombia,Bogotá D.C.,Plata,True,True,True,22,14,6943.0,16,8,10,False
27607,Colombia,Cartagena,Bronce,True,False,False,3,2,1069.0,2,5,6,True
27608,Colombia,Cúcuta,Bronce,False,True,True,4,3,1357.0,46,2,0,True
27609,Colombia,Bogotá D.C.,Bronce,False,False,True,2,1,503.0,25,6,10,True
27610,Colombia,Villavicencio,Bronce,False,True,True,0,0,0.0,102,5,10,True
27611,Colombia,Bogotá D.C.,Bronce,True,False,False,0,0,0.0,40,5,7,True
27612,Colombia,Otras ciudades,Bronce,True,False,True,0,0,0.0,32,11,10,False
27613,Uruguay,—,Bronce,False,False,True,4,3,2002.0,27,2,5,True
27614,Uruguay,—,Bronce,True,False,False,0,0,0.0,24,0,6,True
27615,Colombia,Bogotá D.C.,Plata,False,False,True,12,9,4848.0,70,9,3,False
27616,Colombia,Barranquilla,Bronce,False,True,True,2,1,527.0,10,4,10,True
27617,Colombia,Bogotá D.C.,Bronce,True,False,True,4,3,1507.0,16,4,8,True
27618,Colombia,Bogotá D.C.,Bronce,True,False,True,0,0,0.0,11,5,5,True
27619,México,—,Bronce,False,False,True,0,0,0.0,25,9,10,False
27620,Colombia,Medellín,Plata,True,False,True,13,8,3622.0,67,6,3,True
27621,Ecuador,—,Bronce,True,False,False,4,3,1503.0,47,6,8,True
27622,México,—,Bronce,True,False,True,0,0,0.0,35,8,7,False
27623,Colombia,Bogotá D.C.,Bronce,True,False,True,0,0,0.0,65,2,9,True
27624,Colombia,Bogotá D.C.,Bronce,False,False,True,0,0,0.0,14,2,8,True
27625,Colombia,Villavicencio,Bronce,True,False,True,0,0,0.0,14,4,8,True
27626,Colombia,Cali,Bronce,True,False,True,1,0,0.0,7,2,3,True
27627,Colombia,Cali,Bronce,False,False,True,1,0,0.0,24,1,8,True
27628,Colombia,Cali,Bronce,True,True,True,1,0,0.0,4,7,9,False
27629,Colombia,Manizales,Bronce,False,True,True,4,3,1468.0,101,3,6,True
27630,México,—,Bronce,False,True,True,2,1,453.0,12,19,7,False
27631,México,—,Bronce,True,True,False,4,3,873.0,14,12,7,False
27632,Colombia,Bogotá D.C.,Platino,False,False,True,129,83,42518.0,13,7,9,False
27633,Colombia,Cartagena,Bronce,True,False,True,0,0,0.0,68,8,6,False
27634,Colombia,Barranquilla,Bronce,False,False,False,3,2,931.0,67,3,4,True
27635,Colombia,Pasto,Bronce,False,False,True,1,0,0.0,17,11,9,False
27636,Colombia,Bogotá D.C.,Bronce,False,False,True,5,2,832.0,21,4,7,True
27637,Ecuador,—,Bronce,True,False,True,1,0,0.0,41,8,3,False
27638,Colombia,Cali,Plata,False,False,False,17,13,7315.0,8,1,10,True
27639,Colombia,Bogotá D.C.,Bronce,False,True,True,1,0,0.0,1,6,10,True
27640,Ecuador,—,Plata,True,False,True,9,5,2196.0,24,0,8,True
27641,Colombia,Montería,Bronce,False,True,False,1,0,0.0,50,0,7,True
27642,Colombia,Otras ciudades,Bronce,False,True,False,0,0,0.0,11,7,7,False
27643,Colombia,Bogotá D.C.,Bronce,False,True,False,1,0,0.0,19,13,8,False
27644,Colombia,Cali,Bronce,False,False,False,0,0,0.0,16,1,7,True
27645,Colombia,Bogotá D.C.,Plata,True,False,True,9,8,3293.0,6,4,6,True
27646,Colombia,Bogotá D.C.,Bronce,False,False,True,0,0,0.0,53,7,6,False
27647,México,—,Bronce,False,False,True,1,0,0.0,83,14,10,False
27648,Colombia,Bucaramanga,Bronce,False,False,True,1,0,0.0,14,1,6,True
27649,Colombia,Medellín,Bronce,False,False,True,0,0,0.0,29,3,5,True
27650,Ecuador,—,Bronce,False,False,True,2,1,387.0,6,2,7,True
27651,Colombia,Manizales,Bronce,False,False,False,0,0,0.0,19,4,7,True
27652,Ecuador,—,Bronce,False,True,True,2,1,429.0,23,8,9,False
27653,Colombia,Barranquilla,Bronce,False,False,True,0,0,0.0,6,1,10,True
27654,Uruguay,—,Bronce,True,False,True,0,0,0.0,24,1,8,True
27655,México,—,Bronce,False,False,False,3,2,1047.0,22,5,10,True
27656,México,—,Bronce,False,True,True,1,0,0.0,5,7,8,False
27657,Colombia,Bogotá D.C.,Plata,False,False,True,16,12,8819.0,3,11,10,False
27658,Ecuador,—,Bronce,False,False,True,1,0,0.0,5,2,5,True
27659,Colombia,Bucaramanga,Bronce,False,True,True,6,5,2726.0,17,12,2,False
27660,México,—,Bronce,True,False,True,1,0,0.0,24,17,8,False
27661,Uruguay,—,Bronce,False,True,True,2,1,373.0,2,1,8,True
27662,Colombia,Bogotá D.C.,Bronce,True,True,True,0,0,0.0,22,1,8,True
27663,Ecuador,—,Bronce,False,True,False,0,0,0.0,2,8,6,False
27664,México,—,Plata,True,False,False,15,11,7793.0,83,12,8,False
27665,Colombia,Pasto,Bronce,False,False,True,4,3,1775.0,32,6,7,True
27666,Uruguay,—,Bronce,True,False,True,3,2,1027.0,57,1,3,True
27667,Ecuador,—,Bronce,False,True,True,6,4,1593.0,18,4,8,True
27668,México,—,Bronce,True,False,False,1,0,0.0,8,2,5,True
27669,Ecuador,—,Bronce,True,False,True,0,0,0.0,10,7,8,False
27670,Uruguay,—,Bronce,True,True,True,1,0,0.0,46,9,7,False
27671,Colombia,Bogotá D.C.,Bronce,False,True,True,0,0,0.0,2,1,8,True
27672,Ecuador,—,Bronce,True,False,True,2,1,457.0,25,7,10,False
27673,México,—,Bronce,False,False,True,0,0,0.0,44,9,8,False
27674,Colombia,Bogotá D.C.,Plata,True,False,True,12,7,2945.0,77,9,9,False
27675,México,—,Bronce,False,True,True,1,0,0.0,22,6,9,True
27676,Colombia,Santa Marta,Plata,False,False,True,9,7,3163.0,31,1,4,True
27677,México,—,Bronce,False,True,True,2,1,355.0,65,19,7,False
27678,México,—,Bronce,False,True,False,0,0,0.0,21,4,8,True
27679,Ecuador,—,Bronce,True,False,True,3,2,901.0,30,3,7,True
27680,Colombia,Bogotá D.C.,Bronce,True,False,True,3,2,1011.0,38,7,3,False
27681,México,—,Plata,False,False,True,9,8,3512.0,11,2,9,True
27682,Colombia,Bogotá D.C.,Bronce,True,True,True,7,6,2047.0,5,3,8,True
27683,México,—,Bronce,False,False,False,0,0,0.0,32,9,9,False
27684,Perú,—,Bronce,False,True,True,2,1,564.0,42,13,7,False
27685,Colombia,Cali,Bronce,False,False,True,0,0,0.0,19,11,10,False
27686,Colombia,Bogotá D.C.,Bronce,False,False,True,1,0,0.0,14,2,8,True
27687,Colombia,Medellín,Bronce,True,False,True,0,0,0.0,37,4,7,True
27688,Colombia,Medellín,Bronce,True,False,True,2,1,473.0,3,4,10,True
27689,Colombia,Bogotá D.C.,Bronce,True,False,True,1,0,0.0,9,1,8,True
27690,Colombia,Sincelejo,Bronce,False,False,True,0,0,0.0,64,0,7,True
27691,Colombia,Armenia,Bronce,True,True,True,1,0,0.0,84,8,10,False
27692,Ecuador,—,Bronce,False,False,True,5,3,1359.0,1,4,5,True
27693,Ecuador,—,Bronce,False,False,True,0,0,0.0,41,6,7,True
27694,Perú,—,Bronce,True,False,True,4,3,1838.0,13,12,10,False
27695,México,—,Bronce,True,True,True,0,0,0.0,33,16,7,False
27696,Colombia,Medellín,Bronce,True,True,True,0,0,0.0,69,5,8,True
27697,Perú,—,Bronce,False,False,False,2,1,288.0,21,11,7,False
27698,Uruguay,—,Bronce,True,False,True,1,0,0.0,15,4,6,True
27699,México,—,Bronce,True,False,True,2,1,594.0,11,0,5,True
27700,Uruguay,—,Bronce,True,False,True,4,3,1043.0,18,9,5,False
27701,Perú,—,Bronce,False,True,True,5,4,2724.0,20,2,6,True
27702,Colombia,Neiva,Bronce,True,False,False,0,0,0.0,2,3,10,True
27703,Uruguay,—,Bronce,True,True,True,3,2,584.0,55,3,6,True
27704,Colombia,Bogotá D.C.,Bronce,False,False,True,0,0,0.0,5,11,5,False
27705,Perú,—,Bronce,True,True,True,1,0,0.0,9,0,4,True
27706,Colombia,Cali,Bronce,False,False,True,1,0,0.0,30,2,7,True
27707,Colombia,Manizales,Bronce,True,False,True,2,1,509.0,34,7,6,False
27708,Colombia,Barranquilla,Bronce,False,False,True,0,0,0.0,14,1,10,True
27709,Colombia,Bogotá D.C.,Bronce,False,False,True,0,0,0.0,81,3,8,True
27710,Uruguay,—,Plata,False,True,False,13,11,5216.0,25,18,10,False
27711,Colombia,Bogotá D.C.,Bronce,False,False,True,1,0,0.0,49,2,6,True
27712,México,—,Bronce,False,True,True,1,0,0.0,35,1,10,True
27713,Colombia,Manizales,Bronce,False,False,True,1,0,0.0,9,3,4,True
27714,Colombia,Bogotá D.C.,Bronce,False,False,False,2,1,532.0,57,0,3,True
27715,México,—,Bronce,False,False,True,5,3,1918.0,36,3,3,True
27716,Ecuador,—,Bronce,True,False,True,3,1,466.0,4,15,7,False
27717,Colombia,Otras ciudades,Bronce,True,False,True,0,0,0.0,9,0,8,True
27718,México,—,Oro,False,False,True,57,43,30405.0,34,4,7,True
27719,Colombia,Cali,Bronce,True,False,True,0,0,0.0,17,8,7,False
27720,Colombia,Cúcuta,Bronce,True,False,True,3,2,1310.0,6,1,5,True
27721,Colombia,Bogotá D.C.,Plata,False,False,True,12,9,5078.0,8,21,9,False
27722,Colombia,Pereira,Bronce,True,False,False,4,2,1330.0,17,9,8,False
27723,Colombia,Bogotá D.C.,Bronce,True,True,True,0,0,0.0,43,18,8,False
27724,Colombia,Bogotá D.C.,Bronce,True,True,True,2,1,562.0,11,13,9,False
27725,México,—,Bronce,False,False,True,0,0,0.0,62,5,5,True
27726,Colombia,Bogotá D.C.,Bronce,True,False,True,0,0,0.0,5,1,10,True
27727,Colombia,Villavicencio,Bronce,False,False,False,0,0,0.0,11,7,6,False
27728,Uruguay,—,Bronce,True,False,True,4,3,1177.0,24,0,5,True
27729,Colombia,Bogotá D.C.,Bronce,True,False,False,0,0,0.0,20,2,7,True
27730,México,—,Bronce,False,True,True,2,1,383.0,11,0,9,True
27731,Colombia,Bucaramanga,Bronce,False,False,True,0,0,0.0,10,2,9,True
27732,Colombia,Medellín,Bronce,False,False,True,2,1,605.0,20,6,7,True
27733,Colombia,Bogotá D.C.,Bronce,True,False,True,0,0,0.0,93,3,6,True
27734,Colombia,Armenia,Bronce,False,False,True,2,1,445.0,92,8,7,False
27735,Colombia,Bogotá D.C.,Bronce,True,False,True,0,0,0.0,78,1,6,True
27736,México,—,Bronce,False,False,True,2,1,459.0,23,12,4,False
27737,Colombia,Barranquilla,Bronce,False,True,False,0,0,0.0,5,6,7,True
27738,Colombia,Otras ciudades,Bronce,False,False,True,2,1,354.0,39,5,10,True
27739,Colombia,Otras ciudades,Bronce,True,False,True,0,0,0.0,18,10,7,False
27740,Colombia,Bucaramanga,Bronce,False,False,True,1,0,0.0,11,11,6,False
27741,Colombia,Cali,Bronce,False,True,True,0,0,0.0,4,12,9,False
27742,Colombia,Bogotá D.C.,Bronce,True,True,True,2,1,498.0,18,4,10,True
27743,Colombia,Bogotá D.C.,Bronce,True,True,True,7,6,3717.0,35,6,6,True
27744,Colombia,Bogotá D.C.,Bronce,False,False,False,0,0,0.0,11,6,6,True
27745,Colombia,Bogotá D.C.,Bronce,False,False,True,5,3,1722.0,12,3,8,True
27746,Colombia,Barranquilla,Bronce,True,True,True,4,3,1776.0,45,6,10,True
27747,Colombia,Medellín,Bronce,True,False,True,3,2,1259.0,35,9,10,False
27748,Uruguay,—,Bronce,True,False,True,1,0,0.0,15,1,7,True
27749,Ecuador,—,Plata,False,False,True,15,11,5622.0,24,5,4,True
27750,Colombia,Cali,Bronce,False,False,True,0,0,0.0,21,5,6,True
27751,México,—,Bronce,True,True,True,0,0,0.0,12,7,7,False
27752,Ecuador,—,Bronce,True,True,True,0,0,0.0,20,13,5,False
27753,Colombia,Ibagué,Bronce,False,False,True,0,0,0.0,37,3,5,True
27754,Colombia,Cartagena,Bronce,True,True,True,1,0,0.0,20,11,8,False
27755,Colombia,Bogotá D.C.,Bronce,False,False,True,0,0,0.0,7,1,9,True
27756,Perú,—,Bronce,True,False,True,3,2,1184.0,19,6,10,True
27757,Colombia,Manizales,Bronce,False,False,True,0,0,0.0,56,7,6,False
27758,Colombia,Bogotá D.C.,Bronce,False,False,False,4,3,1777.0,3,3,9,True
27759,Colombia,Otras ciudades,Plata,True,False,True,18,11,5440.0,32,2,8,True
27760,Colombia,Cartagena,Bronce,True,False,True,1,0,0.0,24,0,9,True
27761,Colombia,Bogotá D.C.,Bronce,True,True,True,0,0,0.0,2,7,7,False
27762,Colombia,Ibagué,Bronce,False,False,True,0,0,0.0,49,4,8,True
27763,México,—,Bronce,True,True,True,2,1,588.0,26,9,10,False
27764,Colombia,Bogotá D.C.,Bronce,False,False,True,0,0,0.0,37,9,10,False
27765,Colombia,Ibagué,Bronce,False,True,True,0,0,0.0,40,6,6,True
27766,Colombia,Armenia,Bronce,True,True,True,7,5,2866.0,5,9,9,False
27767,Chile,—,Bronce,False,False,True,1,0,0.0,23,5,10,True
27768,Colombia,Bogotá D.C.,Bronce,True,False,True,1,0,0.0,48,7,1,False
27769,Colombia,Montería,Bronce,True,False,True,1,0,0.0,30,5,5,True
27770,México,—,Oro,False,False,True,27,17,9205.0,76,1,6,True
27771,Colombia,Bogotá D.C.,Bronce,False,False,True,0,0,0.0,65,1,6,True
27772,Colombia,Cartagena,Bronce,False,False,True,0,0,0.0,13,8,4,False
27773,Colombia,Bogotá D.C.,Bronce,False,False,True,7,5,2289.0,53,7,8,False
27774,México,—,Bronce,True,True,True,1,0,0.0,14,11,5,False
27775,Colombia,Medellín,Bronce,False,True,True,2,1,463.0,16,2,7,True
27776,Colombia,Bogotá D.C.,Bronce,True,False,False,0,0,0.0,23,13,6,False
27777,Colombia,Medellín,Bronce,False,False,True,3,1,649.0,25,9,6,False
27778,Colombia,Bogotá D.C.,Bronce,False,False,False,0,0,0.0,11,3,7,True
27779,Chile,—,Bronce,False,False,True,3,2,832.0,64,10,10,False
27780,Chile,—,Bronce,False,False,True,1,0,0.0,14,1,6,True
27781,México,—,Bronce,True,True,True,0,0,0.0,12,9,5,False
27782,Colombia,Bogotá D.C.,Bronce,True,False,True,2,1,606.0,31,8,7,False
27783,Colombia,Bogotá D.C.,Bronce,False,False,True,0,0,0.0,7,7,10,False
27784,Colombia,Cali,Plata,False,True,True,9,5,2885.0,27,5,4,True
27785,Colombia,Bogotá D.C.,Oro,False,False,True,41,26,12409.0,20,7,5,False
27786,Colombia,Barranquilla,Plata,False,False,False,10,7,3604.0,8,2,7,True
27787,México,—,Bronce,True,True,True,6,3,1837.0,6,6,8,True
27788,México,—,Bronce,False,False,True,0,0,0.0,43,6,4,True
27789,Colombia,Pereira,Bronce,True,False,True,1,0,0.0,46,3,6,True
27790,Colombia,Cali,Bronce,False,False,True,6,4,2442.0,36,1,7,True
27791,Colombia,Bogotá D.C.,Bronce,False,False,True,1,0,0.0,3,13,5,False
27792,México,—,Bronce,False,False,True,0,0,0.0,56,9,9,False
27793,México,—,Bronce,False,True,True,2,1,547.0,21,16,8,False
27794,Colombia,Bogotá D.C.,Bronce,False,False,True,1,0,0.0,54,1,10,True
27795,Colombia,Cali,Bronce,False,False,False,0,0,0.0,11,11,10,False
27796,Colombia,Bucaramanga,Bronce,False,False,True,0,0,0.0,59,4,10,True
27797,Ecuador,—,Bronce,False,False,False,4,3,1390.0,69,9,8,False
27798,Colombia,Cartagena,Bronce,False,False,False,0,0,0.0,52,13,4,False
27799,Colombia,Manizales,Bronce,True,False,True,1,0,0.0,33,11,7,False
27800,Colombia,Otras ciudades,Bronce,False,True,False,0,0,0.0,51,1,10,True
27801,Colombia,Cali,Bronce,True,True,False,2,1,412.0,5,6,9,True
27802,Colombia,Bogotá D.C.,Bronce,False,True,False,1,0,0.0,15,0,8,True
27803,Colombia,Pereira,Bronce,True,True,True,0,0,0.0,27,1,7,True
27804,Colombia,Bucaramanga,Bronce,False,True,True,0,0,0.0,37,1,6,True
27805,Colombia,Bucaramanga,Bronce,True,True,True,1,0,0.0,7,3,9,True
27806,México,—,Bronce,False,True,True,0,0,0.0,12,4,8,True
27807,Colombia,Neiva,Plata,True,False,False,13,8,4011.0,19,4,7,True
27808,Colombia,Bogotá D.C.,Bronce,False,True,True,1,0,0.0,20,0,8,True
27809,Colombia,Bogotá D.C.,Bronce,False,False,True,4,3,1859.0,57,8,8,False
27810,Colombia,Medellín,Bronce,False,False,True,0,0,0.0,8,5,6,True
27811,Uruguay,—,Bronce,False,True,True,3,1,502.0,21,8,8,False
27812,Ecuador,—,Bronce,True,True,True,0,0,0.0,20,3,10,True
27813,Colombia,Otras ciudades,Bronce,False,False,True,0,0,0.0,27,6,6,True
27814,Colombia,Otras ciudades,Bronce,True,False,False,3,2,1177.0,15,1,6,True
27815,Colombia,Pereira,Bronce,True,False,False,0,0,0.0,13,11,3,False
27816,Colombia,Cartagena,Bronce,False,False,True,2,1,591.0,6,5,3,True
27817,Ecuador,—,Bronce,False,True,True,0,0,0.0,57,4,10,True
27818,México,—,Oro,False,True,True,57,36,26175.0,52,8,10,False
27819,Colombia,Bogotá D.C.,Bronce,False,False,False,1,0,0.0,17,16,7,False
27820,Colombia,Bogotá D.C.,Bronce,True,True,True,0,0,0.0,11,0,7,True
27821,Colombia,Bogotá D.C.,Bronce,False,True,True,1,0,0.0,37,1,10,True
27822,Colombia,Santa Marta,Bronce,False,True,True,0,0,0.0,26,6,8,True
27823,México,—,Bronce,False,False,True,3,1,375.0,18,6,6,True
27824,Colombia,Bogotá D.C.,Bronce,False,False,False,1,0,0.0,1,1,5,True
27825,Ecuador,—,Bronce,True,True,True,0,0,0.0,22,10,7,False
27826,Ecuador,—,Bronce,True,False,False,2,1,599.0,16,5,10,True
27827,Colombia,Pasto,Bronce,False,False,True,0,0,0.0,21,4,7,True
27828,Colombia,Bucaramanga,Plata,False,False,True,13,11,4388.0,110,4,4,True
27829,México,—,Bronce,False,False,True,4,3,1776.0,8,5,9,True
27830,México,—,Bronce,True,False,True,1,0,0.0,29,4,2,True
27831,Colombia,Santa Marta,Bronce,True,False,True,3,2,1054.0,17,13,4,False
27832,Colombia,Cartagena,Bronce,True,True,True,4,3,1557.0,14,5,7,True
27833,Colombia,Bogotá D.C.,Bronce,False,False,False,4,3,1221.0,32,11,4,False
27834,Colombia,Otras ciudades,Bronce,False,False,True,3,2,1109.0,1,18,4,False
27835,Uruguay,—,Bronce,True,True,False,0,0,0.0,26,7,5,False
27836,Colombia,Santa Marta,Bronce,True,False,True,0,0,0.0,10,8,10,False
27837,Ecuador,—,Bronce,True,False,True,3,2,1128.0,9,6,5,True
27838,Colombia,Bogotá D.C.,Bronce,True,True,True,0,0,0.0,15,2,9,True
27839,Colombia,Bogotá D.C.,Bronce,True,True,True,0,0,0.0,41,2,7,True
27840,Colombia,Bogotá D.C.,Bronce,False,False,True,2,1,275.0,17,3,3,True
27841,Colombia,Bogotá D.C.,Bronce,False,False,True,5,4,1286.0,11,7,5,False
27842,México,—,Bronce,True,False,True,1,0,0.0,40,0,6,True
27843,Colombia,Cali,Plata,False,False,True,8,5,3593.0,34,6,5,True
27844,México,—,Bronce,True,True,False,0,0,0.0,15,12,9,False
27845,Colombia,Bogotá D.C.,Bronce,True,False,False,0,0,0.0,17,21,5,False
27846,Uruguay,—,Bronce,False,False,True,0,0,0.0,16,11,10,False
27847,Colombia,Cali,Bronce,True,False,True,1,0,0.0,48,8,3,False
27848,Colombia,Otras ciudades,Bronce,False,False,False,1,0,0.0,19,1,5,True
27849,Perú,—,Platino,True,False,True,106,76,38804.0,9,2,9,True
27850,Colombia,Bogotá D.C.,Platino,True,False,True,72,49,24424.0,28,2,8,True
27851,Colombia,Bogotá D.C.,Plata,False,False,True,17,15,8351.0,28,6,7,True
27852,Colombia,Bogotá D.C.,Bronce,False,True,False,7,6,2866.0,14,10,7,False
27853,Ecuador,—,Oro,False,False,True,39,28,14495.0,34,2,8,True
27854,Colombia,Ibagué,Bronce,False,False,True,1,0,0.0,7,6,9,True
27855,Ecuador,—,Bronce,False,False,True,0,0,0.0,53,11,8,False
27856,Colombia,Neiva,Bronce,True,True,True,0,0,0.0,118,10,10,False
27857,Perú,—,Bronce,True,False,True,0,0,0.0,3,0,10,True
27858,Colombia,Pereira,Bronce,False,False,True,6,4,2440.0,29,13,6,False
27859,Colombia,Bogotá D.C.,Bronce,False,False,True,6,4,2188.0,9,3,9,True
27860,Colombia,Cartagena,Bronce,True,False,True,4,3,1282.0,9,8,9,False
27861,Colombia,Medellín,Plata,False,True,False,19,13,6126.0,34,2,5,True
27862,México,—,Bronce,False,False,True,5,3,1575.0,4,6,9,True
27863,Colombia,Barranquilla,Bronce,False,False,True,3,1,565.0,4,4,10,True
27864,Colombia,Armenia,Plata,False,True,True,16,12,6794.0,145,8,7,False
27865,Colombia,Medellín,Bronce,True,False,False,1,0,0.0,11,12,10,False
27866,Colombia,Bogotá D.C.,Bronce,False,False,True,5,4,1814.0,51,6,6,True
27867,Colombia,Bogotá D.C.,Bronce,True,False,True,2,1,573.0,14,2,10,True
27868,Colombia,Medellín,Bronce,True,False,True,0,0,0.0,4,0,8,True
27869,Colombia,Bogotá D.C.,Bronce,False,False,False,7,6,4299.0,69,4,6,True
27870,Colombia,Otras ciudades,Bronce,False,False,True,0,0,0.0,30,4,7,True
27871,Colombia,Manizales,Bronce,False,False,True,7,5,2707.0,25,1,5,True
27872,Colombia,Cali,Bronce,False,True,False,1,0,0.0,33,10,5,False
27873,Colombia,Medellín,Bronce,True,False,True,1,0,0.0,106,5,6,True
27874,Colombia,Medellín,Bronce,False,False,True,0,0,0.0,15,12,5,False
27875,México,—,Bronce,False,False,False,0,0,0.0,62,9,5,False
27876,Colombia,Cali,Bronce,True,False,True,0,0,0.0,68,4,8,True
27877,Colombia,Medellín,Bronce,True,False,False,7,5,2349.0,10,5,6,True
27878,México,—,Bronce,False,True,False,0,0,0.0,41,1,10,True
27879,Colombia,Bogotá D.C.,Bronce,False,False,True,2,1,325.0,19,0,7,True
27880,Ecuador,—,Bronce,True,True,True,2,1,390.0,21,1,7,True
27881,Colombia,Neiva,Bronce,True,False,True,0,0,0.0,26,9,10,False
27882,Ecuador,—,Bronce,False,False,True,0,0,0.0,28,2,10,True
27883,Colombia,Villavicencio,Bronce,False,True,True,1,0,0.0,9,6,9,True
27884,Colombia,Valledupar,Bronce,False,False,True,3,2,961.0,2,3,5,True
27885,México,—,Bronce,False,False,True,6,4,1294.0,18,6,8,True
27886,Colombia,Bogotá D.C.,Bronce,False,False,True,6,4,2460.0,46,1,6,True
27887,Ecuador,—,Bronce,False,False,True,3,2,930.0,18,8,9,False
27888,Colombia,Bogotá D.C.,Bronce,False,False,False,0,0,0.0,18,3,5,True
27889,Colombia,Pereira,Bronce,True,True,True,2,1,524.0,17,2,10,True
27890,Perú,—,Bronce,False,False,False,3,2,926.0,28,1,5,True
27891,Colombia,Medellín,Bronce,True,True,True,0,0,0.0,38,4,7,True
27892,México,—,Bronce,False,True,False,2,1,382.0,106,5,7,True
27893,Colombia,Bogotá D.C.,Bronce,True,False,True,1,0,0.0,24,4,4,True
27894,Colombia,Armenia,Bronce,False,False,True,1,0,0.0,47,2,10,True
27895,Colombia,Barranquilla,Bronce,False,True,True,2,1,471.0,37,2,7,True
27896,México,—,Bronce,True,False,True,0,0,0.0,41,6,9,True
27897,Colombia,Medellín,Bronce,True,False,True,3,1,383.0,40,11,4,False
27898,México,—,Platino,True,False,False,152,128,58879.0,14,0,8,True
27899,Ecuador,—,Bronce,False,False,False,0,0,0.0,14,7,8,False
27900,Colombia,Ibagué,Bronce,False,True,True,0,0,0.0,44,7,6,False
27901,Colombia,Bogotá D.C.,Bronce,False,False,True,2,1,438.0,23,5,9,True
27902,México,—,Bronce,True,False,True,2,1,510.0,31,1,9,True
27903,Colombia,Bogotá D.C.,Bronce,False,False,True,0,0,0.0,21,18,4,False
27904,Colombia,Santa Marta,Bronce,True,False,True,1,0,0.0,13,7,3,False
27905,Colombia,Ibagué,Bronce,False,True,True,6,4,2146.0,19,6,4,True
27906,México,—,Bronce,False,True,False,0,0,0.0,6,8,4,False
27907,Chile,—,Bronce,True,False,True,1,0,0.0,6,12,7,False
27908,México,—,Bronce,False,True,False,0,0,0.0,19,1,8,True
27909,Colombia,Bogotá D.C.,Bronce,False,False,True,0,0,0.0,16,1,6,True
27910,Colombia,Cali,Bronce,False,True,True,0,0,0.0,20,2,5,True
27911,Uruguay,—,Bronce,True,False,True,3,2,790.0,1,0,4,True
27912,México,—,Bronce,True,True,False,0,0,0.0,52,2,10,True
27913,México,—,Bronce,False,True,False,2,1,366.0,76,7,10,False
27914,Colombia,Cali,Bronce,False,False,True,0,0,0.0,24,5,7,True
27915,Colombia,Otras ciudades,Bronce,False,False,False,0,0,0.0,6,0,4,True
27916,Perú,—,Bronce,True,False,False,1,0,0.0,53,4,6,True
27917,Ecuador,—,Bronce,False,False,True,0,0,0.0,58,1,5,True
27918,Chile,—,Bronce,True,False,True,2,1,449.0,26,5,7,True
27919,Perú,—,Plata,True,True,True,8,5,2935.0,23,7,5,False
27920,Colombia,Medellín,Bronce,True,False,True,2,1,612.0,11,6,10,True
27921,Perú,—,Platino,True,False,True,70,54,39127.0,37,2,7,True
27922,Colombia,Medellín,Bronce,True,True,True,0,0,0.0,40,1,5,True
27923,Ecuador,—,Bronce,True,False,False,2,1,448.0,2,29,9,False
27924,Ecuador,—,Bronce,False,False,False,0,0,0.0,26,5,7,True
27925,Colombia,Cartagena,Bronce,True,False,True,1,0,0.0,34,8,7,False
27926,Ecuador,—,Bronce,True,True,True,2,1,303.0,41,7,5,False
27927,México,—,Bronce,True,True,True,0,0,0.0,2,1,6,True
27928,Colombia,Bogotá D.C.,Bronce,False,False,True,7,6,3064.0,16,4,10,True
27929,México,—,Bronce,False,False,False,0,0,0.0,15,2,3,True
27930,Uruguay,—,Bronce,True,False,True,0,0,0.0,3,1,9,True
27931,Colombia,Cartagena,Bronce,False,True,True,3,2,1145.0,42,8,7,False
27932,Uruguay,—,Bronce,False,True,True,1,0,0.0,61,7,8,False
27933,Chile,—,Bronce,True,False,True,1,0,0.0,58,1,5,True
27934,Colombia,Cali,Bronce,True,False,True,1,0,0.0,16,3,10,True
27935,Colombia,Medellín,Bronce,False,False,True,1,0,0.0,57,0,4,True
27936,México,—,Bronce,True,False,True,0,0,0.0,16,5,7,True
27937,Colombia,Armenia,Bronce,True,False,True,0,0,0.0,5,6,7,True
27938,Colombia,Barranquilla,Bronce,False,True,True,0,0,0.0,23,6,9,True
27939,Colombia,Bogotá D.C.,Bronce,True,False,False,1,0,0.0,12,6,8,True
27940,Colombia,Cúcuta,Bronce,False,False,True,0,0,0.0,26,0,5,True
27941,México,—,Bronce,False,False,False,1,0,0.0,65,3,5,True
27942,Colombia,Popayán,Bronce,True,True,True,1,0,0.0,21,13,10,False
27943,Colombia,Bogotá D.C.,Bronce,True,False,True,0,0,0.0,1,7,3,False
27944,Colombia,Cúcuta,Bronce,False,False,True,0,0,0.0,38,6,6,True
27945,Colombia,Medellín,Oro,True,False,True,37,26,14417.0,13,1,5,True
27946,Colombia,Bogotá D.C.,Plata,False,True,True,9,8,2821.0,8,5,4,True
27947,Colombia,Cali,Bronce,False,False,False,7,5,3381.0,7,2,7,True
27948,Chile,—,Bronce,True,True,True,1,0,0.0,32,4,8,True
27949,Colombia,Cali,Bronce,True,True,True,0,0,0.0,20,4,7,True
27950,Ecuador,—,Bronce,False,True,False,0,0,0.0,31,4,10,True
27951,Colombia,Barranquilla,Bronce,False,True,True,2,1,474.0,55,1,8,True
27952,Colombia,Cúcuta,Bronce,False,False,True,7,4,1820.0,25,1,7,True
27953,Colombia,Cali,Bronce,False,False,True,3,1,474.0,2,7,9,False
27954,Colombia,Barranquilla,Bronce,True,False,True,2,1,471.0,9,9,9,False
27955,Perú,—,Bronce,False,False,True,4,2,1301.0,43,1,9,True
27956,Colombia,Cúcuta,Bronce,False,False,False,1,0,0.0,35,7,6,False
27957,Colombia,Cali,Oro,True,False,True,39,25,9782.0,18,3,6,True
27958,Colombia,Santa Marta,Bronce,True,False,False,0,0,0.0,18,8,3,False
27959,Ecuador,—,Bronce,False,False,True,2,1,568.0,38,5,10,True
27960,México,—,Bronce,False,True,True,0,0,0.0,80,7,7,False
27961,Colombia,Otras ciudades,Bronce,True,False,True,1,0,0.0,24,14,5,False
27962,Colombia,Bogotá D.C.,Bronce,False,False,True,3,1,677.0,47,0,8,True
27963,Colombia,Sincelejo,Bronce,False,False,True,1,0,0.0,10,2,10,True
27964,Colombia,Bogotá D.C.,Bronce,True,False,True,1,0,0.0,17,7,8,False
27965,Colombia,Manizales,Bronce,False,False,True,1,0,0.0,5,2,10,True
27966,Colombia,Barranquilla,Bronce,True,False,True,0,0,0.0,19,9,8,False
27967,México,—,Bronce,False,False,True,2,1,503.0,8,1,6,True
27968,Colombia,Cali,Bronce,False,False,True,0,0,0.0,32,2,10,True
27969,Ecuador,—,Bronce,False,True,True,2,1,455.0,9,8,5,False
27970,Colombia,Otras ciudades,Plata,False,True,True,8,6,3202.0,5,12,6,False
27971,México,—,Plata,True,False,True,8,4,2456.0,36,1,2,True
27972,Colombia,Medellín,Bronce,False,False,True,1,0,0.0,4,5,8,True
27973,México,—,Bronce,True,True,True,6,5,2251.0,5,18,6,False
27974,Uruguay,—,Oro,True,False,False,33,24,15418.0,19,5,6,True
27975,Colombia,Cali,Bronce,False,False,True,1,0,0.0,55,0,4,True
27976,Colombia,Medellín,Plata,False,False,True,8,6,2427.0,4,0,5,True
27977,Colombia,Medellín,Platino,False,False,True,308,287,122548.0,40,8,8,False
27978,Ecuador,—,Bronce,True,False,True,0,0,0.0,42,2,9,True
27979,México,—,Bronce,False,True,True,0,0,0.0,21,7,4,False
27980,Colombia,Bogotá D.C.,Bronce,True,False,True,6,4,1302.0,32,4,9,True
27981,Ecuador,—,Bronce,False,True,True,6,4,2336.0,2,13,9,False
27982,México,—,Bronce,False,False,True,0,0,0.0,16,7,7,False
27983,Colombia,Bogotá D.C.,Bronce,True,True,True,1,0,0.0,23,13,7,False
27984,Colombia,Cartagena,Bronce,False,False,True,0,0,0.0,52,2,10,True
27985,Colombia,Barranquilla,Plata,False,False,True,12,7,4022.0,44,3,8,True
27986,Colombia,Medellín,Bronce,False,False,True,0,0,0.0,37,13,10,False
27987,Colombia,Barranquilla,Bronce,False,True,False,2,1,322.0,10,1,10,True
27988,Colombia,Medellín,Plata,True,True,True,11,8,4515.0,14,2,7,True
27989,Colombia,Bogotá D.C.,Bronce,True,False,True,0,0,0.0,26,2,9,True
27990,Colombia,Otras ciudades,Plata,True,False,True,8,5,1960.0,23,4,2,True
27991,Colombia,Medellín,Bronce,False,True,True,0,0,0.0,74,10,6,False
27992,Perú,—,Plata,True,False,True,9,7,4302.0,36,10,8,False
27993,Colombia,Cartagena,Bronce,False,True,True,2,1,370.0,28,2,7,True
27994,Colombia,Cartagena,Bronce,False,False,True,2,1,501.0,11,0,5,True
27995,Perú,—,Bronce,False,False,True,2,1,463.0,33,0,3,True
27996,Colombia,Villavicencio,Bronce,True,False,True,2,1,337.0,9,12,4,False
27997,México,—,Bronce,True,False,True,5,3,1234.0,42,1,3,True
27998,Colombia,Cali,Bronce,False,True,False,0,0,0.0,18,4,10,True
27999,Colombia,Cartagena,Bronce,False,False,True,1,0,0.0,35,8,8,False
28000,Perú,—,Bronce,True,False,True,0,0,0.0,4,1,10,True
28001,México,—,Bronce,False,False,True,0,0,0.0,22,1,8,True
28002,Colombia,Cali,Platino,False,False,True,400,335,146191.0,10,4,4,True
28003,Colombia,Bogotá D.C.,Bronce,False,True,True,2,1,502.0,12,10,10,False
28004,Perú,—,Bronce,False,False,False,0,0,0.0,15,11,10,False
28005,Colombia,Barranquilla,Plata,True,False,False,8,4,2006.0,11,9,10,False
28006,Uruguay,—,Plata,False,False,True,10,9,1884.0,11,6,10,True
28007,Ecuador,—,Plata,False,False,True,14,11,5027.0,1,9,10,False
28008,Colombia,Bogotá D.C.,Bronce,False,False,False,4,3,588.0,13,4,10,True
28009,México,—,Bronce,False,False,True,1,0,0.0,28,2,8,True
28010,Ecuador,—,Bronce,False,False,True,2,1,451.0,40,13,9,False
28011,Colombia,Cali,Plata,False,False,True,13,11,6346.0,35,3,10,True
28012,Colombia,Villavicencio,Plata,True,True,True,8,6,4019.0,32,4,6,True
28013,México,—,Plata,False,False,True,12,10,4805.0,9,9,8,False
28014,México,—,Plata,True,False,True,15,11,4302.0,17,20,9,False
28015,Colombia,Ibagué,Plata,False,True,True,13,11,4685.0,30,3,8,True
28016,México,—,Bronce,True,False,True,0,0,0.0,23,1,4,True
28017,Colombia,Bogotá D.C.,Bronce,False,False,False,1,0,0.0,29,6,8,True
28018,Perú,—,Bronce,True,False,True,0,0,0.0,4,3,10,True
28019,México,—,Bronce,False,True,True,1,0,0.0,33,4,7,True
28020,Colombia,Bogotá D.C.,Plata,False,False,True,21,15,9663.0,41,7,4,False
28021,Perú,—,Plata,False,False,True,15,9,3606.0,22,14,8,False
28022,Colombia,Otras ciudades,Bronce,True,True,True,3,2,1253.0,22,3,10,True
28023,Uruguay,—,Bronce,False,True,True,1,0,0.0,25,13,10,False
28024,México,—,Bronce,True,False,True,1,0,0.0,28,5,6,True
28025,México,—,Bronce,False,True,True,0,0,0.0,7,5,5,True
28026,México,—,Plata,False,False,True,14,8,4343.0,36,5,9,True
28027,México,—,Bronce,False,False,True,3,2,1123.0,1,20,8,False
28028,Colombia,Medellín,Bronce,True,False,True,0,0,0.0,37,1,10,True
28029,México,—,Bronce,True,True,True,2,1,470.0,88,9,3,False
28030,Colombia,Medellín,Bronce,True,True,True,1,0,0.0,25,24,9,False
28031,México,—,Plata,True,False,True,9,7,4733.0,17,9,7,False
28032,Colombia,Bogotá D.C.,Bronce,False,False,False,0,0,0.0,40,3,10,True
28033,Colombia,Bogotá D.C.,Bronce,True,False,True,3,1,469.0,57,17,5,False
28034,Colombia,Popayán,Bronce,False,False,True,6,4,1869.0,16,7,9,False
28035,Uruguay,—,Bronce,True,False,True,0,0,0.0,40,7,3,False
28036,Colombia,Medellín,Bronce,True,False,True,0,0,0.0,3,13,9,False
28037,Colombia,Villavicencio,Oro,False,False,True,28,22,16304.0,15,2,7,True
28038,Colombia,Cali,Bronce,False,True,True,2,1,515.0,53,3,6,True
28039,México,—,Bronce,False,True,True,4,3,1448.0,16,3,8,True
28040,Colombia,Barranquilla,Platino,True,False,True,96,68,34728.0,47,3,5,True
28041,Colombia,Otras ciudades,Bronce,False,True,True,2,1,448.0,10,0,9,True
28042,Colombia,Bogotá D.C.,Bronce,True,False,True,2,1,584.0,10,2,9,True
28043,México,—,Bronce,False,True,True,0,0,0.0,8,6,5,True
28044,Colombia,Bogotá D.C.,Bronce,False,False,True,1,0,0.0,17,4,7,True
28045,Uruguay,—,Bronce,False,False,True,3,1,615.0,29,3,5,True
28046,Perú,—,Bronce,False,False,True,2,1,581.0,32,4,7,True
28047,Colombia,Pasto,Bronce,True,False,True,0,0,0.0,28,13,5,False
28048,Colombia,Bogotá D.C.,Bronce,False,True,True,0,0,0.0,1,3,7,True
28049,Colombia,Cali,Bronce,False,False,False,1,0,0.0,7,3,7,True
28050,México,—,Bronce,True,False,False,4,3,1614.0,70,8,8,False
28051,Colombia,Manizales,Plata,True,True,False,19,15,8328.0,55,10,7,False
28052,Colombia,Bogotá D.C.,Bronce,False,False,True,2,1,702.0,68,8,6,False
28053,Colombia,Manizales,Bronce,False,False,True,5,4,2522.0,41,8,9,False
28054,Colombia,Bogotá D.C.,Plata,True,False,True,11,6,3041.0,10,2,5,True
28055,Colombia,Cali,Bronce,True,False,True,0,0,0.0,46,1,4,True
28056,Ecuador,—,Bronce,False,False,True,0,0,0.0,4,11,8,False
28057,Ecuador,—,Plata,False,False,True,11,8,2907.0,18,12,5,False
28058,Colombia,Bogotá D.C.,Plata,True,True,True,21,18,11436.0,2,4,10,True
28059,Colombia,Pasto,Bronce,False,False,False,5,4,1448.0,25,1,6,True
28060,Colombia,Bogotá D.C.,Bronce,False,False,True,0,0,0.0,44,13,8,False
28061,Colombia,Bogotá D.C.,Bronce,True,False,False,2,1,293.0,19,8,10,False
28062,Perú,—,Plata,True,False,True,20,13,8595.0,52,5,5,True
28063,Colombia,Cali,Bronce,True,True,True,4,2,1177.0,35,0,8,True
28064,Uruguay,—,Bronce,False,False,True,0,0,0.0,80,7,7,False
28065,Chile,—,Bronce,False,False,True,0,0,0.0,26,15,8,False
28066,México,—,Oro,True,False,True,25,15,6822.0,19,2,10,True
28067,México,—,Bronce,False,False,True,0,0,0.0,67,2,7,True
28068,Uruguay,—,Bronce,False,False,False,1,0,0.0,19,18,10,False
28069,Colombia,Bogotá D.C.,Bronce,False,False,True,5,4,1743.0,8,14,9,False
28070,Colombia,Barranquilla,Bronce,False,False,True,0,0,0.0,55,6,7,True
28071,Colombia,Otras ciudades,Bronce,True,False,False,0,0,0.0,15,3,10,True
28072,México,—,Bronce,True,False,True,1,0,0.0,28,11,9,False
28073,Perú,—,Plata,True,True,True,23,14,6456.0,15,2,7,True
28074,Colombia,Bogotá D.C.,Oro,False,False,True,36,23,10296.0,39,1,3,True
28075,Perú,—,Bronce,False,False,True,0,0,0.0,39,4,10,True
28076,Colombia,Cartagena,Bronce,False,True,True,7,5,2252.0,93,7,5,False
28077,Colombia,Bogotá D.C.,Plata,False,True,True,15,12,6569.0,35,2,5,True
28078,Perú,—,Bronce,True,False,False,2,1,344.0,19,12,10,False
28079,Colombia,Bogotá D.C.,Plata,True,True,True,17,14,4323.0,18,1,7,True
28080,Colombia,Ibagué,Bronce,True,False,True,1,0,0.0,9,9,8,False
28081,Colombia,Bogotá D.C.,Bronce,True,True,True,0,0,0.0,66,1,4,True
28082,Colombia,Medellín,Bronce,False,False,True,1,0,0.0,19,8,2,False
28083,Ecuador,—,Oro,False,False,False,54,32,15222.0,60,7,8,False
28084,México,—,Bronce,False,True,True,1,0,0.0,76,4,6,True
28085,Colombia,Cali,Bronce,True,True,False,0,0,0.0,38,6,6,True
28086,Colombia,Barranquilla,Bronce,False,False,True,0,0,0.0,59,1,10,True
28087,Colombia,Manizales,Plata,False,False,False,9,7,3220.0,19,0,10,True
28088,Colombia,Cali,Bronce,False,True,False,7,5,2777.0,59,4,6,True
28089,Colombia,Medellín,Bronce,False,False,True,0,0,0.0,9,1,10,True
28090,Colombia,Cali,Bronce,False,False,True,1,0,0.0,7,10,8,False
28091,México,—,Bronce,True,True,True,0,0,0.0,1,7,10,False
28092,Colombia,Bogotá D.C.,Bronce,False,False,True,1,0,0.0,9,11,6,False
28093,Colombia,Medellín,Bronce,True,False,True,3,2,1025.0,2,1,7,True
28094,Colombia,Otras ciudades,Bronce,True,False,True,1,0,0.0,21,14,5,False
28095,Colombia,Barranquilla,Oro,True,False,True,57,51,18082.0,94,3,7,True
28096,México,—,Bronce,False,False,True,1,0,0.0,10,6,4,True
28097,Ecuador,—,Bronce,True,False,True,4,2,1019.0,31,3,6,True
28098,Perú,—,Bronce,False,True,True,1,0,0.0,67,3,5,True
28099,Colombia,Cúcuta,Platino,True,False,True,132,112,51472.0,38,8,10,False
28100,México,—,Plata,False,True,True,23,17,9529.0,17,4,9,True
28101,Colombia,Bogotá D.C.,Bronce,False,True,False,1,0,0.0,33,2,8,True
28102,Ecuador,—,Bronce,True,True,True,0,0,0.0,25,12,10,False
28103,Perú,—,Bronce,True,False,True,0,0,0.0,34,6,8,True
28104,Colombia,Bogotá D.C.,Bronce,False,False,True,4,2,813.0,42,2,9,True
28105,Colombia,Bogotá D.C.,Bronce,False,False,True,4,2,1007.0,15,4,8,True
28106,Colombia,Bogotá D.C.,Bronce,False,True,True,6,4,2252.0,26,0,10,True
28107,Colombia,Medellín,Bronce,False,True,True,0,0,0.0,27,3,8,True
28108,México,—,Bronce,False,True,True,2,1,570.0,34,0,5,True
28109,Colombia,Cali,Bronce,False,False,True,0,0,0.0,25,6,7,True
28110,Colombia,Barranquilla,Bronce,False,False,True,7,5,2690.0,5,12,8,False
28111,Colombia,Cartagena,Bronce,True,False,True,0,0,0.0,62,0,5,True
28112,Colombia,Bogotá D.C.,Bronce,False,True,True,0,0,0.0,32,4,9,True
28113,Colombia,Bogotá D.C.,Bronce,False,False,True,0,0,0.0,7,2,5,True
28114,México,—,Plata,True,True,True,8,5,2587.0,30,5,9,True
28115,Colombia,Cartagena,Bronce,True,True,True,3,2,612.0,15,7,5,False
28116,Colombia,Bogotá D.C.,Bronce,True,False,True,4,2,560.0,94,3,7,True
28117,México,—,Bronce,True,False,False,4,2,1171.0,60,9,3,False
28118,México,—,Bronce,True,False,True,0,0,0.0,33,5,10,True
28119,México,—,Bronce,True,True,True,0,0,0.0,107,7,10,False
28120,Colombia,Bogotá D.C.,Bronce,True,True,True,1,0,0.0,33,0,8,True
28121,Perú,—,Plata,True,False,False,16,13,5032.0,19,3,9,True
28122,México,—,Bronce,False,False,True,5,4,1843.0,44,4,6,True
28123,Colombia,Bogotá D.C.,Bronce,False,False,True,0,0,0.0,80,3,10,True
28124,Colombia,Medellín,Plata,True,False,True,16,9,3015.0,39,1,10,True
28125,Colombia,Cali,Plata,True,True,False,9,7,2705.0,14,0,9,True
28126,Colombia,Cartagena,Bronce,True,False,False,7,6,4003.0,11,0,9,True
28127,Colombia,Medellín,Bronce,False,False,False,1,0,0.0,5,7,5,False
28128,Colombia,Barranquilla,Bronce,True,False,True,3,2,753.0,39,12,9,False
28129,Colombia,Bogotá D.C.,Oro,True,False,True,31,24,12058.0,91,2,9,True
28130,Ecuador,—,Bronce,True,False,False,0,0,0.0,6,5,5,True
28131,Perú,—,Plata,False,True,True,18,14,7246.0,95,27,7,False
28132,México,—,Bronce,True,False,True,0,0,0.0,15,3,7,True
28133,Colombia,Armenia,Bronce,True,False,True,1,0,0.0,21,1,4,True
28134,Colombia,Otras ciudades,Bronce,True,False,False,4,3,1342.0,17,0,10,True
28135,México,—,Plata,False,False,True,9,6,3061.0,6,1,4,True
28136,Colombia,Bogotá D.C.,Bronce,False,True,True,0,0,0.0,17,1,10,True
28137,Perú,—,Bronce,True,False,True,4,3,1340.0,13,3,5,True
28138,Colombia,Bogotá D.C.,Plata,True,False,True,9,7,2620.0,27,10,7,False
28139,Colombia,Bogotá D.C.,Plata,True,False,False,10,7,2635.0,78,2,8,True
28140,Colombia,Bogotá D.C.,Bronce,False,False,True,0,0,0.0,7,13,10,False
28141,México,—,Bronce,True,False,True,1,0,0.0,36,3,7,True
28142,Colombia,Villavicencio,Bronce,False,False,True,4,3,1592.0,34,2,8,True
28143,Colombia,Medellín,Bronce,False,False,True,2,1,481.0,53,4,8,True
28144,México,—,Bronce,False,True,True,0,0,0.0,34,5,10,True
28145,Colombia,Cali,Bronce,False,False,True,1,0,0.0,11,5,6,True
28146,Colombia,Cartagena,Bronce,True,False,True,3,2,1440.0,32,17,2,False
28147,Colombia,Cúcuta,Bronce,False,False,True,1,0,0.0,2,1,5,True
28148,México,—,Bronce,False,False,True,0,0,0.0,8,0,6,True
28149,México,—,Bronce,False,True,True,1,0,0.0,67,3,9,True
28150,Colombia,Bogotá D.C.,Bronce,True,False,True,7,5,2853.0,15,10,9,False
28151,Colombia,Cali,Bronce,True,False,False,1,0,0.0,20,8,7,False
28152,México,—,Bronce,False,False,False,1,0,0.0,62,0,7,True
28153,Colombia,Cali,Bronce,False,True,True,1,0,0.0,35,13,8,False
28154,México,—,Bronce,False,False,True,5,3,1300.0,43,3,10,True
28155,Colombia,Bogotá D.C.,Bronce,True,False,True,1,0,0.0,14,4,7,True
28156,Colombia,Armenia,Bronce,False,False,True,4,3,1161.0,2,6,9,True
28157,Colombia,Villavicencio,Bronce,False,False,False,1,0,0.0,15,2,6,True
28158,Colombia,Bogotá D.C.,Oro,False,True,True,41,30,19773.0,32,3,9,True
28159,Ecuador,—,Bronce,True,False,True,1,0,0.0,22,1,10,True
28160,Colombia,Bogotá D.C.,Bronce,True,True,True,1,0,0.0,24,6,2,True
28161,México,—,Bronce,False,True,True,3,2,706.0,28,5,6,True
28162,Colombia,Pasto,Bronce,False,False,True,6,3,1213.0,75,0,7,True
28163,Ecuador,—,Bronce,True,False,True,4,2,935.0,14,10,7,False
28164,Colombia,Bucaramanga,Bronce,False,False,False,1,0,0.0,30,1,6,True
28165,Colombia,Bogotá D.C.,Platino,True,False,True,146,112,54166.0,74,40,9,False
28166,Colombia,Otras ciudades,Bronce,False,False,True,1,0,0.0,17,5,4,True
28167,Colombia,Cali,Bronce,False,False,False,0,0,0.0,20,0,6,True
28168,México,—,Bronce,False,True,False,5,4,1621.0,55,4,7,True
28169,Colombia,Bogotá D.C.,Bronce,False,False,True,0,0,0.0,61,5,9,True
28170,Colombia,Cali,Bronce,False,False,False,0,0,0.0,35,4,4,True
28171,Colombia,Bucaramanga,Bronce,True,False,True,1,0,0.0,25,2,4,True
28172,Perú,—,Platino,True,False,True,65,53,27482.0,30,13,9,False
28173,México,—,Plata,True,True,True,18,11,3206.0,21,2,5,True
28174,México,—,Bronce,True,True,True,0,0,0.0,8,9,6,False
28175,Uruguay,—,Plata,True,False,True,12,8,4375.0,18,23,10,False
28176,Colombia,Bogotá D.C.,Oro,False,True,True,32,29,16048.0,20,12,10,False
28177,México,—,Plata,False,True,False,18,15,10528.0,45,11,9,False
28178,Colombia,Bucaramanga,Bronce,False,True,True,1,0,0.0,18,3,9,True
28179,México,—,Plata,False,False,False,10,7,3935.0,8,8,4,False
28180,Colombia,Pereira,Bronce,True,True,True,0,0,0.0,26,7,8,False
28181,México,—,Bronce,False,False,True,4,2,1101.0,43,0,9,True
28182,Colombia,Manizales,Bronce,True,False,True,1,0,0.0,50,7,10,False
28183,México,—,Bronce,False,False,True,0,0,0.0,28,3,9,True
28184,Colombia,Bogotá D.C.,Bronce,False,False,True,0,0,0.0,41,14,6,False
28185,Ecuador,—,Bronce,True,True,False,2,1,408.0,12,15,6,False
28186,Colombia,Bogotá D.C.,Bronce,True,False,True,0,0,0.0,17,13,7,False
28187,Ecuador,—,Bronce,False,False,True,1,0,0.0,12,6,10,True
28188,Colombia,Bucaramanga,Bronce,False,False,True,0,0,0.0,15,1,4,True
28189,México,—,Bronce,False,False,False,3,1,518.0,76,2,9,True
28190,México,—,Bronce,True,False,True,7,6,2779.0,8,8,9,False
28191,Colombia,Bogotá D.C.,Bronce,True,False,False,0,0,0.0,3,4,9,True
28192,Ecuador,—,Bronce,True,False,False,0,0,0.0,64,0,10,True
28193,Colombia,Villavicencio,Bronce,False,False,True,3,2,980.0,28,7,8,False
28194,Colombia,Bogotá D.C.,Bronce,False,False,True,0,0,0.0,13,3,4,True
28195,Uruguay,—,Bronce,False,False,True,0,0,0.0,15,8,8,False
28196,Uruguay,—,Plata,False,False,True,8,5,1991.0,6,1,8,True
28197,Colombia,Popayán,Bronce,True,True,True,2,1,460.0,51,0,9,True
28198,Ecuador,—,Bronce,True,False,False,1,0,0.0,11,15,10,False
28199,Colombia,Villavicencio,Plata,False,False,True,14,8,5144.0,20,5,10,True
28200,Colombia,Bogotá D.C.,Plata,True,True,False,17,15,6854.0,12,14,7,False
28201,Colombia,Bogotá D.C.,Bronce,False,False,True,4,2,676.0,28,2,6,True
28202,Colombia,Bogotá D.C.,Bronce,True,True,True,0,0,0.0,29,1,10,True
28203,México,—,Bronce,True,True,True,0,0,0.0,42,19,8,False
28204,Ecuador,—,Bronce,True,False,True,7,6,2939.0,48,12,7,False
28205,México,—,Plata,True,False,True,19,14,7342.0,13,17,6,False
28206,Colombia,Medellín,Bronce,True,False,True,0,0,0.0,40,6,10,True
28207,Colombia,Bogotá D.C.,Bronce,False,False,True,0,0,0.0,3,4,1,True
28208,Colombia,Valledupar,Bronce,True,True,False,1,0,0.0,57,34,7,False
28209,Colombia,Bogotá D.C.,Bronce,True,False,True,0,0,0.0,25,9,7,False
28210,Colombia,Bogotá D.C.,Bronce,False,False,True,0,0,0.0,48,0,10,True
28211,Colombia,Bogotá D.C.,Bronce,False,False,True,0,0,0.0,19,14,9,False
28212,Colombia,Valledupar,Bronce,True,False,True,7,5,3395.0,24,2,6,True
28213,México,—,Bronce,False,False,True,3,2,926.0,1,4,9,True
28214,Colombia,Bogotá D.C.,Plata,False,False,True,8,6,3009.0,19,6,10,True
28215,Perú,—,Bronce,True,False,True,0,0,0.0,95,1,10,True
28216,Colombia,Barranquilla,Bronce,False,False,True,0,0,0.0,16,12,5,False
28217,Colombia,Medellín,Bronce,False,False,True,1,0,0.0,10,5,8,True
28218,Colombia,Ibagué,Bronce,True,False,False,2,1,341.0,44,5,7,True
28219,Colombia,Bogotá D.C.,Plata,False,False,True,12,8,4866.0,10,0,6,True
28220,Colombia,Bogotá D.C.,Bronce,False,False,False,4,3,1616.0,90,8,5,False
28221,Colombia,Bogotá D.C.,Bronce,True,False,False,0,0,0.0,18,8,7,False
28222,Colombia,Cartagena,Bronce,False,False,True,0,0,0.0,45,8,10,False
28223,Colombia,Bogotá D.C.,Bronce,True,True,True,1,0,0.0,42,1,10,True
28224,México,—,Bronce,True,False,True,0,0,0.0,9,2,4,True
28225,Colombia,Bogotá D.C.,Bronce,True,True,True,1,0,0.0,67,5,6,True
28226,Ecuador,—,Platino,False,True,True,135,124,56376.0,1,11,7,False
28227,Chile,—,Bronce,True,False,True,0,0,0.0,17,4,5,True
28228,México,—,Bronce,False,False,True,7,5,2763.0,64,1,10,True
28229,Colombia,Cartagena,Bronce,False,True,True,0,0,0.0,21,20,8,False
28230,Colombia,Bogotá D.C.,Bronce,True,True,True,0,0,0.0,14,6,5,True
28231,Colombia,Bogotá D.C.,Bronce,True,True,True,0,0,0.0,21,2,3,True
28232,Colombia,Medellín,Plata,False,True,True,8,7,4157.0,31,0,7,True
28233,Colombia,Bogotá D.C.,Bronce,False,True,True,0,0,0.0,27,4,9,True
28234,Colombia,Cali,Bronce,True,False,True,5,3,1518.0,29,0,10,True
28235,Perú,—,Bronce,False,False,True,0,0,0.0,46,10,8,False
28236,Colombia,Villavicencio,Bronce,False,False,False,4,3,1242.0,8,2,7,True
28237,Colombia,Bucaramanga,Platino,False,False,True,113,91,54601.0,55,3,10,True
28238,Colombia,Bogotá D.C.,Bronce,False,True,True,1,0,0.0,17,2,8,True
28239,Colombia,Villavicencio,Bronce,True,False,True,0,0,0.0,17,5,6,True
28240,Colombia,Ibagué,Bronce,False,True,True,0,0,0.0,89,3,7,True
28241,Colombia,Ibagué,Bronce,False,True,True,0,0,0.0,42,3,8,True
28242,Colombia,Bogotá D.C.,Bronce,True,False,True,0,0,0.0,41,4,8,True
28243,México,—,Bronce,True,True,False,1,0,0.0,17,7,8,False
28244,Perú,—,Bronce,True,True,True,0,0,0.0,45,7,5,False
28245,Colombia,Manizales,Bronce,True,False,True,7,6,2962.0,27,11,4,False
28246,Ecuador,—,Bronce,False,False,False,1,0,0.0,44,9,8,False
28247,Colombia,Bogotá D.C.,Plata,False,False,True,12,9,5818.0,7,4,9,True
28248,Colombia,Bogotá D.C.,Platino,True,False,True,226,159,91637.0,24,9,10,False
28249,Colombia,Cartagena,Bronce,True,False,True,3,2,994.0,8,2,10,True
28250,Colombia,Valledupar,Bronce,True,True,True,6,4,2508.0,18,15,9,False
28251,Colombia,Otras ciudades,Bronce,True,True,True,0,0,0.0,95,1,10,True
28252,Colombia,Barranquilla,Bronce,True,False,True,1,0,0.0,14,7,7,False
28253,Colombia,Bogotá D.C.,Bronce,True,False,True,1,0,0.0,12,4,8,True
28254,Colombia,Cúcuta,Bronce,True,True,True,4,2,1039.0,37,9,7,False
28255,México,—,Bronce,False,False,True,5,3,1537.0,16,3,7,True
28256,Chile,—,Bronce,True,False,True,0,0,0.0,89,2,2,True
28257,Colombia,Bogotá D.C.,Bronce,False,True,True,4,2,1002.0,19,3,5,True
28258,Perú,—,Bronce,False,True,True,2,1,556.0,49,18,10,False
28259,Colombia,Medellín,Bronce,False,False,True,6,4,2034.0,49,0,10,True
28260,Colombia,Bogotá D.C.,Bronce,True,True,True,0,0,0.0,10,8,7,False
28261,Colombia,Sincelejo,Bronce,False,False,False,0,0,0.0,16,4,9,True
28262,Colombia,Bogotá D.C.,Plata,True,False,True,17,9,4788.0,33,10,9,False
28263,Perú,—,Plata,False,False,True,15,11,6400.0,54,0,5,True
28264,Colombia,Bucaramanga,Plata,True,True,True,9,6,2229.0,32,13,7,False
28265,Colombia,Otras ciudades,Bronce,True,True,True,0,0,0.0,37,2,7,True
28266,Colombia,Cali,Bronce,False,False,False,1,0,0.0,9,1,7,True
28267,Colombia,Otras ciudades,Bronce,True,False,True,1,0,0.0,18,11,10,False
28268,México,—,Bronce,True,False,True,0,0,0.0,22,1,4,True
28269,Colombia,Barranquilla,Bronce,False,False,True,0,0,0.0,117,22,9,False
28270,Chile,—,Bronce,True,True,True,1,0,0.0,71,1,8,True
28271,México,—,Bronce,False,False,True,3,1,408.0,6,13,8,False
28272,México,—,Bronce,False,False,True,0,0,0.0,10,4,9,True
28273,Chile,—,Bronce,False,False,True,5,4,2258.0,23,2,10,True
28274,Colombia,Neiva,Bronce,True,False,True,2,1,452.0,17,5,7,True
28275,Colombia,Medellín,Bronce,False,True,True,1,0,0.0,19,9,8,False
28276,México,—,Bronce,False,True,True,2,1,690.0,54,7,10,False
28277,Colombia,Neiva,Oro,True,False,True,25,16,8094.0,7,12,6,False
28278,Colombia,Bogotá D.C.,Plata,True,True,True,10,5,2974.0,23,1,6,True
28279,Colombia,Otras ciudades,Bronce,False,False,True,1,0,0.0,12,1,6,True
28280,Ecuador,—,Bronce,False,False,False,0,0,0.0,40,21,8,False
28281,Colombia,Pereira,Bronce,True,False,False,1,0,0.0,19,7,8,False
28282,Colombia,Valledupar,Plata,False,False,True,13,11,6943.0,6,0,6,True
28283,Colombia,Bogotá D.C.,Bronce,True,False,False,1,0,0.0,65,2,6,True
28284,Colombia,Barranquilla,Bronce,False,False,True,0,0,0.0,27,2,10,True
28285,Colombia,Bogotá D.C.,Bronce,False,False,True,1,0,0.0,22,2,5,True
28286,Colombia,Bogotá D.C.,Bronce,False,False,True,1,0,0.0,19,7,10,False
28287,Colombia,Cartagena,Bronce,False,True,True,1,0,0.0,53,7,6,False
28288,México,—,Bronce,True,False,True,0,0,0.0,12,1,10,True
28289,Uruguay,—,Bronce,False,False,True,3,2,963.0,11,5,6,True
28290,Colombia,Manizales,Bronce,False,False,True,3,2,1181.0,8,9,1,False
28291,Colombia,Montería,Bronce,True,False,True,1,0,0.0,153,11,9,False
28292,Colombia,Bogotá D.C.,Bronce,True,True,True,0,0,0.0,47,0,5,True
28293,Colombia,Bogotá D.C.,Bronce,True,False,True,0,0,0.0,10,0,7,True
28294,Colombia,Barranquilla,Bronce,False,False,True,4,3,1450.0,14,6,10,True
28295,México,—,Bronce,True,True,True,2,1,654.0,23,11,9,False
28296,Colombia,Cali,Bronce,False,True,True,3,2,900.0,29,10,8,False
28297,Colombia,Cartagena,Bronce,True,False,True,2,1,530.0,55,9,6,False
28298,Colombia,Bogotá D.C.,Bronce,False,False,True,3,2,923.0,11,15,8,False
28299,Colombia,Cali,Plata,True,False,True,15,10,4329.0,3,3,7,True
28300,Colombia,Barranquilla,Bronce,False,False,False,3,2,1069.0,16,8,8,False
28301,México,—,Bronce,True,False,True,2,1,391.0,37,3,10,True
28302,México,—,Bronce,True,False,True,2,1,480.0,32,0,10,True
28303,Colombia,Cúcuta,Bronce,True,True,True,0,0,0.0,10,12,9,False
28304,Ecuador,—,Bronce,True,False,True,0,0,0.0,55,3,10,True
28305,Colombia,Cali,Bronce,False,False,True,0,0,0.0,20,11,9,False
28306,Colombia,Otras ciudades,Bronce,False,False,True,7,5,2078.0,138,4,3,True
28307,Uruguay,—,Bronce,False,True,True,5,2,918.0,42,12,9,False
28308,Colombia,Otras ciudades,Bronce,False,True,True,2,1,445.0,16,5,10,True
28309,Colombia,Otras ciudades,Bronce,False,False,True,0,0,0.0,9,5,8,True
28310,Colombia,Medellín,Bronce,True,True,True,0,0,0.0,5,7,7,False
28311,Colombia,Medellín,Bronce,True,True,True,3,2,1405.0,41,3,4,True
28312,Colombia,Bogotá D.C.,Oro,True,False,False,29,17,6288.0,36,11,10,False
28313,Ecuador,—,Bronce,True,True,True,0,0,0.0,28,0,10,True
28314,Colombia,Montería,Bronce,False,False,False,5,2,872.0,22,6,8,True
28315,Ecuador,—,Bronce,True,False,False,0,0,0.0,11,1,9,True
28316,Colombia,Bogotá D.C.,Bronce,True,True,True,0,0,0.0,60,7,5,False
28317,Colombia,Medellín,Plata,False,False,False,24,16,8086.0,43,2,10,True
28318,Colombia,Bogotá D.C.,Bronce,False,False,True,1,0,0.0,9,6,10,True
28319,Ecuador,—,Bronce,True,False,True,3,2,1064.0,55,1,7,True
28320,México,—,Bronce,False,False,True,0,0,0.0,18,6,4,True
28321,Colombia,Bogotá D.C.,Bronce,True,False,True,5,3,1787.0,49,4,7,True
28322,Colombia,Cartagena,Bronce,True,False,True,1,0,0.0,78,9,8,False
28323,México,—,Bronce,True,True,True,3,2,943.0,48,2,2,True
28324,Colombia,Otras ciudades,Bronce,True,True,True,3,1,516.0,33,9,9,False
28325,Colombia,Bogotá D.C.,Bronce,True,False,True,1,0,0.0,4,1,5,True
28326,Colombia,Medellín,Bronce,True,True,True,1,0,0.0,190,3,6,True
28327,Colombia,Medellín,Bronce,False,False,True,1,0,0.0,1,4,9,True
28328,México,—,Bronce,False,False,True,4,3,882.0,22,2,7,True
28329,Colombia,Bogotá D.C.,Bronce,False,True,True,6,4,2431.0,38,9,10,False
28330,Colombia,Bogotá D.C.,Bronce,False,False,True,0,0,0.0,87,8,6,False
28331,Colombia,Medellín,Bronce,True,False,True,2,1,400.0,7,4,6,True
28332,Perú,—,Bronce,True,False,True,1,0,0.0,9,5,7,True
28333,Colombia,Bogotá D.C.,Bronce,True,False,True,6,4,2598.0,5,20,7,False
28334,Ecuador,—,Bronce,True,False,True,2,1,593.0,32,9,5,False
28335,Ecuador,—,Platino,True,False,True,100,93,66936.0,14,11,6,False
28336,México,—,Bronce,True,False,False,7,5,2512.0,22,13,8,False
28337,Colombia,Bogotá D.C.,Bronce,False,True,True,1,0,0.0,1,12,6,False
28338,Ecuador,—,Bronce,False,False,True,0,0,0.0,25,7,10,False
28339,Colombia,Armenia,Bronce,False,True,False,3,2,911.0,12,2,8,True
28340,Colombia,Cali,Bronce,True,False,True,0,0,0.0,32,5,9,True
28341,México,—,Bronce,False,False,False,0,0,0.0,2,20,7,False
28342,Colombia,Barranquilla,Bronce,True,True,True,3,2,825.0,49,31,5,False
28343,México,—,Bronce,True,False,True,0,0,0.0,56,3,10,True
28344,Perú,—,Plata,False,False,True,12,8,3500.0,27,4,9,True
28345,Ecuador,—,Plata,True,False,True,8,6,2567.0,20,4,7,True
28346,México,—,Bronce,False,True,True,3,2,998.0,13,2,10,True
28347,Ecuador,—,Bronce,False,False,True,6,3,1274.0,59,15,9,False
28348,Colombia,Sincelejo,Bronce,True,True,True,3,2,904.0,4,0,8,True
28349,Colombia,Otras ciudades,Bronce,True,False,True,0,0,0.0,24,2,9,True
28350,Perú,—,Bronce,False,False,True,7,4,1845.0,8,1,9,True
28351,Colombia,Cúcuta,Bronce,False,False,True,1,0,0.0,25,10,6,False
28352,Colombia,Medellín,Plata,True,False,True,15,9,4255.0,48,3,8,True
28353,Colombia,Otras ciudades,Bronce,True,False,False,2,1,440.0,53,3,9,True
28354,Uruguay,—,Bronce,False,False,True,0,0,0.0,46,0,5,True
28355,Colombia,Bogotá D.C.,Bronce,False,False,True,0,0,0.0,31,3,2,True
28356,Ecuador,—,Bronce,True,False,True,2,1,438.0,25,4,7,True
28357,Colombia,Bogotá D.C.,Bronce,True,False,True,3,2,1108.0,18,1,9,True
28358,Chile,—,Bronce,False,True,True,3,2,734.0,3,2,6,True
28359,Perú,—,Plata,False,False,True,14,10,5147.0,7,1,4,True
28360,Colombia,Bogotá D.C.,Bronce,True,False,True,0,0,0.0,20,11,6,False
28361,Colombia,Medellín,Bronce,False,False,True,0,0,0.0,61,2,4,True
28362,México,—,Bronce,False,False,True,3,2,1096.0,6,2,10,True
28363,Colombia,Cali,Bronce,False,False,True,3,2,928.0,35,12,7,False
28364,Ecuador,—,Bronce,False,False,True,0,0,0.0,11,32,10,False
28365,Colombia,Manizales,Bronce,False,False,True,0,0,0.0,2,0,9,True
28366,Colombia,Bogotá D.C.,Bronce,True,True,True,2,1,686.0,23,5,9,True
28367,Colombia,Popayán,Plata,True,True,True,21,18,6516.0,45,2,4,True
28368,Colombia,Medellín,Bronce,True,True,True,1,0,0.0,27,7,6,False
28369,México,—,Bronce,False,False,True,0,0,0.0,55,7,6,False
28370,Colombia,Bogotá D.C.,Bronce,True,False,False,0,0,0.0,28,4,6,True
28371,Colombia,Medellín,Bronce,True,False,True,6,4,2134.0,1,7,7,False
28372,Colombia,Barranquilla,Bronce,True,False,True,0,0,0.0,17,3,5,True
28373,México,—,Bronce,False,False,True,2,1,522.0,12,8,9,False
28374,Colombia,Bogotá D.C.,Bronce,False,False,True,6,5,2890.0,4,2,10,True
28375,Colombia,Manizales,Bronce,False,False,True,3,1,577.0,22,4,10,True
28376,Colombia,Cúcuta,Bronce,True,False,True,0,0,0.0,34,12,6,False
28377,Colombia,Medellín,Bronce,False,False,True,3,2,1517.0,20,9,7,False
28378,Colombia,Barranquilla,Bronce,False,True,True,1,0,0.0,10,0,10,True
28379,Colombia,Bogotá D.C.,Bronce,False,True,True,2,1,601.0,42,5,10,True
28380,Ecuador,—,Bronce,False,False,True,0,0,0.0,25,2,8,True
28381,Colombia,Medellín,Bronce,False,False,True,0,0,0.0,6,3,9,True
28382,Colombia,Pereira,Bronce,False,False,False,0,0,0.0,62,3,7,True
28383,Colombia,Cali,Bronce,True,False,True,0,0,0.0,18,16,5,False
28384,Perú,—,Plata,False,False,False,23,20,6983.0,8,9,10,False
28385,Colombia,Otras ciudades,Bronce,True,False,False,0,0,0.0,52,0,4,True
28386,Colombia,Medellín,Oro,False,False,True,32,25,13737.0,44,10,6,False
28387,Colombia,Bogotá D.C.,Oro,False,False,True,29,21,7938.0,4,8,6,False
28388,Chile,—,Bronce,True,True,True,4,2,940.0,64,12,9,False
28389,Colombia,Barranquilla,Plata,True,False,False,11,8,2586.0,24,5,10,True
28390,Colombia,Bogotá D.C.,Bronce,False,False,True,1,0,0.0,15,15,8,False
28391,Colombia,Pereira,Bronce,False,False,True,0,0,0.0,2,8,9,False
28392,Colombia,Pereira,Bronce,True,False,True,2,1,382.0,29,0,4,True
28393,Colombia,Otras ciudades,Bronce,True,True,False,0,0,0.0,47,6,9,True
28394,Colombia,Bogotá D.C.,Bronce,True,False,False,1,0,0.0,22,20,4,False
28395,Uruguay,—,Bronce,True,False,True,4,3,937.0,21,3,7,True
28396,México,—,Bronce,False,False,True,0,0,0.0,69,0,4,True
28397,Colombia,Cali,Bronce,False,False,True,1,0,0.0,48,3,6,True
28398,Colombia,Bucaramanga,Bronce,False,False,True,0,0,0.0,5,8,10,False
28399,Colombia,Bogotá D.C.,Bronce,True,False,False,2,1,622.0,5,6,7,True
28400,Colombia,Medellín,Bronce,True,True,False,5,4,1731.0,3,6,10,True
28401,Colombia,Bogotá D.C.,Bronce,True,False,False,0,0,0.0,91,1,8,True
28402,México,—,Bronce,True,True,True,1,0,0.0,42,6,8,True
28403,Ecuador,—,Bronce,True,False,True,0,0,0.0,8,30,9,False
28404,Perú,—,Bronce,True,True,True,0,0,0.0,17,10,8,False
28405,Colombia,Medellín,Bronce,True,False,True,7,5,2299.0,51,3,9,True
28406,México,—,Bronce,False,True,True,1,0,0.0,22,0,9,True
28407,Colombia,Manizales,Bronce,False,False,True,0,0,0.0,13,3,6,True
28408,Ecuador,—,Bronce,False,True,False,0,0,0.0,20,4,7,True
28409,Colombia,Manizales,Bronce,True,True,True,4,2,1084.0,11,2,10,True
28410,Colombia,Bogotá D.C.,Bronce,True,False,False,2,1,327.0,19,2,9,True
28411,Colombia,Cali,Bronce,False,False,True,0,0,0.0,26,9,7,False
28412,Colombia,Ibagué,Bronce,True,False,True,0,0,0.0,75,13,9,False
28413,Colombia,Bogotá D.C.,Bronce,True,False,True,3,1,468.0,27,15,4,False
28414,Colombia,Cartagena,Bronce,True,False,True,2,1,514.0,36,12,7,False
28415,México,—,Bronce,False,False,True,5,3,1602.0,9,5,5,True
28416,Perú,—,Bronce,True,True,True,3,1,532.0,25,7,5,False
28417,Perú,—,Bronce,True,False,True,6,3,1173.0,23,3,10,True
28418,Colombia,Medellín,Bronce,True,False,True,1,0,0.0,3,15,7,False
28419,Perú,—,Plata,False,True,True,12,10,4591.0,12,8,6,False
28420,Chile,—,Plata,False,True,True,15,13,6896.0,7,22,8,False
28421,Colombia,Bogotá D.C.,Bronce,False,True,True,0,0,0.0,52,6,10,True
28422,Colombia,Bogotá D.C.,Bronce,True,True,True,6,4,2262.0,35,10,4,False
28423,Colombia,Pasto,Bronce,True,False,True,3,2,887.0,32,8,9,False
28424,México,—,Bronce,False,False,True,7,6,2115.0,2,1,2,True
28425,México,—,Bronce,True,False,True,2,1,426.0,39,6,5,True
28426,Colombia,Cali,Plata,False,False,True,12,8,3162.0,5,2,10,True
28427,México,—,Bronce,True,True,False,0,0,0.0,61,4,7,True
28428,Colombia,Bucaramanga,Bronce,True,False,True,0,0,0.0,40,34,6,False
28429,Colombia,Medellín,Bronce,True,False,True,4,3,1133.0,49,2,9,True
28430,México,—,Bronce,True,False,True,0,0,0.0,60,0,9,True
28431,México,—,Bronce,True,False,False,3,2,629.0,21,3,5,True
28432,Colombia,Medellín,Bronce,True,False,True,0,0,0.0,11,10,8,False
28433,Colombia,Pereira,Bronce,False,False,True,1,0,0.0,34,7,4,False
28434,Colombia,Cali,Bronce,False,True,True,0,0,0.0,39,8,7,False
28435,Colombia,Bogotá D.C.,Bronce,False,True,True,0,0,0.0,22,5,9,True
28436,Chile,—,Bronce,False,False,True,3,2,1184.0,5,4,6,True
28437,Colombia,Medellín,Bronce,False,False,False,2,1,534.0,41,2,4,True
28438,Colombia,Cali,Bronce,False,False,True,4,2,1039.0,4,8,6,False
28439,Colombia,Bogotá D.C.,Bronce,False,False,False,1,0,0.0,29,4,4,True
28440,Colombia,Bogotá D.C.,Bronce,False,False,True,1,0,0.0,51,12,9,False
28441,México,—,Plata,True,True,True,16,14,8460.0,13,1,7,True
28442,Perú,—,Bronce,False,False,True,0,0,0.0,14,8,6,False
28443,Colombia,Montería,Bronce,True,False,True,0,0,0.0,25,19,5,False
28444,Colombia,Bogotá D.C.,Bronce,False,False,False,1,0,0.0,77,7,9,False
28445,Colombia,Manizales,Bronce,True,True,True,4,3,1225.0,46,3,7,True
28446,Colombia,Bogotá D.C.,Bronce,False,False,True,1,0,0.0,45,2,9,True
28447,Colombia,Pereira,Bronce,False,False,True,1,0,0.0,17,8,8,False
28448,Chile,—,Plata,False,True,True,9,7,3199.0,25,5,7,True
28449,Colombia,Bogotá D.C.,Bronce,False,False,True,1,0,0.0,17,3,8,True
28450,Colombia,Bogotá D.C.,Bronce,False,True,True,3,2,803.0,22,18,6,False
28451,Chile,—,Bronce,True,False,True,1,0,0.0,10,4,6,True
28452,México,—,Platino,True,False,False,225,167,101323.0,26,2,9,True
28453,Ecuador,—,Bronce,False,False,True,0,0,0.0,22,9,8,False
28454,Colombia,Manizales,Bronce,True,True,True,0,0,0.0,5,9,10,False
28455,México,—,Plata,False,True,True,15,12,5324.0,71,5,9,True
28456,México,—,Bronce,False,False,False,2,1,420.0,6,1,10,True
28457,Colombia,Bogotá D.C.,Bronce,True,False,True,2,1,640.0,17,19,8,False
28458,Colombia,Otras ciudades,Plata,False,False,False,13,7,3275.0,4,2,10,True
28459,México,—,Bronce,False,True,True,2,1,500.0,16,5,9,True
28460,Perú,—,Oro,False,True,True,49,33,13383.0,12,3,8,True
28461,Colombia,Cali,Bronce,False,False,True,0,0,0.0,23,11,8,False
28462,Colombia,Bogotá D.C.,Bronce,True,False,True,6,3,1554.0,28,9,10,False
28463,Colombia,Cali,Bronce,False,True,True,0,0,0.0,20,4,9,True
28464,Chile,—,Plata,False,True,True,15,10,4978.0,68,13,9,False
28465,Colombia,Barranquilla,Plata,True,False,True,19,11,4296.0,22,1,9,True
28466,Colombia,Cali,Bronce,True,False,True,2,1,643.0,18,1,7,True
28467,Colombia,Bogotá D.C.,Bronce,True,False,True,0,0,0.0,64,0,9,True
28468,Colombia,Otras ciudades,Oro,True,False,True,37,29,20958.0,10,1,9,True
28469,Colombia,Bogotá D.C.,Bronce,True,False,True,0,0,0.0,2,7,4,False
28470,Colombia,Cali,Bronce,True,True,False,2,1,346.0,55,1,10,True
28471,Colombia,Medellín,Plata,True,False,True,19,15,7941.0,14,4,9,True
28472,México,—,Bronce,False,False,True,0,0,0.0,16,9,4,False
28473,Colombia,Bogotá D.C.,Bronce,False,True,True,0,0,0.0,9,0,3,True
28474,México,—,Plata,False,True,True,11,6,3903.0,67,0,8,True
28475,Colombia,Bucaramanga,Bronce,False,False,False,0,0,0.0,17,8,7,False
28476,Perú,—,Bronce,False,False,True,5,4,2477.0,49,7,8,False
28477,Colombia,Bogotá D.C.,Bronce,True,False,True,1,0,0.0,22,13,8,False
28478,Colombia,Pereira,Bronce,False,False,True,2,1,337.0,7,5,10,True
28479,México,—,Bronce,False,False,True,4,2,774.0,27,4,8,True
28480,Ecuador,—,Plata,False,True,False,18,11,7264.0,9,9,8,False
28481,Uruguay,—,Bronce,False,False,True,0,0,0.0,43,2,9,True
28482,Colombia,Bogotá D.C.,Bronce,False,False,True,2,1,569.0,20,7,5,False
28483,México,—,Bronce,False,False,True,3,2,708.0,18,13,8,False
28484,Colombia,Cúcuta,Bronce,False,False,False,0,0,0.0,33,2,7,True
28485,México,—,Bronce,False,True,True,5,3,1613.0,22,1,7,True
28486,México,—,Bronce,True,True,True,1,0,0.0,6,1,7,True
28487,Colombia,Cali,Bronce,False,True,False,0,0,0.0,4,9,10,False
28488,Colombia,Bucaramanga,Bronce,False,True,True,0,0,0.0,80,5,6,True
28489,México,—,Bronce,True,False,False,0,0,0.0,36,40,8,False
28490,Colombia,Santa Marta,Bronce,False,False,True,0,0,0.0,65,4,9,True
28491,Colombia,Medellín,Bronce,False,True,True,4,2,870.0,10,0,7,True
28492,Colombia,Bogotá D.C.,Bronce,True,True,True,2,1,466.0,9,12,8,False
28493,Colombia,Neiva,Plata,False,True,True,11,7,2926.0,6,10,4,False
28494,Ecuador,—,Bronce,False,True,True,6,4,1644.0,19,4,5,True
28495,Colombia,Pasto,Bronce,False,False,True,3,2,1234.0,50,2,7,True
28496,México,—,Bronce,False,True,False,6,5,2337.0,46,8,8,False
28497,Colombia,Otras ciudades,Bronce,False,False,True,3,2,1295.0,103,8,7,False
28498,Uruguay,—,Bronce,True,True,True,1,0,0.0,25,7,6,False
28499,Colombia,Bogotá D.C.,Oro,True,False,True,39,25,9498.0,28,5,8,True
28500,Perú,—,Bronce,True,True,True,1,0,0.0,38,2,8,True
28501,Colombia,Medellín,Bronce,False,False,False,4,2,1132.0,29,6,9,True
28502,México,—,Plata,False,False,True,8,5,1365.0,21,6,7,True
28503,Colombia,Medellín,Bronce,False,False,True,0,0,0.0,45,32,5,False
28504,Colombia,Bogotá D.C.,Plata,False,False,True,8,7,3740.0,19,0,8,True
28505,Colombia,Bogotá D.C.,Bronce,False,False,True,2,1,338.0,14,0,3,True
28506,Colombia,Bogotá D.C.,Bronce,False,False,False,0,0,0.0,23,5,8,True
28507,Chile,—,Bronce,False,False,True,3,2,1126.0,36,2,6,True
28508,Colombia,Otras ciudades,Plata,True,False,True,9,7,3525.0,11,14,5,False
28509,Perú,—,Bronce,False,False,True,2,1,511.0,23,5,8,True
28510,México,—,Bronce,False,False,True,3,2,655.0,45,2,6,True
28511,México,—,Bronce,False,False,True,6,5,1726.0,33,12,8,False
28512,Colombia,Valledupar,Bronce,False,True,True,0,0,0.0,45,12,4,False
28513,Colombia,Manizales,Bronce,False,False,True,0,0,0.0,43,3,6,True
28514,Colombia,Bogotá D.C.,Bronce,False,True,False,0,0,0.0,7,5,4,True
28515,Chile,—,Bronce,False,True,True,2,1,458.0,13,11,10,False
28516,Perú,—,Plata,False,True,True,9,7,2923.0,14,1,8,True
28517,Colombia,Bogotá D.C.,Bronce,False,False,True,5,4,1929.0,8,0,8,True
28518,Colombia,Bogotá D.C.,Bronce,False,False,True,1,0,0.0,15,6,3,True
28519,Colombia,Bogotá D.C.,Bronce,True,False,True,2,1,625.0,34,5,10,True
28520,Ecuador,—,Bronce,True,True,True,1,0,0.0,30,1,10,True
28521,México,—,Bronce,True,False,False,1,0,0.0,30,0,7,True
28522,Colombia,Bucaramanga,Bronce,True,False,True,0,0,0.0,38,3,9,True
28523,Colombia,Cali,Bronce,False,False,True,0,0,0.0,42,0,10,True
28524,Chile,—,Plata,True,True,True,17,13,6640.0,15,8,8,False
28525,Uruguay,—,Plata,True,False,True,16,13,5895.0,24,9,4,False
28526,Colombia,Valledupar,Bronce,True,False,True,0,0,0.0,38,2,7,True
28527,Uruguay,—,Bronce,False,False,True,2,1,619.0,36,4,9,True
28528,Colombia,Cali,Bronce,True,False,True,1,0,0.0,53,4,10,True
28529,Colombia,Bogotá D.C.,Bronce,False,True,True,0,0,0.0,16,0,10,True
28530,Colombia,Bogotá D.C.,Plata,True,False,False,8,5,3004.0,35,1,8,True
28531,Perú,—,Plata,True,False,True,8,7,2622.0,7,2,8,True
28532,Perú,—,Bronce,False,False,True,0,0,0.0,12,6,7,True
28533,Colombia,Villavicencio,Bronce,True,False,True,0,0,0.0,34,0,9,True
28534,Colombia,Santa Marta,Bronce,True,False,False,0,0,0.0,12,1,6,True
28535,Perú,—,Bronce,False,True,True,0,0,0.0,44,10,8,False
28536,México,—,Bronce,True,True,True,2,1,454.0,14,3,8,True
28537,Perú,—,Oro,False,False,True,31,21,9292.0,44,4,10,True
28538,Colombia,Medellín,Bronce,False,False,True,3,2,770.0,41,32,6,False
28539,México,—,Bronce,False,False,True,0,0,0.0,22,0,4,True
28540,Colombia,Otras ciudades,Bronce,True,False,True,5,3,1423.0,71,2,5,True
28541,Colombia,Bogotá D.C.,Bronce,False,False,True,1,0,0.0,11,12,9,False
28542,México,—,Bronce,False,False,True,1,0,0.0,13,3,5,True
28543,Colombia,Medellín,Bronce,True,True,False,5,4,2078.0,9,12,10,False
28544,Colombia,Otras ciudades,Bronce,False,False,True,1,0,0.0,45,8,2,False
28545,Colombia,Bogotá D.C.,Plata,False,False,True,23,19,8383.0,60,5,7,True
28546,Colombia,Bogotá D.C.,Bronce,False,False,True,0,0,0.0,36,19,10,False
28547,Colombia,Bogotá D.C.,Bronce,False,False,True,0,0,0.0,31,0,10,True
28548,Chile,—,Bronce,False,False,True,0,0,0.0,83,7,9,False
28549,Colombia,Medellín,Bronce,True,False,False,7,5,2512.0,56,3,1,True
28550,Colombia,Barranquilla,Bronce,False,False,False,6,3,1229.0,15,1,6,True
28551,Colombia,Otras ciudades,Bronce,True,True,True,3,2,1010.0,1,6,6,True
28552,México,—,Bronce,False,False,True,6,4,1229.0,41,4,7,True
28553,México,—,Bronce,True,True,True,1,0,0.0,5,7,8,False
28554,México,—,Bronce,False,False,True,0,0,0.0,49,0,10,True
28555,México,—,Bronce,True,False,False,0,0,0.0,34,23,8,False
28556,México,—,Bronce,False,True,True,1,0,0.0,1,10,7,False
28557,Colombia,Santa Marta,Bronce,False,False,True,1,0,0.0,17,1,8,True
28558,Colombia,Bogotá D.C.,Bronce,True,True,True,0,0,0.0,23,7,5,False
28559,México,—,Bronce,False,False,True,3,2,1274.0,131,9,9,False
28560,Colombia,Medellín,Bronce,False,True,True,0,0,0.0,24,9,2,False
28561,Colombia,Pereira,Oro,False,False,True,29,25,14128.0,57,5,4,True
28562,Colombia,Bogotá D.C.,Plata,False,False,False,11,9,3922.0,12,2,9,True
28563,Colombia,Cali,Bronce,True,True,True,7,5,1384.0,6,12,9,False
28564,México,—,Bronce,False,False,True,1,0,0.0,37,2,9,True
28565,Colombia,Cúcuta,Bronce,True,False,False,0,0,0.0,49,10,5,False
28566,Colombia,Medellín,Bronce,False,True,True,5,3,1466.0,4,3,10,True
28567,Colombia,Cali,Bronce,False,True,True,7,4,2478.0,23,3,7,True
28568,Colombia,Barranquilla,Bronce,False,True,True,1,0,0.0,53,11,7,False
28569,México,—,Bronce,False,True,True,1,0,0.0,18,2,10,True
28570,Colombia,Pereira,Bronce,False,False,False,0,0,0.0,47,5,10,True
28571,Uruguay,—,Bronce,False,False,True,1,0,0.0,45,7,9,False
28572,Colombia,Otras ciudades,Bronce,False,False,True,3,1,518.0,37,5,2,True
28573,Colombia,Otras ciudades,Bronce,False,False,True,2,1,471.0,8,5,6,True
28574,Colombia,Bogotá D.C.,Bronce,True,False,True,1,0,0.0,19,7,7,False
28575,Colombia,Otras ciudades,Bronce,False,False,False,5,3,1317.0,37,2,4,True
28576,Colombia,Bucaramanga,Bronce,True,False,True,2,1,625.0,12,8,9,False
28577,México,—,Plata,False,True,True,8,5,2200.0,12,11,7,False
28578,Ecuador,—,Bronce,False,False,False,2,1,525.0,75,4,6,True
28579,Colombia,Medellín,Bronce,True,False,True,0,0,0.0,13,11,4,False
28580,Colombia,Bogotá D.C.,Bronce,False,False,True,2,1,311.0,16,0,10,True
28581,Colombia,Otras ciudades,Bronce,False,False,True,0,0,0.0,2,0,8,True
28582,Colombia,Bogotá D.C.,Bronce,False,True,False,2,1,477.0,19,8,10,False
28583,Colombia,Cali,Bronce,True,False,True,0,0,0.0,55,4,8,True
28584,México,—,Bronce,False,False,True,0,0,0.0,18,0,7,True
28585,Colombia,Barranquilla,Bronce,False,False,True,0,0,0.0,44,2,7,True
28586,Colombia,Bogotá D.C.,Bronce,False,False,True,0,0,0.0,45,3,10,True
28587,Colombia,Cartagena,Bronce,False,False,False,1,0,0.0,32,9,4,False
28588,México,—,Oro,False,False,False,27,21,9127.0,19,3,5,True
28589,Perú,—,Bronce,False,False,True,0,0,0.0,29,6,6,True
28590,Uruguay,—,Bronce,True,False,True,1,0,0.0,10,6,8,True
28591,México,—,Bronce,False,True,True,1,0,0.0,43,2,5,True
28592,México,—,Bronce,False,False,True,0,0,0.0,37,12,4,False
28593,México,—,Plata,True,False,True,8,4,1890.0,14,3,10,True
28594,Chile,—,Bronce,True,False,False,1,0,0.0,143,6,5,True
28595,Ecuador,—,Bronce,True,False,True,0,0,0.0,3,17,5,False
28596,Colombia,Bogotá D.C.,Bronce,False,False,True,2,1,421.0,30,1,6,True
28597,Colombia,Bogotá D.C.,Bronce,False,True,False,0,0,0.0,16,8,7,False
28598,Colombia,Pereira,Bronce,False,False,False,0,0,0.0,17,4,9,True
28599,Colombia,Cali,Bronce,False,False,True,0,0,0.0,30,1,8,True
28600,Perú,—,Bronce,False,False,True,0,0,0.0,6,7,6,False
28601,Ecuador,—,Bronce,True,True,True,2,1,486.0,28,11,7,False
28602,México,—,Bronce,True,False,False,0,0,0.0,16,0,10,True
28603,México,—,Bronce,True,False,False,4,3,1451.0,41,10,8,False
28604,Ecuador,—,Bronce,True,True,True,0,0,0.0,4,8,6,False
28605,Colombia,Barranquilla,Bronce,True,False,True,1,0,0.0,14,9,8,False
28606,Uruguay,—,Bronce,False,False,True,2,1,443.0,42,8,8,False
28607,México,—,Bronce,True,False,True,7,4,980.0,20,5,7,True
28608,Ecuador,—,Bronce,True,False,False,2,1,529.0,22,11,4,False
28609,Colombia,Medellín,Oro,True,False,True,27,22,9437.0,18,3,6,True
28610,Colombia,Medellín,Bronce,False,False,True,1,0,0.0,72,2,9,True
28611,Colombia,Villavicencio,Plata,True,False,True,8,7,3862.0,17,21,7,False
28612,México,—,Bronce,True,False,True,3,2,1019.0,38,0,7,True
28613,México,—,Bronce,True,False,True,2,1,501.0,8,13,10,False
28614,Colombia,Bogotá D.C.,Oro,False,False,True,42,34,11224.0,54,4,10,True
28615,Colombia,Bogotá D.C.,Bronce,True,True,True,2,1,428.0,42,1,5,True
28616,Colombia,Otras ciudades,Bronce,False,False,True,0,0,0.0,5,2,10,True
28617,Colombia,Medellín,Bronce,False,False,True,6,3,1748.0,22,1,9,True
28618,Colombia,Bogotá D.C.,Bronce,False,False,False,0,0,0.0,28,2,5,True
28619,Colombia,Neiva,Bronce,False,False,True,1,0,0.0,16,10,10,False
28620,México,—,Plata,True,False,True,9,7,3522.0,38,4,5,True
28621,Colombia,Cali,Bronce,False,False,False,5,3,1258.0,36,5,7,True
28622,Colombia,Cúcuta,Bronce,False,False,True,2,1,531.0,26,2,9,True
28623,Colombia,Bogotá D.C.,Bronce,False,False,True,3,2,833.0,19,4,8,True
28624,Colombia,Bogotá D.C.,Plata,False,True,True,9,8,4591.0,9,2,8,True
28625,Colombia,Manizales,Bronce,False,True,True,3,2,1066.0,52,11,10,False
28626,Colombia,Manizales,Bronce,False,True,True,0,0,0.0,41,23,4,False
28627,Ecuador,—,Oro,True,False,True,56,34,12788.0,10,4,9,True
28628,Colombia,Villavicencio,Bronce,False,False,True,2,1,497.0,22,3,9,True
28629,Colombia,Cartagena,Bronce,True,True,False,3,2,671.0,3,0,10,True
28630,Perú,—,Bronce,True,True,False,7,4,1351.0,25,1,9,True
28631,Colombia,Barranquilla,Bronce,True,False,True,5,4,2022.0,17,2,10,True
28632,Perú,—,Bronce,True,False,False,4,3,971.0,21,5,8,True
28633,México,—,Bronce,False,True,True,2,1,464.0,43,0,10,True
28634,Ecuador,—,Bronce,True,False,True,3,2,1168.0,17,1,10,True
28635,Colombia,Bogotá D.C.,Bronce,True,False,True,1,0,0.0,46,2,3,True
28636,Colombia,Bogotá D.C.,Bronce,False,True,True,0,0,0.0,1,3,8,True
28637,Ecuador,—,Bronce,True,False,True,2,1,422.0,40,2,4,True
28638,Colombia,Cartagena,Plata,True,False,True,14,12,5029.0,17,3,4,True
28639,Colombia,Barranquilla,Bronce,False,True,True,2,1,549.0,13,2,10,True
28640,Colombia,Bogotá D.C.,Bronce,True,False,True,0,0,0.0,37,11,10,False
28641,Colombia,Bucaramanga,Bronce,True,False,True,0,0,0.0,55,11,5,False
28642,Colombia,Medellín,Bronce,False,False,True,0,0,0.0,49,1,9,True
28643,Colombia,Bogotá D.C.,Bronce,False,False,True,1,0,0.0,23,17,6,False
28644,México,—,Bronce,True,False,True,1,0,0.0,51,3,10,True
28645,Colombia,Bogotá D.C.,Oro,False,False,True,34,31,13645.0,10,3,5,True
28646,Colombia,Bogotá D.C.,Plata,False,False,True,15,10,4668.0,25,15,10,False
28647,Ecuador,—,Bronce,True,False,True,2,1,686.0,40,13,6,False
28648,Colombia,Cali,Plata,False,False,True,8,4,1405.0,12,18,10,False
28649,México,—,Plata,True,False,False,8,5,1754.0,35,7,9,False
28650,Colombia,Bogotá D.C.,Bronce,False,False,False,3,1,470.0,33,11,7,False
28651,México,—,Plata,True,True,True,10,7,3894.0,11,0,4,True
28652,Colombia,Otras ciudades,Bronce,False,True,True,7,5,2564.0,11,1,9,True
28653,México,—,Bronce,False,False,True,0,0,0.0,29,4,5,True
28654,Colombia,Bogotá D.C.,Bronce,True,False,True,0,0,0.0,30,1,5,True
28655,Ecuador,—,Plata,True,False,True,13,10,4134.0,10,7,6,False
28656,Colombia,Popayán,Bronce,False,False,False,1,0,0.0,6,11,8,False
28657,Colombia,Cali,Bronce,False,True,True,0,0,0.0,47,5,8,True
28658,Colombia,Otras ciudades,Bronce,False,False,True,3,2,851.0,85,11,9,False
28659,Colombia,Bogotá D.C.,Bronce,False,False,True,2,1,636.0,26,2,6,True
28660,Colombia,Medellín,Bronce,False,False,True,2,1,562.0,38,0,6,True
28661,Colombia,Medellín,Bronce,True,False,True,0,0,0.0,23,4,9,True
28662,Ecuador,—,Bronce,False,False,True,0,0,0.0,28,1,9,True
28663,México,—,Bronce,False,False,True,6,4,2156.0,12,1,8,True
28664,Uruguay,—,Bronce,True,True,True,5,3,1549.0,90,16,7,False
28665,Ecuador,—,Plata,False,False,True,8,5,2462.0,4,5,5,True
28666,Perú,—,Oro,True,True,True,25,18,8549.0,150,8,7,False
28667,Colombia,Medellín,Bronce,False,False,True,0,0,0.0,39,2,10,True
28668,Colombia,Cúcuta,Bronce,True,True,False,2,1,566.0,22,2,8,True
28669,México,—,Bronce,False,False,True,0,0,0.0,71,0,10,True
28670,Colombia,Medellín,Plata,False,False,True,8,5,3083.0,3,7,8,False
28671,Colombia,Bogotá D.C.,Bronce,False,False,True,0,0,0.0,31,15,6,False
28672,Colombia,Cali,Bronce,False,True,True,0,0,0.0,17,8,8,False
28673,Colombia,Bogotá D.C.,Bronce,False,False,True,6,3,981.0,44,9,9,False
28674,Colombia,Bogotá D.C.,Bronce,False,False,True,5,3,1171.0,9,1,6,True
28675,Chile,—,Bronce,False,False,True,0,0,0.0,32,1,6,True
28676,Colombia,Bogotá D.C.,Bronce,True,False,True,0,0,0.0,22,5,8,True
28677,Colombia,Bucaramanga,Bronce,False,False,True,5,3,1715.0,7,0,9,True
28678,Perú,—,Bronce,True,False,True,0,0,0.0,64,13,10,False
28679,Colombia,Bucaramanga,Bronce,False,True,True,0,0,0.0,18,1,9,True
28680,Perú,—,Bronce,False,False,True,0,0,0.0,2,4,6,True
28681,Ecuador,—,Bronce,True,True,True,2,1,507.0,19,11,6,False
28682,México,—,Plata,True,False,False,9,7,3234.0,17,1,6,True
28683,México,—,Bronce,False,False,True,0,0,0.0,24,1,2,True
28684,México,—,Bronce,True,True,True,0,0,0.0,23,3,4,True
28685,Colombia,Bogotá D.C.,Bronce,False,False,True,0,0,0.0,9,3,2,True
28686,Colombia,Bogotá D.C.,Bronce,False,False,True,4,2,965.0,12,8,4,False
28687,Perú,—,Bronce,False,False,True,2,1,525.0,30,0,8,True
28688,México,—,Bronce,True,False,True,4,3,1331.0,44,5,8,True
28689,Perú,—,Bronce,True,False,True,6,3,1922.0,14,0,9,True
28690,Colombia,Pereira,Bronce,True,True,True,0,0,0.0,47,5,9,True
28691,Colombia,Medellín,Bronce,True,False,True,4,3,1733.0,34,15,6,False
28692,México,—,Bronce,False,False,True,0,0,0.0,9,3,9,True
28693,Colombia,Bogotá D.C.,Oro,True,False,True,34,24,9215.0,88,6,6,True
28694,Colombia,Otras ciudades,Bronce,False,True,True,0,0,0.0,57,3,7,True
28695,Ecuador,—,Bronce,True,True,True,7,6,2637.0,32,9,4,False
28696,Colombia,Bogotá D.C.,Plata,False,True,True,8,5,1689.0,15,3,10,True
28697,México,—,Oro,False,False,False,26,18,10896.0,18,7,7,False
28698,México,—,Bronce,True,False,True,1,0,0.0,5,3,9,True
28699,Colombia,Bogotá D.C.,Bronce,False,True,True,1,0,0.0,3,1,10,True
28700,México,—,Bronce,True,False,True,0,0,0.0,85,9,5,False
28701,Colombia,Cali,Plata,True,False,True,14,8,3015.0,14,2,7,True
28702,Colombia,Bogotá D.C.,Bronce,False,False,True,0,0,0.0,21,0,7,True
28703,Colombia,Bogotá D.C.,Bronce,False,False,True,0,0,0.0,35,9,4,False
28704,Colombia,Bogotá D.C.,Bronce,False,False,True,0,0,0.0,21,1,9,True
28705,Colombia,Cali,Bronce,False,False,False,0,0,0.0,14,1,5,True
28706,Colombia,Otras ciudades,Bronce,False,False,True,0,0,0.0,13,4,8,True
28707,Colombia,Barranquilla,Bronce,True,False,True,0,0,0.0,34,23,8,False
28708,México,—,Bronce,False,False,True,4,2,1263.0,30,2,6,True
28709,Colombia,Manizales,Bronce,True,True,False,0,0,0.0,24,3,9,True
28710,Colombia,Cartagena,Bronce,False,True,True,6,4,2006.0,46,6,4,True
28711,Colombia,Bogotá D.C.,Bronce,False,False,True,5,3,1156.0,14,6,9,True
28712,Colombia,Barranquilla,Plata,False,True,True,13,11,5923.0,29,6,5,True
28713,Uruguay,—,Bronce,True,False,True,1,0,0.0,31,9,10,False
28714,Colombia,Bogotá D.C.,Bronce,True,False,True,0,0,0.0,36,2,8,True
28715,México,—,Plata,True,False,False,10,6,3169.0,31,8,6,False
28716,México,—,Bronce,False,False,True,0,0,0.0,39,0,9,True
28717,Colombia,Bogotá D.C.,Bronce,True,False,False,3,1,375.0,28,4,7,True
28718,Colombia,Cali,Bronce,True,False,True,1,0,0.0,2,10,9,False
28719,Colombia,Neiva,Bronce,True,True,True,4,3,1366.0,19,1,9,True
28720,Colombia,Cúcuta,Bronce,False,True,True,1,0,0.0,45,4,10,True
28721,Colombia,Otras ciudades,Bronce,False,True,False,0,0,0.0,38,0,8,True
28722,Perú,—,Bronce,False,True,True,0,0,0.0,41,0,6,True
28723,México,—,Bronce,True,False,True,3,2,1116.0,7,4,8,True
28724,México,—,Bronce,False,False,True,0,0,0.0,44,8,3,False
28725,Colombia,Barranquilla,Bronce,False,False,True,0,0,0.0,57,1,10,True
28726,Colombia,Bogotá D.C.,Bronce,False,False,False,0,0,0.0,64,7,10,False
28727,Colombia,Cartagena,Plata,False,False,True,9,8,3366.0,27,2,10,True
28728,Perú,—,Bronce,False,False,True,7,5,2838.0,4,9,6,False
28729,Ecuador,—,Bronce,False,False,True,2,1,441.0,27,10,7,False
28730,Perú,—,Bronce,False,False,True,6,5,2672.0,20,4,7,True
28731,Uruguay,—,Bronce,False,True,True,2,1,433.0,20,3,6,True
28732,México,—,Bronce,True,False,True,1,0,0.0,99,5,10,True
28733,México,—,Bronce,False,False,True,0,0,0.0,17,4,10,True
28734,Ecuador,—,Oro,False,False,True,37,29,17943.0,21,2,7,True
28735,México,—,Bronce,False,False,True,2,1,510.0,47,2,8,True
28736,Colombia,Otras ciudades,Bronce,True,False,True,0,0,0.0,14,0,9,True
28737,Uruguay,—,Plata,True,True,True,19,13,7862.0,6,4,9,True
28738,Colombia,Bogotá D.C.,Bronce,True,False,True,0,0,0.0,128,0,6,True
28739,Colombia,Medellín,Bronce,True,False,True,3,2,1128.0,55,4,9,True
28740,Colombia,Bogotá D.C.,Bronce,True,False,True,3,2,867.0,17,1,9,True
28741,Colombia,Medellín,Bronce,False,False,True,2,1,519.0,22,15,8,False
28742,Colombia,Bogotá D.C.,Bronce,True,False,True,2,1,546.0,65,0,3,True
28743,Perú,—,Bronce,False,False,True,0,0,0.0,55,3,5,True
28744,Colombia,Pereira,Oro,True,False,True,36,28,7781.0,41,10,6,False
28745,Colombia,Cúcuta,Bronce,True,False,True,6,4,2008.0,8,1,9,True
28746,Colombia,Pereira,Plata,False,True,False,9,7,3849.0,20,7,8,False
28747,Colombia,Cartagena,Bronce,False,True,True,3,2,1007.0,21,0,6,True
28748,Colombia,Bogotá D.C.,Bronce,False,False,True,2,1,511.0,28,4,4,True
28749,México,—,Bronce,False,False,False,4,2,1078.0,35,8,7,False
28750,Colombia,Manizales,Bronce,False,True,True,1,0,0.0,52,13,7,False
28751,Colombia,Barranquilla,Bronce,False,True,True,1,0,0.0,22,10,8,False
28752,Colombia,Cartagena,Bronce,True,True,True,3,2,1268.0,48,1,5,True
28753,Colombia,Medellín,Bronce,True,True,True,2,1,375.0,64,3,10,True
28754,Colombia,Medellín,Bronce,False,False,True,0,0,0.0,31,6,9,True
28755,Colombia,Bucaramanga,Bronce,False,True,True,7,5,2161.0,8,6,5,True
28756,Colombia,Villavicencio,Bronce,True,False,True,3,2,889.0,2,0,10,True
28757,Colombia,Medellín,Plata,False,True,True,21,12,8246.0,72,8,5,False
28758,Colombia,Barranquilla,Bronce,False,False,True,1,0,0.0,7,18,5,False
28759,Colombia,Armenia,Bronce,False,True,True,0,0,0.0,14,5,3,True
28760,México,—,Bronce,False,False,True,0,0,0.0,38,5,7,True
28761,México,—,Bronce,False,False,True,7,5,3247.0,12,4,8,True
28762,Colombia,Bucaramanga,Bronce,False,False,True,2,1,443.0,30,12,4,False
28763,Colombia,Cali,Bronce,False,False,True,0,0,0.0,25,2,5,True
28764,Colombia,Armenia,Plata,False,False,True,8,5,2623.0,3,15,5,False
28765,Colombia,Bogotá D.C.,Bronce,False,False,True,5,3,1467.0,39,3,6,True
28766,Colombia,Bogotá D.C.,Bronce,False,False,False,4,2,1068.0,72,2,7,True
28767,Colombia,Neiva,Bronce,True,False,False,4,2,1113.0,39,5,8,True
28768,Colombia,Cali,Bronce,True,False,True,1,0,0.0,20,5,9,True
28769,Ecuador,—,Bronce,True,False,True,4,3,1245.0,46,4,7,True
28770,México,—,Bronce,True,True,True,1,0,0.0,10,2,7,True
28771,Colombia,Neiva,Bronce,False,True,False,2,1,650.0,49,2,8,True
28772,México,—,Bronce,False,False,False,0,0,0.0,106,6,7,True
28773,Colombia,Bucaramanga,Bronce,True,True,False,0,0,0.0,69,4,8,True
28774,Colombia,Medellín,Bronce,False,False,True,4,3,1351.0,20,8,6,False
28775,Colombia,Otras ciudades,Bronce,True,True,True,2,1,414.0,33,3,8,True
28776,Colombia,Cali,Plata,True,True,True,9,7,3953.0,29,3,7,True
28777,Colombia,Otras ciudades,Bronce,False,False,False,2,1,440.0,76,6,7,True
28778,Colombia,Bogotá D.C.,Bronce,False,False,True,3,2,1098.0,25,6,4,True
28779,Colombia,Cali,Bronce,True,False,True,0,0,0.0,11,5,9,True
28780,México,—,Bronce,True,True,False,0,0,0.0,18,1,9,True
28781,Ecuador,—,Bronce,True,False,True,0,0,0.0,55,9,10,False
28782,Perú,—,Bronce,False,False,True,1,0,0.0,8,4,10,True
28783,Colombia,Medellín,Bronce,True,False,True,7,4,2187.0,12,6,5,True
28784,Colombia,Cali,Bronce,False,False,True,0,0,0.0,4,7,7,False
28785,Colombia,Medellín,Bronce,False,False,True,1,0,0.0,16,3,8,True
28786,México,—,Bronce,True,True,True,1,0,0.0,39,1,10,True
28787,Colombia,Bogotá D.C.,Bronce,False,True,True,0,0,0.0,10,10,4,False
28788,Colombia,Cartagena,Bronce,True,False,True,5,3,1510.0,34,6,10,True
28789,Colombia,Cartagena,Plata,False,False,True,12,10,4475.0,50,2,2,True
28790,Colombia,Bogotá D.C.,Oro,False,False,True,42,25,14653.0,44,7,8,False
28791,Colombia,Medellín,Bronce,False,False,False,1,0,0.0,23,9,7,False
28792,México,—,Plata,True,False,True,8,6,2267.0,41,2,3,True
28793,Colombia,Bogotá D.C.,Bronce,False,True,False,2,1,472.0,4,2,7,True
28794,Colombia,Otras ciudades,Bronce,False,True,True,0,0,0.0,11,4,2,True
28795,México,—,Bronce,False,False,True,1,0,0.0,39,8,9,False
28796,Colombia,Bogotá D.C.,Bronce,False,False,False,1,0,0.0,63,6,10,True
28797,Colombia,Otras ciudades,Bronce,False,False,True,3,1,537.0,33,1,5,True
28798,Colombia,Bucaramanga,Bronce,False,True,True,0,0,0.0,5,4,9,True
28799,Colombia,Bogotá D.C.,Bronce,False,False,True,0,0,0.0,29,4,5,True
28800,Colombia,Cali,Bronce,True,False,True,2,1,526.0,46,13,6,False
28801,Ecuador,—,Bronce,True,False,True,2,1,696.0,52,4,7,True
28802,México,—,Bronce,True,False,True,1,0,0.0,7,2,5,True
28803,Colombia,Bogotá D.C.,Bronce,True,True,False,1,0,0.0,30,3,6,True
28804,Colombia,Bogotá D.C.,Bronce,False,False,True,0,0,0.0,68,2,7,True
28805,México,—,Platino,False,False,True,255,190,50147.0,16,5,9,True
28806,Colombia,Bogotá D.C.,Bronce,False,True,True,0,0,0.0,43,2,6,True
28807,Ecuador,—,Bronce,True,True,True,6,4,1506.0,2,10,9,False
28808,México,—,Bronce,True,True,True,2,1,586.0,15,0,6,True
28809,Colombia,Bogotá D.C.,Bronce,False,False,False,4,3,1543.0,30,4,5,True
28810,Colombia,Bogotá D.C.,Bronce,True,False,False,0,0,0.0,12,0,6,True
28811,México,—,Bronce,True,True,True,6,4,2230.0,12,8,5,False
28812,México,—,Bronce,False,False,True,0,0,0.0,61,7,7,False
28813,Colombia,Bogotá D.C.,Oro,True,False,True,56,50,23815.0,59,4,6,True
28814,Colombia,Otras ciudades,Bronce,False,False,True,1,0,0.0,3,19,5,False
28815,México,—,Plata,False,False,True,8,4,2894.0,14,4,10,True
28816,Colombia,Bogotá D.C.,Bronce,False,False,True,0,0,0.0,45,6,10,True
28817,Uruguay,—,Bronce,False,True,True,2,1,555.0,25,6,5,True
28818,Colombia,Medellín,Bronce,False,False,False,1,0,0.0,29,0,9,True
28819,México,—,Oro,True,True,True,29,26,16932.0,14,3,8,True
28820,Colombia,Bogotá D.C.,Bronce,False,False,True,1,0,0.0,27,0,9,True
28821,Colombia,Bogotá D.C.,Bronce,True,False,True,1,0,0.0,22,14,8,False
28822,México,—,Bronce,False,False,True,0,0,0.0,1,7,8,False
28823,Colombia,Cali,Bronce,False,False,True,2,1,449.0,58,2,10,True
28824,Colombia,Cali,Bronce,False,False,True,1,0,0.0,26,12,7,False
28825,Colombia,Bucaramanga,Bronce,False,False,True,2,1,395.0,34,2,9,True
28826,Colombia,Bucaramanga,Bronce,False,False,True,0,0,0.0,40,2,7,True
28827,Colombia,Medellín,Bronce,False,True,False,0,0,0.0,6,4,2,True
28828,Colombia,Otras ciudades,Bronce,True,False,False,1,0,0.0,4,25,6,False
28829,Colombia,Neiva,Plata,False,False,True,8,6,3471.0,33,4,9,True
28830,Colombia,Bogotá D.C.,Bronce,False,True,True,0,0,0.0,37,11,10,False
28831,Colombia,Medellín,Bronce,False,False,False,3,2,1169.0,24,12,5,False
28832,Ecuador,—,Bronce,False,False,True,0,0,0.0,13,2,3,True
28833,México,—,Bronce,False,True,False,0,0,0.0,9,1,8,True
28834,Colombia,Medellín,Bronce,True,False,False,0,0,0.0,32,2,9,True
28835,Perú,—,Bronce,True,False,True,1,0,0.0,15,2,5,True
28836,México,—,Bronce,False,False,False,4,3,1030.0,91,12,5,False
28837,México,—,Bronce,False,True,True,3,2,1305.0,34,1,4,True
28838,México,—,Bronce,False,False,True,6,4,2326.0,16,6,8,True
28839,Colombia,Barranquilla,Bronce,False,False,True,1,0,0.0,53,1,9,True
28840,México,—,Bronce,True,False,True,0,0,0.0,20,15,5,False
28841,Colombia,Cali,Plata,True,False,True,23,20,7085.0,8,5,10,True
28842,Colombia,Manizales,Bronce,False,False,True,2,1,641.0,71,10,6,False
28843,Chile,—,Bronce,False,False,True,7,4,1856.0,31,2,5,True
28844,Colombia,Ibagué,Bronce,False,False,True,1,0,0.0,19,21,5,False
28845,Perú,—,Bronce,False,False,False,0,0,0.0,26,10,6,False
28846,Colombia,Bogotá D.C.,Bronce,True,True,True,0,0,0.0,6,6,8,True
28847,México,—,Plata,False,False,True,14,10,3488.0,27,3,6,True
28848,Colombia,Barranquilla,Bronce,True,False,False,0,0,0.0,31,3,10,True
28849,Colombia,Bogotá D.C.,Bronce,False,True,True,4,3,1631.0,9,8,6,False
28850,México,—,Bronce,True,False,True,6,5,2705.0,7,2,5,True
28851,Colombia,Bogotá D.C.,Bronce,True,False,True,1,0,0.0,27,2,10,True
28852,Colombia,Bogotá D.C.,Bronce,True,False,False,3,2,1616.0,30,12,9,False
28853,Colombia,Armenia,Bronce,False,True,False,0,0,0.0,53,3,9,True
28854,Colombia,Bogotá D.C.,Bronce,True,True,True,0,0,0.0,19,8,9,False
28855,Colombia,Cali,Bronce,False,False,True,7,5,3183.0,35,12,7,False
28856,Colombia,Medellín,Bronce,True,False,True,0,0,0.0,19,10,5,False
28857,Colombia,Medellín,Bronce,False,False,True,2,1,571.0,24,2,10,True
28858,Colombia,Sincelejo,Bronce,True,False,True,1,0,0.0,24,3,5,True
28859,Colombia,Otras ciudades,Bronce,False,False,True,1,0,0.0,76,6,6,True
28860,Colombia,Bogotá D.C.,Bronce,False,False,True,4,3,1475.0,10,14,6,False
28861,Colombia,Bogotá D.C.,Bronce,True,True,True,0,0,0.0,34,3,7,True
28862,México,—,Bronce,False,False,True,2,1,370.0,47,7,4,False
28863,Colombia,Bucaramanga,Bronce,True,False,True,1,0,0.0,37,3,4,True
28864,México,—,Bronce,False,False,True,7,5,2220.0,21,2,7,True
28865,Uruguay,—,Bronce,True,True,True,0,0,0.0,11,14,7,False
28866,Colombia,Barranquilla,Bronce,True,False,True,1,0,0.0,11,0,7,True
28867,Colombia,Ibagué,Bronce,True,False,True,0,0,0.0,94,6,4,True
28868,Colombia,Pereira,Bronce,True,True,False,1,0,0.0,26,4,6,True
28869,México,—,Plata,False,False,True,15,12,6731.0,42,9,4,False
28870,Colombia,Ibagué,Oro,False,True,True,27,23,8306.0,19,2,10,True
28871,Ecuador,—,Bronce,False,True,False,3,2,822.0,8,3,6,True
28872,Ecuador,—,Bronce,True,False,True,1,0,0.0,76,0,10,True
28873,Colombia,Bogotá D.C.,Platino,True,False,True,77,52,20801.0,55,2,8,True
28874,Colombia,Cartagena,Bronce,False,False,True,1,0,0.0,9,2,5,True
28875,Colombia,Bogotá D.C.,Bronce,False,False,False,0,0,0.0,46,11,5,False
28876,Colombia,Cúcuta,Bronce,True,True,True,1,0,0.0,8,17,8,False
28877,Uruguay,—,Bronce,False,True,False,5,4,2450.0,52,1,7,True
28878,Uruguay,—,Bronce,True,False,True,3,2,887.0,15,2,10,True
28879,Colombia,Bogotá D.C.,Bronce,False,True,True,3,2,842.0,35,9,6,False
28880,Colombia,Otras ciudades,Bronce,False,False,False,0,0,0.0,16,4,8,True
28881,Colombia,Barranquilla,Plata,False,False,True,12,7,2022.0,33,4,5,True
28882,Colombia,Barranquilla,Bronce,False,False,True,4,2,903.0,9,11,6,False
28883,Colombia,Cúcuta,Bronce,False,False,True,4,3,2210.0,5,5,9,True
28884,México,—,Bronce,False,False,True,0,0,0.0,9,5,9,True
28885,Colombia,Otras ciudades,Bronce,True,False,True,0,0,0.0,39,10,10,False
28886,Colombia,Valledupar,Plata,True,True,True,11,8,4740.0,41,0,10,True
28887,Ecuador,—,Bronce,True,False,True,4,2,1008.0,31,1,6,True
28888,Colombia,Otras ciudades,Bronce,False,False,True,0,0,0.0,9,23,10,False
28889,Colombia,Bogotá D.C.,Bronce,True,False,True,0,0,0.0,11,3,2,True
28890,Colombia,Cartagena,Bronce,False,True,False,0,0,0.0,2,1,9,True
28891,Colombia,Bogotá D.C.,Plata,False,False,True,11,7,2714.0,22,0,7,True
28892,Colombia,Barranquilla,Oro,True,True,True,38,29,16042.0,77,7,8,False
28893,México,—,Bronce,False,False,True,0,0,0.0,61,3,6,True
28894,Colombia,Cartagena,Bronce,True,True,False,2,1,558.0,3,8,5,False
28895,Colombia,Montería,Plata,True,False,True,11,8,3988.0,13,2,6,True
28896,Colombia,Bogotá D.C.,Bronce,False,False,True,7,4,2517.0,41,3,4,True
28897,Colombia,Cali,Bronce,True,False,True,2,1,543.0,5,7,8,False
28898,Colombia,Cali,Bronce,True,False,True,2,1,442.0,17,0,10,True
28899,Colombia,Cúcuta,Bronce,False,False,True,6,4,2262.0,46,6,6,True
28900,Perú,—,Bronce,True,False,True,2,1,398.0,58,5,10,True
28901,Colombia,Bogotá D.C.,Bronce,True,False,True,0,0,0.0,13,0,5,True
28902,Colombia,Cartagena,Bronce,True,False,False,1,0,0.0,46,4,4,True
28903,Colombia,Cali,Bronce,True,False,True,5,3,1626.0,30,7,7,False
28904,Ecuador,—,Plata,False,False,True,10,7,2517.0,26,5,10,True
28905,Colombia,Bogotá D.C.,Bronce,False,False,False,4,2,1058.0,4,4,7,True
28906,Chile,—,Bronce,False,True,True,0,0,0.0,5,3,8,True
28907,Colombia,Medellín,Bronce,False,False,False,3,2,732.0,25,1,10,True
28908,Colombia,Bogotá D.C.,Bronce,True,False,False,2,1,363.0,11,2,7,True
28909,Colombia,Bogotá D.C.,Bronce,True,True,True,1,0,0.0,5,13,10,False
28910,Colombia,Barranquilla,Bronce,False,False,True,5,3,1195.0,86,1,5,True
28911,Colombia,Medellín,Bronce,True,True,True,2,1,709.0,37,10,5,False
28912,Uruguay,—,Bronce,False,False,False,0,0,0.0,27,6,10,True
28913,Colombia,Barranquilla,Bronce,False,False,True,4,2,779.0,2,18,10,False
28914,México,—,Bronce,False,False,True,2,1,211.0,2,2,4,True
28915,Chile,—,Bronce,True,False,True,6,4,1753.0,26,3,8,True
28916,Colombia,Cartagena,Bronce,True,True,False,0,0,0.0,125,25,6,False
28917,México,—,Bronce,False,False,True,1,0,0.0,56,7,2,False
28918,Ecuador,—,Bronce,False,False,True,1,0,0.0,30,12,9,False
28919,Colombia,Bucaramanga,Bronce,True,False,False,1,0,0.0,26,13,9,False
28920,Colombia,Manizales,Bronce,True,False,True,0,0,0.0,54,4,5,True
28921,Colombia,Cali,Oro,False,False,True,44,25,13469.0,41,9,9,False
28922,Ecuador,—,Bronce,True,False,True,7,5,2825.0,94,7,4,False
28923,México,—,Bronce,False,False,True,1,0,0.0,8,7,9,False
28924,Colombia,Otras ciudades,Bronce,True,False,True,0,0,0.0,9,0,3,True
28925,Colombia,Cali,Bronce,True,False,True,0,0,0.0,16,3,10,True
28926,Colombia,Manizales,Bronce,True,True,True,0,0,0.0,43,8,4,False
28927,Uruguay,—,Bronce,False,False,True,0,0,0.0,13,6,8,True
28928,Colombia,Sincelejo,Bronce,True,False,True,0,0,0.0,10,3,9,True
28929,Ecuador,—,Bronce,False,False,True,0,0,0.0,11,10,9,False
28930,Colombia,Bucaramanga,Bronce,False,False,True,0,0,0.0,19,3,8,True
28931,Colombia,Medellín,Bronce,False,False,True,2,1,442.0,26,2,6,True
28932,México,—,Bronce,False,False,True,2,1,438.0,26,1,5,True
28933,Colombia,Cali,Oro,False,False,True,43,36,18714.0,39,1,8,True
28934,Colombia,Bogotá D.C.,Bronce,False,True,False,5,3,1629.0,31,17,8,False
28935,Colombia,Bogotá D.C.,Bronce,False,True,True,2,1,589.0,14,5,8,True
28936,Colombia,Bogotá D.C.,Bronce,False,True,True,0,0,0.0,27,11,10,False
28937,Uruguay,—,Bronce,True,False,True,3,1,539.0,26,10,7,False
28938,Colombia,Cali,Bronce,False,False,True,0,0,0.0,13,7,5,False
28939,Colombia,Bucaramanga,Bronce,True,False,True,0,0,0.0,8,1,5,True
28940,Colombia,Bogotá D.C.,Bronce,False,False,True,0,0,0.0,3,2,7,True
28941,Chile,—,Plata,True,True,True,9,5,2557.0,33,3,9,True
28942,Colombia,Bogotá D.C.,Bronce,False,False,False,3,1,632.0,24,5,2,True
28943,Uruguay,—,Bronce,False,False,True,3,2,1578.0,14,8,10,False
28944,México,—,Bronce,True,False,True,4,2,692.0,4,15,10,False
28945,México,—,Bronce,False,False,True,1,0,0.0,15,6,7,True
28946,Colombia,Santa Marta,Bronce,False,False,False,0,0,0.0,19,0,7,True
28947,Uruguay,—,Plata,True,False,True,12,7,3617.0,51,7,7,False
28948,Colombia,Cartagena,Bronce,False,False,True,3,2,658.0,10,6,9,True
28949,Ecuador,—,Plata,True,False,True,8,4,1298.0,43,0,10,True
28950,México,—,Bronce,True,False,True,1,0,0.0,27,5,8,True
28951,Ecuador,—,Bronce,True,False,True,3,1,347.0,27,1,8,True
28952,Ecuador,—,Bronce,False,False,True,0,0,0.0,18,0,8,True
28953,Colombia,Bogotá D.C.,Bronce,True,False,True,4,2,886.0,42,8,9,False
28954,Ecuador,—,Bronce,False,False,True,3,2,1051.0,57,5,8,True
28955,Colombia,Otras ciudades,Bronce,True,False,True,0,0,0.0,11,3,10,True
28956,México,—,Bronce,False,False,False,4,3,1230.0,61,11,7,False
28957,México,—,Bronce,False,True,True,2,1,332.0,20,0,8,True
28958,Colombia,Bogotá D.C.,Bronce,False,False,True,7,6,2816.0,24,1,7,True
28959,México,—,Bronce,True,False,True,0,0,0.0,30,6,7,True
28960,Uruguay,—,Bronce,True,True,False,4,3,2079.0,23,10,2,False
28961,Ecuador,—,Bronce,False,False,True,6,4,2476.0,43,2,7,True
28962,Colombia,Santa Marta,Bronce,False,False,True,3,2,908.0,15,19,8,False
28963,México,—,Bronce,False,False,True,1,0,0.0,42,3,8,True
28964,Colombia,Cali,Bronce,False,False,False,1,0,0.0,24,6,10,True
28965,México,—,Bronce,True,False,True,5,4,2185.0,18,5,10,True
28966,Colombia,Bogotá D.C.,Bronce,False,True,True,0,0,0.0,10,8,7,False
28967,México,—,Bronce,True,False,True,2,1,311.0,23,7,4,False
28968,Colombia,Cali,Bronce,False,True,True,1,0,0.0,27,0,10,True
28969,Colombia,Otras ciudades,Bronce,True,False,False,0,0,0.0,15,5,4,True
28970,Colombia,Cali,Plata,True,False,True,10,8,4008.0,23,24,9,False
28971,Perú,—,Plata,False,False,True,14,10,6200.0,15,7,4,False
28972,Uruguay,—,Bronce,True,False,True,5,2,702.0,24,8,4,False
28973,Colombia,Bucaramanga,Bronce,True,False,True,1,0,0.0,26,9,7,False
28974,Colombia,Bogotá D.C.,Bronce,False,False,True,3,2,916.0,15,1,5,True
28975,Colombia,Otras ciudades,Bronce,True,False,True,0,0,0.0,30,3,7,True
28976,Colombia,Bucaramanga,Bronce,True,True,True,0,0,0.0,68,6,7,True
28977,México,—,Bronce,False,True,True,5,3,1712.0,1,3,6,True
28978,Colombia,Barranquilla,Bronce,True,False,True,1,0,0.0,48,2,4,True
28979,Colombia,Bogotá D.C.,Bronce,True,False,True,4,3,1531.0,75,2,10,True
28980,Colombia,Valledupar,Bronce,True,False,True,2,1,607.0,10,8,8,False
28981,Colombia,Barranquilla,Bronce,False,False,True,4,3,1166.0,16,10,8,False
28982,Colombia,Otras ciudades,Bronce,False,False,True,0,0,0.0,26,2,6,True
28983,Colombia,Medellín,Plata,True,False,True,8,6,2290.0,6,2,10,True
28984,Chile,—,Bronce,False,False,True,0,0,0.0,18,0,10,True
28985,Colombia,Bogotá D.C.,Plata,False,True,False,15,10,3264.0,54,1,7,True
28986,México,—,Bronce,False,True,True,0,0,0.0,13,3,4,True
28987,México,—,Bronce,True,True,True,0,0,0.0,100,0,7,True
28988,Colombia,Bucaramanga,Bronce,False,False,True,0,0,0.0,22,0,6,True
28989,Colombia,Bucaramanga,Bronce,True,True,True,1,0,0.0,37,3,7,True
28990,Ecuador,—,Bronce,False,False,True,4,3,997.0,13,2,10,True
28991,Colombia,Medellín,Bronce,False,False,True,0,0,0.0,45,0,7,True
28992,Colombia,Otras ciudades,Bronce,False,False,True,1,0,0.0,29,6,7,True
28993,México,—,Bronce,False,False,True,0,0,0.0,51,4,8,True
28994,Colombia,Bogotá D.C.,Bronce,True,False,True,6,4,1977.0,30,20,6,False
28995,Colombia,Cali,Bronce,False,True,False,0,0,0.0,28,9,10,False
28996,México,—,Bronce,True,True,True,0,0,0.0,12,2,7,True
28997,Colombia,Neiva,Bronce,True,True,True,2,1,541.0,19,3,9,True
28998,Colombia,Otras ciudades,Bronce,False,False,False,2,1,567.0,23,10,10,False
28999,Colombia,Medellín,Bronce,False,False,True,5,4,1913.0,43,8,9,False
29000,Colombia,Bogotá D.C.,Bronce,False,False,False,2,1,403.0,80,10,10,False
29001,Ecuador,—,Bronce,False,False,True,2,1,423.0,7,9,8,False
29002,Colombia,Pereira,Bronce,False,True,True,3,1,463.0,13,4,6,True
29003,Colombia,Bogotá D.C.,Bronce,True,False,True,0,0,0.0,35,16,9,False
29004,Colombia,Medellín,Plata,False,False,True,14,12,4770.0,31,11,6,False
29005,Chile,—,Plata,False,False,True,8,7,3323.0,24,0,1,True
29006,Perú,—,Plata,True,False,True,8,7,3645.0,28,25,4,False
29007,Colombia,Cartagena,Bronce,True,False,True,1,0,0.0,11,0,10,True
29008,México,—,Bronce,True,True,True,0,0,0.0,15,12,10,False
29009,Colombia,Medellín,Plata,True,False,True,15,12,7069.0,13,0,7,True
29010,Colombia,Bogotá D.C.,Bronce,False,False,True,0,0,0.0,5,1,8,True
29011,Chile,—,Plata,False,False,True,10,5,1514.0,55,1,8,True
29012,Colombia,Bogotá D.C.,Bronce,True,False,True,1,0,0.0,44,3,9,True
29013,Colombia,Medellín,Bronce,False,False,True,4,2,589.0,20,5,6,True
29014,Ecuador,—,Bronce,True,False,True,0,0,0.0,42,1,8,True
29015,Ecuador,—,Oro,True,False,False,31,25,10847.0,45,9,10,False
29016,Colombia,Bucaramanga,Plata,False,False,True,16,10,5828.0,18,2,7,True
29017,Colombia,Barranquilla,Plata,True,False,True,9,6,3015.0,11,9,7,False
29018,Uruguay,—,Bronce,True,False,True,4,3,1691.0,42,0,7,True
29019,Chile,—,Plata,True,True,True,8,5,2267.0,24,7,5,False
29020,Colombia,Bogotá D.C.,Bronce,False,False,True,0,0,0.0,5,15,6,False
29021,Colombia,Bogotá D.C.,Bronce,True,False,True,0,0,0.0,4,2,5,True
29022,Colombia,Neiva,Bronce,False,True,True,1,0,0.0,25,19,8,False
29023,Colombia,Bucaramanga,Bronce,False,False,True,1,0,0.0,27,12,7,False
29024,México,—,Bronce,True,False,True,0,0,0.0,46,5,9,True
29025,Colombia,Medellín,Bronce,True,True,True,0,0,0.0,36,2,10,True
29026,Colombia,Bogotá D.C.,Bronce,False,True,True,4,3,1069.0,14,10,10,False
29027,Perú,—,Oro,False,False,True,26,15,7760.0,19,5,8,True
29028,Colombia,Cúcuta,Bronce,False,True,True,0,0,0.0,11,1,7,True
29029,México,—,Bronce,False,True,True,2,1,489.0,19,2,5,True
29030,Colombia,Barranquilla,Bronce,False,False,True,2,1,396.0,7,9,8,False
29031,Colombia,Medellín,Bronce,False,True,True,4,2,616.0,24,3,7,True
29032,Colombia,Cartagena,Bronce,False,True,True,0,0,0.0,101,2,10,True
29033,Colombia,Bogotá D.C.,Bronce,False,False,True,0,0,0.0,13,7,7,False
29034,Colombia,Bogotá D.C.,Plata,False,True,False,10,9,3835.0,17,5,5,True
29035,Colombia,Sincelejo,Bronce,False,False,True,0,0,0.0,11,0,10,True
29036,Colombia,Cúcuta,Oro,True,False,True,45,30,12001.0,122,1,5,True
29037,México,—,Bronce,True,True,True,1,0,0.0,27,9,6,False
29038,Colombia,Bucaramanga,Oro,False,False,True,26,22,10327.0,23,4,6,True
29039,Colombia,Bogotá D.C.,Bronce,True,False,True,0,0,0.0,54,7,8,False
29040,México,—,Plata,False,False,True,8,6,3175.0,39,7,2,False
29041,Colombia,Otras ciudades,Bronce,False,False,False,0,0,0.0,25,6,4,True
29042,Perú,—,Bronce,False,False,False,1,0,0.0,24,5,3,True
29043,Colombia,Otras ciudades,Bronce,True,False,True,2,1,486.0,38,3,8,True
29044,Perú,—,Bronce,False,False,True,3,1,567.0,102,4,2,True
29045,México,—,Bronce,True,False,True,0,0,0.0,52,3,9,True
29046,Colombia,Pasto,Bronce,False,False,True,1,0,0.0,9,1,5,True
29047,Colombia,Medellín,Bronce,True,False,True,0,0,0.0,2,2,7,True
29048,Colombia,Otras ciudades,Bronce,False,True,False,3,2,1106.0,9,1,8,True
29049,Colombia,Bogotá D.C.,Bronce,False,False,False,1,0,0.0,26,2,10,True
29050,Colombia,Cali,Bronce,True,False,True,5,4,1695.0,30,9,7,False
29051,Colombia,Medellín,Bronce,True,False,True,0,0,0.0,70,2,7,True
29052,Colombia,Cali,Bronce,False,False,True,1,0,0.0,49,14,10,False
29053,Colombia,Ibagué,Plata,False,False,False,11,10,5446.0,52,13,5,False
29054,México,—,Bronce,False,False,False,4,3,1738.0,55,1,5,True
29055,Colombia,Cúcuta,Bronce,False,False,True,0,0,0.0,79,2,10,True
29056,Colombia,Cali,Bronce,False,False,False,2,1,483.0,16,2,7,True
29057,Perú,—,Bronce,False,True,True,4,2,1211.0,57,3,8,True
29058,Colombia,Santa Marta,Bronce,False,False,False,6,5,2330.0,48,9,8,False
29059,México,—,Bronce,False,False,True,1,0,0.0,26,13,10,False
29060,Colombia,Otras ciudades,Bronce,True,True,True,3,2,1032.0,43,6,9,True
29061,Colombia,Otras ciudades,Bronce,True,False,False,1,0,0.0,49,12,8,False
29062,Colombia,Medellín,Bronce,False,False,True,0,0,0.0,2,3,4,True
29063,México,—,Bronce,False,False,False,0,0,0.0,95,16,8,False
29064,México,—,Bronce,False,False,True,5,3,1441.0,15,4,10,True
29065,Colombia,Bogotá D.C.,Bronce,True,False,True,0,0,0.0,11,5,7,True
29066,Colombia,Otras ciudades,Bronce,True,True,True,5,4,2261.0,12,8,5,False
29067,Ecuador,—,Plata,True,False,False,14,9,4461.0,38,20,4,False
29068,Colombia,Bogotá D.C.,Bronce,False,True,True,1,0,0.0,18,7,8,False
29069,Colombia,Bogotá D.C.,Plata,False,False,True,11,7,4159.0,35,7,10,False
29070,Colombia,Bucaramanga,Bronce,True,False,True,6,5,2489.0,65,9,9,False
29071,Colombia,Manizales,Bronce,True,True,True,7,5,1623.0,26,3,9,True
29072,México,—,Bronce,True,False,True,4,2,806.0,45,8,10,False
29073,Ecuador,—,Bronce,True,False,True,1,0,0.0,18,2,8,True
29074,México,—,Bronce,False,False,False,3,2,910.0,69,2,7,True
29075,Ecuador,—,Bronce,True,False,True,0,0,0.0,50,23,10,False
29076,Colombia,Bogotá D.C.,Bronce,False,False,True,4,3,1019.0,1,10,5,False
29077,Colombia,Sincelejo,Bronce,False,False,True,0,0,0.0,43,6,10,True
29078,Colombia,Bogotá D.C.,Bronce,False,False,True,1,0,0.0,12,1,9,True
29079,Colombia,Cartagena,Bronce,True,False,True,0,0,0.0,25,7,0,False
29080,Colombia,Santa Marta,Bronce,False,False,True,0,0,0.0,9,5,7,True
29081,México,—,Bronce,False,False,True,6,3,1208.0,30,1,3,True
29082,México,—,Bronce,True,True,True,1,0,0.0,15,3,3,True
29083,Ecuador,—,Bronce,True,False,True,0,0,0.0,37,4,9,True
29084,Colombia,Ibagué,Bronce,False,False,True,2,1,499.0,53,8,6,False
29085,Perú,—,Bronce,False,True,False,1,0,0.0,14,4,9,True
29086,México,—,Plata,True,True,True,10,8,4538.0,26,4,5,True
29087,México,—,Bronce,False,False,True,1,0,0.0,90,0,8,True
29088,Colombia,Ibagué,Plata,False,False,True,16,12,6815.0,37,2,9,True
29089,Colombia,Otras ciudades,Bronce,False,True,True,1,0,0.0,89,3,4,True
29090,Colombia,Medellín,Bronce,True,False,True,0,0,0.0,18,11,2,False
29091,Colombia,Barranquilla,Bronce,False,False,True,0,0,0.0,52,4,9,True
29092,Colombia,Sincelejo,Bronce,True,True,True,0,0,0.0,28,8,8,False
29093,Colombia,Cúcuta,Bronce,False,False,True,0,0,0.0,29,0,7,True
29094,Colombia,Pasto,Bronce,False,False,False,0,0,0.0,21,13,10,False
29095,Chile,—,Bronce,False,False,True,1,0,0.0,30,6,4,True
29096,Colombia,Cali,Bronce,True,True,True,0,0,0.0,66,4,5,True
29097,Colombia,Medellín,Bronce,True,False,True,7,5,2349.0,8,3,10,True
29098,Uruguay,—,Plata,True,False,True,14,11,5766.0,43,9,6,False
29099,Colombia,Montería,Bronce,False,True,False,1,0,0.0,34,4,9,True
29100,México,—,Bronce,False,True,True,6,4,932.0,84,1,4,True
29101,Colombia,Bucaramanga,Plata,False,False,True,10,7,3710.0,1,25,2,False
29102,Colombia,Bogotá D.C.,Plata,True,True,False,10,7,3377.0,16,7,6,False
29103,Chile,—,Bronce,False,False,True,0,0,0.0,7,0,6,True
29104,Colombia,Otras ciudades,Bronce,True,False,False,0,0,0.0,33,5,8,True
29105,Colombia,Cúcuta,Bronce,True,False,True,4,3,1143.0,40,7,5,False
29106,México,—,Bronce,False,False,True,0,0,0.0,9,10,8,False
29107,Colombia,Ibagué,Bronce,True,False,True,4,3,1392.0,5,11,5,False
29108,Colombia,Bogotá D.C.,Bronce,False,False,True,0,0,0.0,6,25,3,False
29109,México,—,Bronce,True,True,True,2,1,472.0,21,2,8,True
29110,Colombia,Bogotá D.C.,Bronce,True,False,False,1,0,0.0,27,1,4,True
29111,Chile,—,Bronce,True,False,True,0,0,0.0,9,0,9,True
29112,Uruguay,—,Bronce,False,False,True,1,0,0.0,9,13,7,False
29113,Perú,—,Bronce,False,True,True,7,4,1027.0,45,25,6,False
29114,Colombia,Cúcuta,Bronce,False,False,True,0,0,0.0,11,3,8,True
29115,Colombia,Bogotá D.C.,Bronce,True,False,True,2,1,429.0,45,11,9,False
29116,Colombia,Medellín,Bronce,False,True,True,0,0,0.0,5,8,4,False
29117,Colombia,Otras ciudades,Plata,False,False,True,21,16,7247.0,29,1,3,True
29118,Colombia,Otras ciudades,Bronce,False,False,True,1,0,0.0,44,1,7,True
29119,Colombia,Barranquilla,Bronce,False,False,False,3,2,611.0,30,10,8,False
29120,Perú,—,Bronce,False,False,True,5,4,1992.0,156,0,9,True
29121,Colombia,Bogotá D.C.,Plata,False,False,False,8,6,3853.0,55,1,7,True
29122,Colombia,Bogotá D.C.,Bronce,False,False,True,0,0,0.0,14,16,6,False
29123,Colombia,Armenia,Plata,True,False,True,9,5,3150.0,22,2,10,True
29124,Chile,—,Bronce,False,False,False,4,2,1059.0,70,2,8,True
29125,Uruguay,—,Bronce,False,False,True,1,0,0.0,16,2,10,True
29126,Uruguay,—,Bronce,True,False,True,1,0,0.0,60,1,6,True
29127,Colombia,Bogotá D.C.,Bronce,True,False,True,4,2,748.0,96,1,6,True
29128,México,—,Bronce,True,False,True,3,2,756.0,3,6,10,True
29129,Perú,—,Bronce,True,False,True,0,0,0.0,76,21,7,False
29130,Colombia,Bogotá D.C.,Bronce,False,True,True,0,0,0.0,3,2,10,True
29131,Colombia,Cali,Bronce,False,True,True,0,0,0.0,16,3,10,True
29132,Colombia,Medellín,Plata,False,False,False,17,11,3232.0,29,2,10,True
29133,Colombia,Ibagué,Bronce,True,False,True,1,0,0.0,5,17,10,False
29134,Colombia,Pasto,Bronce,False,False,False,0,0,0.0,71,6,5,True
29135,México,—,Bronce,False,True,True,0,0,0.0,26,2,10,True
29136,México,—,Plata,True,True,True,11,6,3081.0,7,19,10,False
29137,Chile,—,Bronce,False,True,True,4,2,475.0,18,4,4,True
29138,Ecuador,—,Bronce,False,False,False,0,0,0.0,8,4,8,True
29139,Colombia,Medellín,Bronce,True,False,True,0,0,0.0,22,2,8,True
29140,Uruguay,—,Platino,False,False,True,320,214,110503.0,32,2,6,True
29141,Perú,—,Bronce,True,False,True,0,0,0.0,128,7,7,False
29142,Ecuador,—,Bronce,False,False,True,4,2,1307.0,89,1,6,True
29143,Colombia,Barranquilla,Bronce,True,False,True,2,1,612.0,22,0,8,True
29144,Colombia,Barranquilla,Oro,True,False,True,33,27,15142.0,66,7,2,False
29145,Colombia,Sincelejo,Platino,True,False,True,70,60,29969.0,14,6,10,True
29146,Colombia,Cali,Bronce,False,True,True,2,1,403.0,10,5,8,True
29147,Colombia,Bogotá D.C.,Bronce,False,True,False,1,0,0.0,16,8,9,False
29148,México,—,Bronce,False,True,True,0,0,0.0,12,7,8,False
29149,Ecuador,—,Plata,False,True,True,9,5,2580.0,62,1,4,True
29150,Colombia,Bucaramanga,Bronce,False,False,True,2,1,495.0,13,12,4,False
29151,Colombia,Bogotá D.C.,Bronce,False,False,False,1,0,0.0,22,8,6,False
29152,Colombia,Bogotá D.C.,Bronce,False,False,True,0,0,0.0,9,3,7,True
29153,México,—,Bronce,True,False,False,4,3,1309.0,48,5,9,True
29154,Colombia,Medellín,Bronce,False,False,True,0,0,0.0,56,3,5,True
29155,Colombia,Otras ciudades,Oro,False,True,True,33,21,10142.0,42,8,10,False
29156,Uruguay,—,Bronce,True,True,True,0,0,0.0,9,13,3,False
29157,Perú,—,Bronce,False,False,True,0,0,0.0,32,0,7,True
29158,Colombia,Bucaramanga,Bronce,False,False,True,4,2,894.0,23,11,8,False
29159,México,—,Bronce,True,True,False,2,1,633.0,27,4,3,True
29160,México,—,Bronce,False,True,True,2,1,376.0,12,3,10,True
29161,Colombia,Bogotá D.C.,Bronce,False,False,True,2,1,585.0,114,2,9,True
29162,Colombia,Bogotá D.C.,Bronce,True,False,False,4,2,999.0,21,17,8,False
29163,Colombia,Barranquilla,Plata,True,False,True,20,16,8995.0,17,6,4,True
29164,Colombia,Medellín,Bronce,False,False,False,1,0,0.0,6,2,7,True
29165,Colombia,Otras ciudades,Bronce,False,True,True,0,0,0.0,16,5,8,True
29166,Colombia,Bogotá D.C.,Bronce,False,True,True,2,1,363.0,35,6,10,True
29167,Colombia,Otras ciudades,Bronce,False,False,True,1,0,0.0,30,0,7,True
29168,México,—,Bronce,False,False,True,2,1,575.0,52,5,7,True
29169,Colombia,Cúcuta,Bronce,False,True,False,0,0,0.0,59,11,9,False
29170,Colombia,Bucaramanga,Bronce,True,True,True,1,0,0.0,8,9,8,False
29171,Colombia,Bogotá D.C.,Bronce,True,False,True,1,0,0.0,37,6,7,True
29172,Colombia,Bogotá D.C.,Bronce,False,False,True,0,0,0.0,11,0,6,True
29173,Colombia,Bogotá D.C.,Bronce,True,False,True,3,1,465.0,28,1,5,True
29174,Uruguay,—,Bronce,True,True,False,1,0,0.0,27,2,8,True
29175,Colombia,Medellín,Bronce,False,False,True,2,1,337.0,27,4,6,True
29176,Uruguay,—,Bronce,True,True,True,0,0,0.0,11,3,10,True
29177,Colombia,Bogotá D.C.,Bronce,False,False,True,0,0,0.0,6,13,8,False
29178,Perú,—,Bronce,False,False,True,2,1,384.0,90,17,10,False
29179,Colombia,Bogotá D.C.,Plata,True,False,True,11,9,4147.0,66,2,5,True
29180,México,—,Bronce,False,False,True,0,0,0.0,11,1,3,True
29181,México,—,Bronce,True,False,True,2,1,336.0,2,0,6,True
29182,Ecuador,—,Bronce,False,True,True,2,1,583.0,10,13,7,False
29183,Colombia,Medellín,Bronce,True,False,True,0,0,0.0,16,1,8,True
29184,México,—,Bronce,False,False,False,1,0,0.0,31,18,10,False
29185,Colombia,Barranquilla,Bronce,False,False,True,4,2,908.0,65,1,10,True
29186,Ecuador,—,Plata,False,False,False,9,7,2981.0,70,1,2,True
29187,Colombia,Bogotá D.C.,Bronce,True,True,True,2,1,618.0,6,0,5,True
29188,Colombia,Cali,Bronce,True,True,True,7,5,1952.0,27,2,5,True
29189,Colombia,Bogotá D.C.,Bronce,False,False,True,4,3,1512.0,10,3,7,True
29190,Colombia,Medellín,Bronce,False,False,True,0,0,0.0,2,10,10,False
29191,Ecuador,—,Bronce,True,False,True,2,1,586.0,20,8,6,False
29192,Uruguay,—,Bronce,False,False,True,4,2,1111.0,15,18,3,False
29193,México,—,Bronce,False,False,True,5,4,1810.0,33,17,7,False
29194,México,—,Bronce,False,False,False,5,4,2564.0,25,5,6,True
29195,Colombia,Barranquilla,Bronce,False,False,True,1,0,0.0,70,5,5,True
29196,Colombia,Otras ciudades,Bronce,False,False,True,1,0,0.0,8,6,6,True
29197,Colombia,Bogotá D.C.,Bronce,True,False,True,3,2,926.0,18,10,10,False
29198,México,—,Bronce,False,False,True,0,0,0.0,31,6,10,True
29199,Uruguay,—,Bronce,True,True,True,0,0,0.0,72,3,10,True
29200,Colombia,Medellín,Bronce,False,False,True,1,0,0.0,52,2,9,True
29201,Colombia,Bucaramanga,Bronce,True,True,True,3,2,902.0,14,9,10,False
29202,Colombia,Medellín,Bronce,False,False,False,0,0,0.0,61,8,7,False
29203,Colombia,Barranquilla,Plata,False,False,True,8,6,3329.0,9,6,8,True
29204,Colombia,Bogotá D.C.,Bronce,False,False,True,3,2,701.0,27,7,6,False
29205,Colombia,Cartagena,Bronce,True,True,True,6,5,2924.0,28,0,6,True
29206,Perú,—,Bronce,False,True,True,1,0,0.0,9,11,9,False
29207,Colombia,Medellín,Bronce,False,True,True,0,0,0.0,12,2,7,True
29208,Perú,—,Bronce,True,False,True,4,2,973.0,50,1,8,True
29209,Colombia,Neiva,Bronce,True,False,True,4,3,1498.0,110,2,6,True
29210,Colombia,Bogotá D.C.,Bronce,False,False,False,1,0,0.0,23,5,3,True
29211,Colombia,Otras ciudades,Bronce,True,True,False,3,2,907.0,52,8,4,False
29212,México,—,Bronce,False,False,False,1,0,0.0,24,8,6,False
29213,Chile,—,Bronce,False,False,True,0,0,0.0,7,12,7,False
29214,Perú,—,Bronce,False,False,True,4,2,1071.0,33,2,8,True
29215,Colombia,Bogotá D.C.,Bronce,False,False,True,2,1,433.0,1,14,6,False
29216,Colombia,Neiva,Plata,True,True,True,14,11,7879.0,13,1,9,True
29217,Colombia,Otras ciudades,Bronce,True,False,True,0,0,0.0,9,2,8,True
29218,Colombia,Medellín,Bronce,True,True,False,1,0,0.0,66,8,9,False
29219,Colombia,Pasto,Bronce,False,True,True,0,0,0.0,58,5,4,True
29220,México,—,Bronce,True,False,False,6,4,1928.0,19,5,8,True
29221,Ecuador,—,Bronce,False,False,False,6,3,1569.0,27,3,5,True
29222,Colombia,Otras ciudades,Bronce,False,False,True,0,0,0.0,82,18,9,False
29223,Colombia,Bogotá D.C.,Bronce,True,True,True,5,3,1190.0,2,4,4,True
29224,Colombia,Bogotá D.C.,Bronce,False,False,True,1,0,0.0,55,4,10,True
29225,Colombia,Cúcuta,Bronce,True,False,True,1,0,0.0,20,13,5,False
29226,Colombia,Bogotá D.C.,Bronce,False,False,True,0,0,0.0,57,5,9,True
29227,Colombia,Otras ciudades,Bronce,True,False,False,4,2,440.0,29,1,7,True
29228,Colombia,Villavicencio,Bronce,False,False,True,2,1,578.0,9,7,7,False
29229,Colombia,Pereira,Bronce,True,False,True,2,1,433.0,36,2,8,True
29230,México,—,Plata,True,False,True,11,7,2417.0,56,3,9,True
29231,Colombia,Cartagena,Bronce,True,False,True,2,1,534.0,3,0,4,True
29232,Perú,—,Bronce,False,False,True,2,1,265.0,107,15,10,False
29233,Ecuador,—,Bronce,False,False,True,0,0,0.0,10,1,6,True
29234,México,—,Bronce,False,True,True,1,0,0.0,6,10,5,False
29235,Ecuador,—,Bronce,True,True,True,0,0,0.0,16,4,6,True
29236,Colombia,Bogotá D.C.,Bronce,True,False,True,0,0,0.0,46,18,10,False
29237,México,—,Bronce,True,True,True,2,1,490.0,17,7,5,False
29238,Colombia,Bogotá D.C.,Platino,False,True,True,63,46,21331.0,22,7,9,False
29239,México,—,Bronce,False,False,False,1,0,0.0,17,3,5,True
29240,Colombia,Bogotá D.C.,Bronce,False,False,True,5,4,2088.0,2,7,6,False
29241,Colombia,Bucaramanga,Bronce,True,False,False,1,0,0.0,45,1,9,True
29242,Colombia,Popayán,Bronce,False,False,True,0,0,0.0,12,3,8,True
29243,Uruguay,—,Bronce,True,False,True,1,0,0.0,54,3,7,True
29244,Colombia,Medellín,Bronce,True,False,True,0,0,0.0,6,10,3,False
29245,Colombia,Bucaramanga,Plata,False,True,False,8,7,4417.0,27,2,6,True
29246,Colombia,Medellín,Bronce,False,True,True,0,0,0.0,11,4,8,True
29247,Colombia,Cúcuta,Bronce,False,False,True,0,0,0.0,10,1,8,True
29248,Colombia,Santa Marta,Bronce,False,False,True,2,1,667.0,19,6,4,True
29249,Colombia,Bogotá D.C.,Bronce,False,True,True,0,0,0.0,5,1,4,True
29250,México,—,Plata,True,False,True,9,5,2392.0,29,7,4,False
29251,Colombia,Cali,Bronce,False,True,True,1,0,0.0,3,7,7,False
29252,Colombia,Otras ciudades,Plata,False,False,True,16,12,7067.0,22,12,10,False
29253,México,—,Bronce,False,False,True,2,1,594.0,28,9,5,False
29254,Colombia,Villavicencio,Bronce,False,True,True,2,1,384.0,8,8,9,False
29255,Colombia,Bogotá D.C.,Bronce,False,True,False,2,1,699.0,19,3,3,True
29256,Colombia,Medellín,Plata,False,True,True,15,13,7237.0,4,4,6,True
29257,Colombia,Cali,Bronce,True,True,True,2,1,662.0,44,4,4,True
29258,Colombia,Medellín,Bronce,True,False,False,6,3,1716.0,12,4,5,True
29259,Colombia,Bogotá D.C.,Bronce,False,False,True,1,0,0.0,23,11,8,False
29260,Colombia,Medellín,Bronce,True,False,True,0,0,0.0,26,4,7,True
29261,Colombia,Bogotá D.C.,Bronce,True,False,True,0,0,0.0,34,10,5,False
29262,Colombia,Manizales,Bronce,False,False,True,0,0,0.0,26,6,8,True
29263,México,—,Bronce,False,False,True,2,1,470.0,22,3,7,True
29264,Colombia,Bogotá D.C.,Bronce,True,False,True,0,0,0.0,36,3,6,True
29265,Colombia,Valledupar,Bronce,False,False,True,2,1,223.0,25,6,8,True
29266,Ecuador,—,Bronce,False,False,True,1,0,0.0,5,13,3,False
29267,Ecuador,—,Bronce,True,False,False,0,0,0.0,11,3,9,True
29268,Colombia,Cali,Bronce,True,False,True,2,1,349.0,8,2,7,True
29269,Chile,—,Bronce,True,False,True,3,2,1017.0,29,0,8,True
29270,Ecuador,—,Oro,True,False,True,54,40,21955.0,37,4,5,True
29271,Ecuador,—,Bronce,False,True,True,0,0,0.0,114,4,7,True
29272,Colombia,Cartagena,Bronce,True,True,True,4,3,1422.0,18,7,8,False
29273,Colombia,Bogotá D.C.,Bronce,False,True,True,0,0,0.0,50,4,9,True
29274,Colombia,Bogotá D.C.,Bronce,True,True,True,4,2,1429.0,43,5,5,True
29275,Ecuador,—,Plata,True,True,True,11,7,3581.0,33,5,5,True
29276,México,—,Plata,True,False,True,9,5,2213.0,8,3,6,True
29277,Colombia,Cúcuta,Bronce,False,False,True,0,0,0.0,5,6,10,True
29278,Colombia,Bogotá D.C.,Bronce,True,False,True,2,1,683.0,36,3,10,True
29279,Colombia,Bogotá D.C.,Bronce,False,True,True,1,0,0.0,17,16,10,False
29280,Colombia,Medellín,Bronce,True,False,True,0,0,0.0,9,9,10,False
29281,Ecuador,—,Bronce,True,True,True,5,4,2422.0,14,2,7,True
29282,Colombia,Pereira,Bronce,True,False,False,2,1,368.0,39,2,5,True
29283,Colombia,Popayán,Plata,True,False,True,10,7,4144.0,4,1,7,True
29284,México,—,Bronce,True,False,False,1,0,0.0,57,2,9,True
29285,Colombia,Medellín,Bronce,False,False,True,0,0,0.0,33,4,7,True
29286,Colombia,Medellín,Bronce,False,True,False,0,0,0.0,34,5,6,True
29287,Colombia,Bogotá D.C.,Bronce,False,False,True,0,0,0.0,26,6,9,True
29288,Colombia,Bogotá D.C.,Bronce,False,False,True,0,0,0.0,6,6,7,True
29289,Colombia,Pereira,Bronce,True,True,False,0,0,0.0,1,4,9,True
29290,México,—,Bronce,False,False,True,0,0,0.0,38,21,7,False
29291,Colombia,Medellín,Bronce,False,False,True,7,4,2014.0,44,5,6,True
29292,Ecuador,—,Bronce,False,False,True,0,0,0.0,87,9,6,False
29293,Colombia,Barranquilla,Bronce,False,False,True,3,1,799.0,56,6,7,True
29294,Colombia,Bogotá D.C.,Oro,False,False,True,35,26,9248.0,26,12,8,False
29295,Colombia,Bucaramanga,Bronce,False,False,True,1,0,0.0,8,0,4,True
29296,Colombia,Popayán,Bronce,True,False,True,0,0,0.0,31,2,5,True
29297,Uruguay,—,Bronce,True,True,False,0,0,0.0,60,11,6,False
29298,Colombia,Cali,Bronce,True,False,True,0,0,0.0,8,24,9,False
29299,Chile,—,Platino,False,False,True,90,71,39069.0,23,2,8,True
29300,Colombia,Barranquilla,Bronce,False,False,True,2,1,445.0,5,18,8,False
29301,México,—,Plata,True,False,True,11,7,3343.0,16,4,3,True
29302,Colombia,Pasto,Bronce,False,False,True,1,0,0.0,8,6,6,True
29303,Colombia,Otras ciudades,Bronce,False,False,True,2,1,356.0,8,4,8,True
29304,Colombia,Otras ciudades,Bronce,False,True,False,5,3,1027.0,8,3,10,True
29305,Colombia,Bogotá D.C.,Bronce,False,False,True,2,1,403.0,67,14,2,False
29306,México,—,Bronce,False,False,True,0,0,0.0,8,7,10,False
29307,Ecuador,—,Bronce,True,True,True,1,0,0.0,40,20,10,False
29308,Ecuador,—,Bronce,False,False,True,0,0,0.0,2,1,10,True
29309,Colombia,Bogotá D.C.,Bronce,False,False,True,5,3,1619.0,41,9,8,False
29310,México,—,Bronce,False,True,True,1,0,0.0,71,1,10,True
29311,Perú,—,Bronce,True,False,True,0,0,0.0,4,11,7,False
29312,Colombia,Sincelejo,Bronce,False,True,True,1,0,0.0,21,8,6,False
29313,Colombia,Cali,Bronce,False,True,True,0,0,0.0,6,5,10,True
29314,Colombia,Otras ciudades,Bronce,False,False,True,1,0,0.0,10,6,9,True
29315,Ecuador,—,Bronce,False,False,False,3,2,970.0,20,4,10,True
29316,Colombia,Bogotá D.C.,Bronce,False,False,False,1,0,0.0,13,3,8,True
29317,Colombia,Medellín,Bronce,True,False,True,1,0,0.0,23,5,7,True
29318,Colombia,Cartagena,Bronce,False,True,True,0,0,0.0,26,2,8,True
29319,México,—,Bronce,False,False,True,0,0,0.0,40,3,9,True
29320,Colombia,Ibagué,Bronce,True,False,True,0,0,0.0,55,2,7,True
29321,Colombia,Bogotá D.C.,Plata,False,True,True,13,12,4655.0,10,4,6,True
29322,Ecuador,—,Plata,False,False,False,9,6,3089.0,22,6,6,True
29323,Colombia,Cali,Bronce,True,False,True,7,6,3223.0,14,16,9,False
29324,México,—,Bronce,True,False,True,0,0,0.0,34,4,5,True
29325,Colombia,Bogotá D.C.,Bronce,False,False,True,2,1,459.0,12,2,9,True
29326,Colombia,Bogotá D.C.,Bronce,False,False,True,0,0,0.0,5,4,8,True
29327,Colombia,Medellín,Plata,False,False,True,8,7,3258.0,51,5,7,True
29328,Colombia,Cali,Bronce,True,False,True,2,1,535.0,16,1,6,True
29329,Uruguay,—,Bronce,True,False,True,4,3,1289.0,30,11,9,False
29330,México,—,Bronce,False,False,True,5,3,1340.0,14,5,8,True
29331,Colombia,Bogotá D.C.,Bronce,True,True,True,1,0,0.0,11,5,5,True
29332,Perú,—,Bronce,False,False,True,0,0,0.0,10,5,8,True
29333,Perú,—,Bronce,True,False,False,3,2,834.0,3,4,6,True
29334,México,—,Bronce,True,False,True,2,1,670.0,3,7,6,False
29335,Ecuador,—,Bronce,False,False,True,0,0,0.0,59,2,10,True
29336,Colombia,Barranquilla,Bronce,True,True,True,0,0,0.0,15,4,3,True
29337,Colombia,Bogotá D.C.,Bronce,False,True,True,0,0,0.0,7,10,4,False
29338,Colombia,Otras ciudades,Bronce,True,False,True,2,1,526.0,13,5,7,True
29339,Colombia,Villavicencio,Bronce,True,True,True,1,0,0.0,50,6,5,True
29340,Colombia,Medellín,Plata,False,False,False,8,7,4031.0,39,5,6,True
29341,Colombia,Bogotá D.C.,Bronce,True,False,True,2,1,537.0,54,16,3,False
29342,Uruguay,—,Bronce,True,True,True,2,1,462.0,37,2,6,True
29343,Colombia,Medellín,Bronce,False,False,True,4,2,1231.0,15,10,10,False
29344,México,—,Bronce,True,False,True,2,1,424.0,26,14,9,False
29345,México,—,Bronce,False,False,True,0,0,0.0,19,2,9,True
29346,México,—,Bronce,True,False,True,2,1,434.0,14,10,7,False
29347,Perú,—,Bronce,True,False,True,1,0,0.0,14,4,9,True
29348,Colombia,Bogotá D.C.,Oro,False,False,True,34,26,15162.0,18,0,8,True
29349,México,—,Bronce,False,False,True,1,0,0.0,74,1,10,True
29350,Colombia,Medellín,Bronce,False,False,True,1,0,0.0,6,6,7,True
29351,Uruguay,—,Bronce,False,False,True,0,0,0.0,50,2,7,True
29352,México,—,Bronce,True,False,True,2,1,599.0,23,7,10,False
29353,Colombia,Pereira,Bronce,False,False,True,0,0,0.0,13,9,9,False
29354,Colombia,Bogotá D.C.,Bronce,False,True,True,1,0,0.0,36,8,10,False
29355,Colombia,Barranquilla,Bronce,True,False,True,2,1,692.0,7,4,6,True
29356,México,—,Bronce,True,False,False,0,0,0.0,16,3,7,True
29357,México,—,Bronce,False,False,False,7,4,2571.0,37,2,8,True
29358,Colombia,Cartagena,Bronce,True,False,True,1,0,0.0,72,2,6,True
29359,Colombia,Medellín,Bronce,False,True,True,4,3,2013.0,40,3,8,True
29360,México,—,Plata,False,False,True,23,19,8655.0,14,6,6,True
29361,Colombia,Bogotá D.C.,Bronce,False,True,False,2,1,433.0,6,4,10,True
29362,Colombia,Valledupar,Bronce,True,False,True,5,3,1800.0,17,3,6,True
29363,Colombia,Bogotá D.C.,Bronce,False,False,True,0,0,0.0,5,1,7,True
29364,Colombia,Bogotá D.C.,Bronce,False,False,True,0,0,0.0,7,6,7,True
29365,Colombia,Medellín,Bronce,True,False,True,1,0,0.0,14,6,9,True
29366,Colombia,Cali,Oro,True,False,False,27,18,11516.0,124,1,6,True
29367,México,—,Bronce,False,False,True,2,1,513.0,12,7,5,False
29368,Colombia,Bogotá D.C.,Bronce,False,False,True,5,3,1161.0,77,14,7,False
29369,Colombia,Bogotá D.C.,Bronce,False,False,False,3,1,448.0,28,5,5,True
29370,Uruguay,—,Bronce,False,False,True,0,0,0.0,29,11,9,False
29371,México,—,Plata,True,True,True,10,6,2770.0,26,1,9,True
29372,Colombia,Manizales,Bronce,False,False,True,3,2,652.0,54,10,10,False
29373,Ecuador,—,Bronce,True,True,True,5,4,1563.0,19,16,9,False
29374,Colombia,Medellín,Bronce,False,True,True,1,0,0.0,34,2,10,True
29375,Colombia,Bogotá D.C.,Bronce,True,False,True,0,0,0.0,23,3,7,True
29376,Colombia,Cartagena,Bronce,False,False,True,1,0,0.0,7,10,4,False
29377,Colombia,Bogotá D.C.,Bronce,True,True,False,0,0,0.0,48,0,8,True
29378,Colombia,Barranquilla,Plata,True,False,True,12,8,4252.0,31,19,6,False
29379,Ecuador,—,Bronce,True,True,True,0,0,0.0,53,1,5,True
29380,Ecuador,—,Bronce,False,False,True,0,0,0.0,28,5,9,True
29381,Colombia,Armenia,Bronce,False,False,True,0,0,0.0,22,3,5,True
29382,Colombia,Villavicencio,Bronce,False,False,True,1,0,0.0,10,1,3,True
29383,México,—,Bronce,True,False,True,0,0,0.0,23,0,8,True
29384,Colombia,Barranquilla,Plata,False,True,True,9,7,2314.0,17,6,10,True
29385,Colombia,Montería,Bronce,False,False,False,1,0,0.0,11,12,7,False
29386,México,—,Oro,True,True,False,32,27,13476.0,7,6,10,True
29387,Colombia,Bogotá D.C.,Bronce,True,False,True,6,5,2745.0,4,10,3,False
29388,México,—,Bronce,True,False,True,4,3,1452.0,22,7,5,False
29389,Colombia,Bogotá D.C.,Plata,False,False,True,23,19,6332.0,19,9,6,False
29390,Colombia,Neiva,Bronce,True,False,True,0,0,0.0,36,9,10,False
29391,México,—,Bronce,False,False,False,4,3,1396.0,75,15,5,False
29392,Colombia,Medellín,Bronce,True,False,True,2,1,556.0,36,4,6,True
29393,Colombia,Bogotá D.C.,Bronce,False,True,True,2,1,474.0,24,1,7,True
29394,México,—,Bronce,True,False,True,4,3,1493.0,81,15,8,False
29395,Colombia,Medellín,Bronce,True,True,True,3,2,654.0,22,0,8,True
29396,Colombia,Pereira,Oro,False,False,True,27,20,7107.0,37,1,5,True
29397,Colombia,Bogotá D.C.,Bronce,True,True,True,0,0,0.0,22,5,9,True
29398,Colombia,Barranquilla,Plata,True,False,True,8,6,2110.0,14,0,4,True
29399,Colombia,Bogotá D.C.,Bronce,False,False,True,1,0,0.0,18,6,5,True
29400,Ecuador,—,Bronce,False,False,False,0,0,0.0,13,0,9,True
29401,México,—,Bronce,False,True,True,0,0,0.0,50,2,10,True
29402,Perú,—,Bronce,True,True,True,0,0,0.0,22,10,2,False
29403,México,—,Bronce,False,False,False,1,0,0.0,96,3,10,True
29404,Colombia,Santa Marta,Bronce,False,False,True,2,1,346.0,9,10,4,False
29405,México,—,Bronce,False,False,True,1,0,0.0,30,10,4,False
29406,Ecuador,—,Plata,False,True,True,11,7,1925.0,1,4,10,True
29407,Colombia,Otras ciudades,Bronce,True,False,True,1,0,0.0,61,1,10,True
29408,Colombia,Barranquilla,Bronce,True,False,True,7,4,1774.0,71,2,7,True
29409,Colombia,Bogotá D.C.,Bronce,False,False,True,0,0,0.0,4,3,8,True
29410,Perú,—,Plata,False,False,True,11,8,3764.0,20,7,6,False
29411,Colombia,Cúcuta,Bronce,False,True,False,0,0,0.0,13,1,10,True
29412,Colombia,Bogotá D.C.,Bronce,False,False,True,3,2,1165.0,14,3,10,True
29413,Colombia,Medellín,Plata,False,False,True,10,6,2419.0,24,6,9,True
29414,Colombia,Bogotá D.C.,Bronce,False,True,False,1,0,0.0,28,10,9,False
29415,México,—,Bronce,False,False,True,2,1,475.0,10,4,7,True
29416,México,—,Bronce,False,True,True,0,0,0.0,34,3,7,True
29417,México,—,Plata,True,False,True,8,4,1763.0,59,2,9,True
29418,Colombia,Bogotá D.C.,Bronce,False,False,True,0,0,0.0,15,7,9,False
29419,Colombia,Otras ciudades,Bronce,False,True,True,1,0,0.0,35,11,8,False
29420,Perú,—,Bronce,False,False,True,0,0,0.0,24,11,8,False
29421,Colombia,Medellín,Bronce,False,False,True,0,0,0.0,40,4,3,True
29422,Colombia,Pereira,Plata,False,True,True,15,12,5586.0,31,0,9,True
29423,Colombia,Manizales,Bronce,False,True,True,1,0,0.0,18,7,8,False
29424,Colombia,Bogotá D.C.,Bronce,True,False,True,6,4,1502.0,97,4,8,True
29425,México,—,Bronce,False,False,True,0,0,0.0,16,10,9,False
29426,México,—,Bronce,False,False,False,0,0,0.0,21,7,7,False
29427,Colombia,Villavicencio,Plata,False,False,True,18,13,3834.0,2,0,4,True
29428,Colombia,Bogotá D.C.,Bronce,True,True,True,0,0,0.0,13,21,6,False
29429,Colombia,Barranquilla,Bronce,True,False,True,3,1,523.0,2,12,7,False
29430,México,—,Bronce,False,False,True,7,5,2822.0,16,3,4,True
29431,Colombia,Bogotá D.C.,Bronce,False,False,False,0,0,0.0,13,7,9,False
29432,México,—,Bronce,False,True,False,0,0,0.0,9,12,10,False
29433,Colombia,Medellín,Bronce,True,True,True,0,0,0.0,21,3,6,True
29434,Colombia,Bogotá D.C.,Bronce,True,False,False,0,0,0.0,25,10,7,False
29435,Uruguay,—,Plata,True,False,False,15,13,7765.0,33,2,10,True
29436,Ecuador,—,Bronce,False,False,True,1,0,0.0,46,1,4,True
29437,Colombia,Barranquilla,Plata,False,False,True,21,15,6586.0,5,14,4,False
29438,México,—,Bronce,False,False,True,1,0,0.0,17,3,10,True
29439,Colombia,Otras ciudades,Oro,False,False,True,27,23,12656.0,5,2,8,True
29440,México,—,Bronce,False,False,True,0,0,0.0,105,6,7,True
29441,Colombia,Medellín,Plata,False,False,False,8,5,2655.0,20,2,6,True
29442,Colombia,Bogotá D.C.,Bronce,True,False,True,2,1,385.0,36,5,8,True
29443,México,—,Bronce,True,False,True,1,0,0.0,55,3,10,True
29444,Colombia,Villavicencio,Bronce,False,False,True,0,0,0.0,44,0,8,True
29445,Colombia,Pereira,Bronce,True,False,True,5,4,2327.0,18,3,9,True
29446,Colombia,Otras ciudades,Bronce,True,True,False,0,0,0.0,50,5,5,True
29447,México,—,Plata,True,False,True,12,9,4319.0,12,7,5,False
29448,Colombia,Cali,Bronce,True,False,False,1,0,0.0,7,6,6,True
29449,México,—,Bronce,False,True,False,0,0,0.0,68,20,8,False
29450,Colombia,Bogotá D.C.,Plata,True,False,True,10,8,4185.0,28,6,7,True
29451,Colombia,Bogotá D.C.,Bronce,False,True,True,2,1,532.0,10,7,6,False
29452,Colombia,Bogotá D.C.,Bronce,False,True,True,1,0,0.0,16,6,8,True
29453,Uruguay,—,Bronce,False,False,True,4,3,1149.0,19,9,9,False
29454,Colombia,Ibagué,Bronce,True,False,True,1,0,0.0,29,5,6,True
29455,Colombia,Bogotá D.C.,Bronce,False,False,False,1,0,0.0,17,4,10,True
29456,Colombia,Medellín,Oro,False,False,False,46,29,13234.0,46,2,10,True
29457,Colombia,Bogotá D.C.,Bronce,False,False,False,0,0,0.0,49,4,6,True
29458,Perú,—,Bronce,False,True,True,1,0,0.0,1,3,6,True
29459,Colombia,Medellín,Plata,False,False,True,22,12,4423.0,22,0,6,True
29460,Colombia,Bogotá D.C.,Plata,False,False,True,13,9,3913.0,7,4,9,True
29461,Perú,—,Bronce,False,True,True,7,4,2749.0,10,2,9,True
29462,Uruguay,—,Bronce,False,True,True,6,3,994.0,20,0,8,True
29463,Ecuador,—,Bronce,False,True,True,0,0,0.0,18,1,6,True
29464,Colombia,Medellín,Bronce,True,True,True,1,0,0.0,16,0,10,True
29465,México,—,Bronce,True,False,True,2,1,410.0,21,4,7,True
29466,Colombia,Cúcuta,Bronce,False,True,True,0,0,0.0,14,1,8,True
29467,Colombia,Otras ciudades,Bronce,True,True,False,0,0,0.0,13,6,7,True
29468,México,—,Bronce,True,True,True,0,0,0.0,12,10,5,False
29469,Colombia,Bogotá D.C.,Bronce,False,False,True,3,2,923.0,31,4,6,True
29470,Colombia,Manizales,Bronce,False,True,True,5,3,1017.0,40,3,6,True
29471,Colombia,Bogotá D.C.,Bronce,False,False,True,0,0,0.0,55,12,9,False
29472,Colombia,Otras ciudades,Bronce,True,False,True,5,3,1536.0,21,6,7,True
29473,Perú,—,Bronce,False,True,True,1,0,0.0,2,3,10,True
29474,México,—,Bronce,False,False,False,7,4,2343.0,51,1,5,True
29475,Perú,—,Bronce,True,False,True,2,1,425.0,96,4,4,True
29476,México,—,Bronce,True,True,True,1,0,0.0,12,1,10,True
29477,Colombia,Manizales,Bronce,False,True,True,0,0,0.0,10,7,2,False
29478,México,—,Bronce,False,False,True,2,1,491.0,10,18,5,False
29479,Chile,—,Bronce,True,False,True,2,1,598.0,37,7,8,False
29480,Perú,—,Bronce,False,False,True,0,0,0.0,10,6,7,True
29481,Colombia,Cartagena,Oro,True,False,True,50,45,23132.0,30,17,10,False
29482,Colombia,Pereira,Bronce,False,False,True,2,1,322.0,6,2,5,True
29483,México,—,Bronce,True,True,True,0,0,0.0,29,3,9,True
29484,Colombia,Santa Marta,Oro,False,False,False,48,36,11918.0,16,3,8,True
29485,Colombia,Bogotá D.C.,Bronce,False,True,True,4,2,1185.0,4,1,3,True
29486,Colombia,Bogotá D.C.,Bronce,False,True,True,0,0,0.0,66,4,9,True
29487,Colombia,Bogotá D.C.,Bronce,False,False,True,2,1,664.0,58,6,9,True
29488,Colombia,Bucaramanga,Bronce,True,False,True,0,0,0.0,31,4,8,True
29489,Perú,—,Bronce,False,False,True,1,0,0.0,13,4,7,True
29490,Colombia,Bogotá D.C.,Bronce,False,False,True,0,0,0.0,4,9,10,False
29491,Colombia,Bucaramanga,Bronce,True,False,True,0,0,0.0,132,3,7,True
29492,Ecuador,—,Bronce,True,False,True,0,0,0.0,20,3,4,True
29493,Colombia,Bogotá D.C.,Bronce,False,False,True,5,3,1028.0,60,0,4,True
29494,México,—,Bronce,True,False,True,1,0,0.0,38,5,10,True
29495,Colombia,Villavicencio,Bronce,False,True,True,1,0,0.0,37,3,9,True
29496,Colombia,Bogotá D.C.,Bronce,False,True,True,4,3,1263.0,38,5,7,True
29497,México,—,Plata,True,True,True,10,6,2205.0,25,12,10,False
29498,Colombia,Bogotá D.C.,Plata,True,False,False,10,6,3244.0,11,7,8,False
29499,Colombia,Otras ciudades,Plata,True,True,True,10,8,2865.0,4,4,4,True
29500,Colombia,Cali,Bronce,False,False,True,0,0,0.0,28,2,8,True
29501,Colombia,Bogotá D.C.,Bronce,True,False,True,0,0,0.0,29,0,7,True
29502,Colombia,Bogotá D.C.,Bronce,True,False,True,1,0,0.0,92,9,7,False
29503,México,—,Bronce,True,True,True,4,3,1283.0,22,1,6,True
29504,Colombia,Barranquilla,Bronce,False,False,True,0,0,0.0,38,9,9,False
29505,Colombia,Ibagué,Oro,False,False,True,32,20,11802.0,32,5,6,True
29506,Colombia,Cali,Plata,False,False,True,9,6,2734.0,37,5,5,True
29507,Colombia,Bogotá D.C.,Bronce,True,True,True,2,1,428.0,14,5,7,True
29508,Uruguay,—,Bronce,False,False,True,0,0,0.0,17,5,8,True
29509,Colombia,Bogotá D.C.,Bronce,True,True,True,3,1,575.0,34,3,7,True
29510,Colombia,Bogotá D.C.,Bronce,False,False,True,5,3,1631.0,25,2,8,True
29511,Colombia,Barranquilla,Bronce,False,True,True,0,0,0.0,45,1,7,True
29512,Chile,—,Bronce,True,False,False,1,0,0.0,32,2,7,True
29513,Colombia,Bogotá D.C.,Bronce,True,False,True,1,0,0.0,8,0,8,True
29514,Colombia,Barranquilla,Bronce,False,False,False,0,0,0.0,2,15,9,False
29515,Colombia,Bogotá D.C.,Plata,True,False,True,11,8,3979.0,47,14,6,False
29516,México,—,Bronce,True,False,True,0,0,0.0,2,8,10,False
29517,Ecuador,—,Bronce,True,False,False,1,0,0.0,44,0,8,True
29518,Colombia,Manizales,Plata,False,True,True,16,12,6396.0,28,7,8,False
29519,Colombia,Santa Marta,Plata,True,True,True,13,12,7836.0,7,4,6,True
29520,Colombia,Bucaramanga,Bronce,True,False,True,3,1,447.0,24,0,4,True
29521,Colombia,Bogotá D.C.,Bronce,False,False,True,0,0,0.0,53,1,8,True
29522,Colombia,Armenia,Bronce,True,True,True,3,2,850.0,49,1,4,True
29523,Colombia,Pereira,Bronce,True,False,True,3,2,872.0,66,14,9,False
29524,Colombia,Bogotá D.C.,Bronce,True,False,True,0,0,0.0,26,7,6,False
29525,Colombia,Barranquilla,Plata,True,True,True,9,5,3783.0,9,7,7,False
29526,México,—,Bronce,True,False,True,0,0,0.0,19,1,8,True
29527,Colombia,Barranquilla,Bronce,False,False,True,0,0,0.0,5,8,4,False
29528,Colombia,Otras ciudades,Bronce,True,False,True,2,1,545.0,32,1,5,True
29529,Colombia,Pereira,Bronce,False,False,False,1,0,0.0,3,7,8,False
29530,Colombia,Pereira,Bronce,False,False,True,2,1,521.0,100,9,5,False
29531,Colombia,Popayán,Bronce,True,True,False,6,4,2522.0,26,2,7,True
29532,Colombia,Cali,Bronce,False,False,True,6,5,3401.0,28,0,8,True
29533,Colombia,Otras ciudades,Bronce,True,False,False,2,1,535.0,36,4,9,True
29534,Colombia,Bogotá D.C.,Bronce,False,False,True,2,1,364.0,70,0,10,True
29535,Chile,—,Bronce,True,False,False,1,0,0.0,101,24,10,False
29536,Colombia,Bogotá D.C.,Bronce,True,True,True,0,0,0.0,49,13,8,False
29537,Colombia,Medellín,Plata,True,False,True,21,14,8339.0,19,6,10,True
29538,Colombia,Cartagena,Bronce,True,False,True,1,0,0.0,13,5,10,True
29539,Colombia,Villavicencio,Bronce,False,False,True,0,0,0.0,10,9,5,False
29540,Colombia,Bucaramanga,Bronce,True,False,False,2,1,611.0,11,1,7,True
29541,Chile,—,Bronce,False,False,True,1,0,0.0,25,5,5,True
29542,Colombia,Neiva,Bronce,False,False,True,1,0,0.0,41,17,6,False
29543,México,—,Bronce,False,False,True,1,0,0.0,105,2,6,True
29544,Colombia,Cali,Bronce,True,True,False,7,4,2258.0,1,3,6,True
29545,Colombia,Pereira,Bronce,True,False,True,0,0,0.0,12,4,10,True
29546,Colombia,Medellín,Bronce,False,False,True,0,0,0.0,11,6,8,True
29547,Uruguay,—,Bronce,True,False,True,2,1,584.0,52,11,6,False
29548,Chile,—,Bronce,False,False,True,3,2,853.0,22,0,8,True
29549,Colombia,Bogotá D.C.,Bronce,False,True,True,0,0,0.0,7,1,8,True
29550,Colombia,Otras ciudades,Plata,False,False,False,11,9,3555.0,28,6,5,True
29551,Uruguay,—,Bronce,False,False,True,1,0,0.0,57,14,8,False
29552,Colombia,Bogotá D.C.,Bronce,False,False,True,2,1,374.0,13,8,5,False
29553,México,—,Bronce,False,False,True,1,0,0.0,5,2,10,True
29554,Ecuador,—,Bronce,False,True,False,2,1,574.0,23,13,7,False
29555,Chile,—,Bronce,False,False,False,0,0,0.0,7,3,9,True
29556,Ecuador,—,Bronce,True,False,True,3,2,1031.0,27,6,8,True
29557,Colombia,Otras ciudades,Plata,True,False,False,9,7,1851.0,24,7,7,False
29558,Colombia,Armenia,Bronce,True,True,True,1,0,0.0,59,17,6,False
29559,Colombia,Medellín,Bronce,False,False,False,0,0,0.0,14,7,10,False
29560,Colombia,Bogotá D.C.,Bronce,False,True,True,1,0,0.0,23,5,9,True
29561,Colombia,Santa Marta,Bronce,True,True,False,0,0,0.0,39,6,5,True
29562,Colombia,Medellín,Bronce,True,False,False,1,0,0.0,37,0,9,True
29563,México,—,Plata,True,True,True,10,6,2673.0,18,1,9,True
29564,Colombia,Pereira,Bronce,True,False,True,1,0,0.0,14,2,7,True
29565,Uruguay,—,Bronce,False,False,True,6,3,1704.0,35,1,10,True
29566,México,—,Bronce,False,True,True,3,1,611.0,36,26,9,False
29567,Colombia,Medellín,Bronce,False,False,True,4,3,1241.0,19,0,7,True
29568,Uruguay,—,Plata,False,False,True,21,14,5751.0,40,6,10,True
29569,México,—,Bronce,False,False,True,7,4,1993.0,74,9,7,False
29570,Colombia,Bogotá D.C.,Bronce,True,False,True,1,0,0.0,30,7,10,False
29571,Colombia,Cali,Bronce,False,False,True,1,0,0.0,5,1,6,True
29572,Colombia,Bogotá D.C.,Bronce,True,False,True,0,0,0.0,35,4,9,True
29573,Colombia,Bogotá D.C.,Bronce,True,False,True,1,0,0.0,15,5,4,True
29574,Colombia,Santa Marta,Bronce,False,True,True,0,0,0.0,33,10,10,False
29575,Colombia,Bogotá D.C.,Plata,True,False,True,12,10,4488.0,14,1,10,True
29576,Colombia,Villavicencio,Bronce,False,False,True,0,0,0.0,20,8,9,False
29577,Colombia,Barranquilla,Bronce,False,False,True,0,0,0.0,37,5,7,True
29578,Colombia,Bogotá D.C.,Bronce,True,False,True,3,2,971.0,22,4,9,True
29579,Colombia,Medellín,Bronce,False,False,True,2,1,519.0,21,4,7,True
29580,Colombia,Barranquilla,Bronce,False,False,True,3,2,1121.0,9,5,8,True
29581,Colombia,Otras ciudades,Bronce,True,False,True,0,0,0.0,17,19,9,False
29582,Ecuador,—,Bronce,False,False,True,0,0,0.0,5,8,10,False
29583,Uruguay,—,Plata,False,False,True,17,14,8643.0,19,1,3,True
29584,Perú,—,Bronce,False,False,True,0,0,0.0,58,6,7,True
29585,México,—,Bronce,True,False,True,5,4,2055.0,11,3,7,True
29586,Ecuador,—,Bronce,False,False,True,2,1,523.0,13,5,10,True
29587,Colombia,Cúcuta,Bronce,False,False,True,0,0,0.0,12,0,8,True
29588,Colombia,Bucaramanga,Bronce,True,False,True,1,0,0.0,5,7,4,False
29589,Colombia,Bogotá D.C.,Bronce,True,False,True,0,0,0.0,57,21,6,False
29590,Ecuador,—,Bronce,False,True,True,1,0,0.0,23,4,7,True
29591,Colombia,Bucaramanga,Bronce,False,True,True,0,0,0.0,10,10,7,False
29592,Colombia,Bogotá D.C.,Bronce,False,False,False,5,4,2101.0,20,10,5,False
29593,Ecuador,—,Bronce,False,True,True,0,0,0.0,17,2,8,True
29594,Colombia,Cali,Oro,True,False,True,58,52,24610.0,36,1,7,True
29595,Colombia,Bogotá D.C.,Oro,True,False,True,56,47,21395.0,21,4,10,True
29596,México,—,Bronce,False,True,True,0,0,0.0,70,4,8,True
29597,México,—,Bronce,False,True,True,1,0,0.0,54,6,6,True
29598,Colombia,Bogotá D.C.,Bronce,False,True,True,0,0,0.0,17,1,3,True
29599,Colombia,Cúcuta,Bronce,False,True,True,1,0,0.0,12,6,10,True
29600,Ecuador,—,Oro,False,False,True,28,16,8960.0,70,26,5,False
29601,Colombia,Bogotá D.C.,Bronce,False,True,True,0,0,0.0,14,5,7,True
29602,Colombia,Barranquilla,Bronce,False,False,True,1,0,0.0,23,2,0,True
29603,Ecuador,—,Bronce,True,False,True,0,0,0.0,9,4,7,True
29604,México,—,Bronce,True,False,True,1,0,0.0,26,0,10,True
29605,México,—,Bronce,True,True,True,2,1,475.0,12,5,0,True
29606,Perú,—,Bronce,False,False,True,5,4,1792.0,29,2,10,True
29607,Perú,—,Bronce,False,False,True,1,0,0.0,38,1,7,True
29608,Colombia,Medellín,Bronce,True,False,True,6,5,2421.0,85,2,10,True
29609,Colombia,Bogotá D.C.,Bronce,True,False,True,1,0,0.0,40,4,8,True
29610,México,—,Bronce,False,True,True,5,3,1626.0,39,4,7,True
29611,México,—,Bronce,True,False,True,0,0,0.0,29,0,5,True
29612,Colombia,Villavicencio,Bronce,True,False,False,2,1,601.0,20,3,6,True
29613,Chile,—,Bronce,True,False,True,2,1,596.0,19,9,9,False
29614,Uruguay,—,Bronce,True,False,True,1,0,0.0,138,4,5,True
29615,Colombia,Neiva,Bronce,True,True,True,3,2,867.0,11,0,8,True
29616,Perú,—,Bronce,True,False,True,0,0,0.0,6,0,8,True
29617,Uruguay,—,Bronce,False,False,True,0,0,0.0,27,2,8,True
29618,Colombia,Bucaramanga,Bronce,True,True,True,0,0,0.0,43,1,9,True
29619,Colombia,Barranquilla,Bronce,False,False,True,2,1,312.0,3,3,8,True
29620,México,—,Bronce,False,True,False,0,0,0.0,59,7,8,False
29621,Colombia,Bogotá D.C.,Bronce,False,False,True,1,0,0.0,9,2,5,True
29622,México,—,Bronce,False,False,True,0,0,0.0,4,2,10,True
29623,Colombia,Barranquilla,Bronce,True,False,True,0,0,0.0,13,11,8,False
29624,México,—,Oro,True,False,False,32,19,13280.0,50,1,6,True
29625,Colombia,Cartagena,Bronce,False,True,True,3,1,651.0,15,2,8,True
29626,Colombia,Bucaramanga,Bronce,False,False,True,0,0,0.0,65,1,9,True
29627,Colombia,Barranquilla,Bronce,True,True,True,0,0,0.0,38,1,8,True
29628,Perú,—,Bronce,False,True,True,4,3,906.0,41,2,6,True
29629,Colombia,Villavicencio,Bronce,False,True,False,6,5,2832.0,6,5,7,True
29630,Chile,—,Bronce,True,False,False,0,0,0.0,12,7,6,False
29631,Ecuador,—,Bronce,True,True,False,0,0,0.0,30,7,10,False
29632,Colombia,Bogotá D.C.,Bronce,True,False,True,3,2,801.0,72,1,10,True
29633,Colombia,Santa Marta,Bronce,False,False,True,4,3,1057.0,7,3,5,True
29634,Perú,—,Bronce,True,True,True,1,0,0.0,12,3,4,True
29635,Perú,—,Bronce,True,False,True,4,3,1416.0,6,17,10,False
29636,Colombia,Bogotá D.C.,Bronce,False,True,True,1,0,0.0,2,4,5,True
29637,México,—,Bronce,False,False,True,5,4,2047.0,14,20,10,False
29638,Colombia,Cali,Bronce,True,False,True,0,0,0.0,19,19,8,False
29639,Colombia,Bucaramanga,Bronce,False,False,True,0,0,0.0,34,3,5,True
29640,Ecuador,—,Bronce,True,False,True,0,0,0.0,28,7,10,False
29641,Uruguay,—,Bronce,True,False,False,1,0,0.0,24,6,9,True
29642,Colombia,Bogotá D.C.,Bronce,False,False,True,0,0,0.0,35,12,7,False
29643,Colombia,Medellín,Bronce,False,False,True,0,0,0.0,11,17,7,False
29644,Colombia,Pasto,Bronce,True,True,True,7,4,1858.0,15,0,4,True
29645,Perú,—,Oro,True,False,True,33,23,10317.0,7,7,8,False
29646,Colombia,Medellín,Plata,False,False,True,15,12,7203.0,28,6,8,True
29647,Colombia,Bogotá D.C.,Plata,False,False,True,10,9,3389.0,15,3,7,True
29648,Colombia,Neiva,Bronce,False,False,True,1,0,0.0,31,5,10,True
29649,Colombia,Bucaramanga,Bronce,False,False,True,0,0,0.0,3,1,10,True
29650,México,—,Bronce,False,False,True,0,0,0.0,51,5,6,True
29651,México,—,Bronce,True,False,False,5,3,1646.0,1,9,2,False
29652,Colombia,Bogotá D.C.,Oro,False,False,True,27,19,10587.0,5,0,6,True
29653,Colombia,Bucaramanga,Bronce,True,True,True,5,4,1667.0,65,4,9,True
29654,Colombia,Otras ciudades,Bronce,True,False,True,2,1,535.0,14,4,10,True
29655,Colombia,Bogotá D.C.,Oro,False,False,False,31,18,9474.0,19,10,10,False
29656,Ecuador,—,Bronce,False,False,True,2,1,510.0,68,5,8,True
29657,México,—,Bronce,False,True,True,0,0,0.0,34,2,6,True
29658,Colombia,Bucaramanga,Bronce,False,True,False,0,0,0.0,3,1,9,True
29659,México,—,Bronce,True,False,True,5,4,1331.0,12,2,9,True
29660,Colombia,Bogotá D.C.,Bronce,True,False,False,3,2,1020.0,15,5,8,True
29661,Colombia,Bogotá D.C.,Bronce,True,False,True,2,1,611.0,97,7,10,False
29662,Colombia,Barranquilla,Bronce,True,True,False,1,0,0.0,44,4,7,True
29663,Colombia,Otras ciudades,Bronce,True,False,True,2,1,558.0,24,6,3,True
29664,Colombia,Bogotá D.C.,Bronce,False,False,True,2,1,504.0,14,3,6,True
29665,Colombia,Medellín,Bronce,False,False,True,0,0,0.0,29,6,6,True
29666,Colombia,Bogotá D.C.,Bronce,True,True,True,3,1,447.0,2,12,8,False
29667,México,—,Bronce,True,False,True,0,0,0.0,32,5,7,True
29668,Uruguay,—,Plata,True,False,True,13,9,4531.0,45,3,8,True
29669,Colombia,Cali,Bronce,False,False,True,0,0,0.0,4,4,9,True
29670,Colombia,Bogotá D.C.,Bronce,False,False,True,2,1,332.0,28,4,4,True
29671,Ecuador,—,Bronce,True,False,False,6,5,2933.0,34,3,6,True
29672,Uruguay,—,Bronce,False,False,False,1,0,0.0,25,12,10,False
29673,Colombia,Cartagena,Plata,False,False,True,8,5,2497.0,30,0,6,True
29674,Colombia,Cartagena,Bronce,False,False,False,3,2,1068.0,37,2,5,True
29675,Colombia,Medellín,Bronce,True,False,True,1,0,0.0,13,12,10,False
29676,Colombia,Medellín,Plata,False,False,True,24,14,6909.0,24,4,4,True
29677,Colombia,Medellín,Bronce,False,False,False,2,1,397.0,36,11,6,False
29678,Colombia,Medellín,Bronce,True,False,True,1,0,0.0,39,6,8,True
29679,Perú,—,Bronce,False,True,True,0,0,0.0,15,5,9,True
29680,Colombia,Bogotá D.C.,Bronce,True,False,True,0,0,0.0,17,7,4,False
29681,Colombia,Bogotá D.C.,Bronce,True,False,True,0,0,0.0,37,7,10,False
29682,Colombia,Ibagué,Bronce,False,False,True,2,1,689.0,37,0,4,True
29683,Colombia,Bogotá D.C.,Bronce,False,True,True,0,0,0.0,12,9,3,False
29684,Perú,—,Bronce,True,True,True,1,0,0.0,17,3,6,True
29685,Ecuador,—,Plata,True,True,True,10,7,3133.0,34,29,7,False
29686,Colombia,Bogotá D.C.,Bronce,False,False,True,5,4,1797.0,13,4,4,True
29687,Colombia,Bogotá D.C.,Bronce,True,False,True,3,1,498.0,1,9,10,False
29688,Chile,—,Bronce,True,False,True,0,0,0.0,14,0,10,True
29689,Colombia,Bogotá D.C.,Bronce,False,False,True,1,0,0.0,13,6,9,True
29690,Colombia,Pasto,Bronce,True,False,True,3,2,915.0,49,3,9,True
29691,Colombia,Medellín,Bronce,False,False,True,0,0,0.0,156,3,10,True
29692,Colombia,Bogotá D.C.,Bronce,False,True,True,0,0,0.0,41,0,8,True
29693,México,—,Bronce,False,False,False,0,0,0.0,43,6,5,True
29694,Colombia,Otras ciudades,Bronce,True,False,True,2,1,448.0,10,13,9,False
29695,Perú,—,Plata,True,False,True,23,19,10023.0,9,0,10,True
29696,Ecuador,—,Bronce,True,True,True,1,0,0.0,3,7,8,False
29697,Colombia,Medellín,Bronce,False,False,True,3,2,1513.0,57,3,7,True
29698,Colombia,Medellín,Bronce,False,True,True,0,0,0.0,13,4,6,True
29699,Colombia,Neiva,Bronce,False,True,True,0,0,0.0,17,3,5,True
29700,Colombia,Bogotá D.C.,Bronce,True,True,True,1,0,0.0,3,2,5,True
29701,Colombia,Villavicencio,Bronce,False,False,True,1,0,0.0,53,5,9,True
29702,Uruguay,—,Bronce,True,False,True,2,1,488.0,3,13,8,False
29703,Ecuador,—,Plata,False,False,True,9,5,2050.0,35,9,5,False
29704,Uruguay,—,Bronce,False,False,True,4,3,1733.0,34,8,9,False
29705,Colombia,Bogotá D.C.,Bronce,True,False,False,3,1,394.0,18,7,10,False
29706,Colombia,Otras ciudades,Bronce,True,False,True,0,0,0.0,17,20,9,False
29707,Colombia,Bogotá D.C.,Bronce,True,False,True,7,6,2972.0,63,6,9,True
29708,Perú,—,Bronce,False,False,True,0,0,0.0,13,5,5,True
29709,Colombia,Medellín,Plata,True,False,True,9,7,2078.0,6,2,10,True
29710,Colombia,Otras ciudades,Oro,False,True,True,57,39,20697.0,6,4,7,True
29711,Ecuador,—,Bronce,True,True,False,4,2,696.0,21,8,8,False
29712,Colombia,Bogotá D.C.,Bronce,False,False,True,0,0,0.0,28,1,9,True
29713,Colombia,Bogotá D.C.,Bronce,False,False,True,0,0,0.0,37,8,6,False
29714,Colombia,Bogotá D.C.,Bronce,False,True,True,3,2,1117.0,12,2,9,True
29715,Colombia,Cali,Bronce,True,False,False,0,0,0.0,45,16,4,False
29716,Colombia,Medellín,Bronce,True,False,True,1,0,0.0,48,7,8,False
29717,Ecuador,—,Bronce,True,False,True,0,0,0.0,19,1,8,True
29718,Colombia,Medellín,Bronce,True,False,True,3,1,545.0,25,12,6,False
29719,Colombia,Medellín,Bronce,False,False,True,1,0,0.0,6,2,6,True
29720,Colombia,Cúcuta,Bronce,False,True,True,0,0,0.0,41,0,2,True
29721,Colombia,Cali,Bronce,True,False,False,1,0,0.0,20,7,7,False
29722,México,—,Bronce,False,False,False,1,0,0.0,24,3,6,True
29723,Colombia,Montería,Plata,True,False,True,10,7,3898.0,26,17,7,False
29724,Colombia,Medellín,Bronce,True,False,True,3,2,1301.0,32,6,10,True
29725,Uruguay,—,Bronce,True,True,True,0,0,0.0,22,14,8,False
29726,México,—,Bronce,True,False,True,1,0,0.0,26,1,8,True
29727,México,—,Bronce,True,False,True,7,4,2422.0,26,17,7,False
29728,Colombia,Neiva,Bronce,True,False,True,1,0,0.0,58,0,9,True
29729,Colombia,Santa Marta,Bronce,True,False,False,0,0,0.0,70,5,8,True
29730,Colombia,Barranquilla,Bronce,False,False,True,3,2,762.0,57,9,8,False
29731,Colombia,Bogotá D.C.,Bronce,True,False,True,7,5,2387.0,13,0,7,True
29732,Ecuador,—,Bronce,True,False,True,0,0,0.0,68,2,10,True
29733,Ecuador,—,Bronce,False,False,True,0,0,0.0,3,1,8,True
29734,Colombia,Cali,Bronce,True,False,True,2,1,444.0,8,0,6,True
29735,Ecuador,—,Bronce,False,False,True,0,0,0.0,24,2,10,True
29736,Ecuador,—,Bronce,True,True,True,4,3,1467.0,16,9,7,False
29737,Colombia,Bogotá D.C.,Platino,False,False,False,95,85,20104.0,37,21,10,False
29738,Ecuador,—,Bronce,False,False,True,0,0,0.0,19,4,8,True
29739,Colombia,Medellín,Bronce,False,False,True,5,4,1536.0,23,18,6,False
29740,Colombia,Bogotá D.C.,Bronce,True,False,False,0,0,0.0,59,8,8,False
29741,Colombia,Bogotá D.C.,Bronce,True,False,True,7,6,2065.0,13,9,6,False
29742,Colombia,Cali,Bronce,True,False,True,0,0,0.0,9,4,7,True
29743,Colombia,Bogotá D.C.,Plata,False,False,True,10,9,4556.0,21,8,6,False
29744,Colombia,Barranquilla,Bronce,True,False,True,0,0,0.0,21,11,8,False
29745,Colombia,Bogotá D.C.,Bronce,True,True,False,0,0,0.0,8,26,6,False
29746,Colombia,Barranquilla,Plata,True,False,True,8,5,2659.0,16,14,9,False
29747,México,—,Oro,True,False,True,35,20,10930.0,37,19,9,False
29748,Colombia,Medellín,Plata,True,True,True,9,6,3520.0,27,3,6,True
29749,Colombia,Santa Marta,Bronce,True,False,True,0,0,0.0,29,8,9,False
29750,México,—,Plata,True,False,False,8,4,2113.0,19,14,10,False
29751,Colombia,Cali,Bronce,False,True,True,1,0,0.0,36,1,9,True
29752,Colombia,Bucaramanga,Bronce,True,False,True,1,0,0.0,7,5,1,True
29753,Perú,—,Bronce,False,True,True,5,3,1356.0,13,10,5,False
29754,Colombia,Barranquilla,Bronce,False,False,False,2,1,562.0,44,2,6,True
29755,Ecuador,—,Bronce,True,False,True,1,0,0.0,8,0,7,True
29756,Colombia,Otras ciudades,Bronce,True,False,True,1,0,0.0,2,4,3,True
29757,Colombia,Bogotá D.C.,Plata,True,True,True,14,8,5305.0,11,2,9,True
29758,Colombia,Bogotá D.C.,Bronce,False,False,True,0,0,0.0,52,6,10,True
29759,Colombia,Bucaramanga,Bronce,False,True,False,1,0,0.0,73,3,9,True
29760,Ecuador,—,Bronce,False,False,True,0,0,0.0,7,2,9,True
29761,Colombia,Bogotá D.C.,Bronce,False,False,True,2,1,586.0,63,4,6,True
29762,Colombia,Bogotá D.C.,Plata,True,False,True,10,6,4256.0,14,10,8,False
29763,Colombia,Neiva,Bronce,True,True,True,0,0,0.0,56,4,5,True
29764,México,—,Bronce,True,False,False,0,0,0.0,12,5,8,True
29765,Colombia,Bogotá D.C.,Bronce,False,False,True,0,0,0.0,29,5,10,True
29766,Colombia,Bogotá D.C.,Bronce,True,False,True,2,1,464.0,10,2,10,True
29767,México,—,Plata,False,False,True,8,6,3628.0,29,4,5,True
29768,Colombia,Bogotá D.C.,Bronce,True,False,True,2,1,715.0,19,2,6,True
29769,Ecuador,—,Bronce,True,True,False,0,0,0.0,38,2,9,True
29770,Colombia,Otras ciudades,Bronce,True,False,True,7,5,1181.0,24,9,6,False
29771,Colombia,Bogotá D.C.,Bronce,False,False,True,0,0,0.0,4,22,6,False
29772,Chile,—,Bronce,False,False,True,5,4,1647.0,11,4,9,True
29773,Colombia,Bogotá D.C.,Bronce,True,False,True,0,0,0.0,11,3,10,True
29774,Colombia,Cúcuta,Bronce,True,False,True,5,2,1209.0,29,2,10,True
29775,Colombia,Bogotá D.C.,Bronce,False,False,True,1,0,0.0,31,24,6,False
29776,Colombia,Bogotá D.C.,Oro,True,True,True,34,31,15201.0,23,7,6,False
29777,México,—,Bronce,True,False,True,4,2,758.0,29,2,4,True
29778,México,—,Bronce,True,True,True,3,2,700.0,35,7,7,False
29779,Uruguay,—,Plata,False,False,True,11,7,4319.0,14,1,8,True
29780,Colombia,Otras ciudades,Bronce,False,True,True,4,2,876.0,23,5,10,True
29781,Ecuador,—,Bronce,True,False,True,0,0,0.0,88,14,10,False
29782,Ecuador,—,Bronce,False,False,True,3,2,1010.0,58,11,8,False
29783,Colombia,Bucaramanga,Plata,False,False,True,20,11,4951.0,33,13,5,False
29784,México,—,Bronce,False,True,True,3,2,1077.0,43,5,4,True
29785,México,—,Bronce,False,True,True,1,0,0.0,5,5,7,True
29786,México,—,Bronce,True,True,True,1,0,0.0,33,6,9,True
29787,México,—,Bronce,True,True,True,1,0,0.0,14,17,5,False
29788,Ecuador,—,Bronce,True,False,False,0,0,0.0,3,1,5,True
29789,Colombia,Barranquilla,Bronce,True,False,True,6,3,1825.0,26,1,6,True
29790,Colombia,Bogotá D.C.,Bronce,False,False,True,6,4,1944.0,2,4,3,True
29791,Ecuador,—,Bronce,False,False,True,0,0,0.0,18,5,7,True
29792,México,—,Bronce,False,False,True,5,2,1116.0,78,2,10,True
29793,Colombia,Barranquilla,Bronce,False,True,False,2,1,643.0,20,3,10,True
29794,Colombia,Medellín,Plata,False,False,True,14,9,4182.0,2,25,8,False
29795,Perú,—,Bronce,False,True,True,0,0,0.0,9,7,6,False
29796,Colombia,Sincelejo,Bronce,True,False,True,1,0,0.0,30,5,8,True
29797,Colombia,Bogotá D.C.,Bronce,False,True,True,0,0,0.0,56,3,4,True
29798,Colombia,Barranquilla,Bronce,True,False,True,4,3,965.0,41,4,5,True
29799,Colombia,Bogotá D.C.,Plata,True,True,True,8,6,3008.0,10,5,6,True
29800,Colombia,Bogotá D.C.,Bronce,True,True,True,5,3,1112.0,22,4,4,True
29801,Ecuador,—,Plata,True,True,True,12,10,5740.0,9,2,10,True
29802,Ecuador,—,Bronce,False,True,True,0,0,0.0,13,6,7,True
29803,Colombia,Villavicencio,Bronce,False,False,True,0,0,0.0,16,9,7,False
29804,Colombia,Cúcuta,Bronce,False,False,True,5,3,1655.0,36,1,10,True
29805,Colombia,Bogotá D.C.,Bronce,True,True,True,3,2,1469.0,5,13,5,False
29806,Colombia,Bogotá D.C.,Bronce,False,False,False,0,0,0.0,69,17,9,False
29807,Colombia,Bogotá D.C.,Bronce,False,False,False,0,0,0.0,2,6,5,True
29808,México,—,Bronce,False,True,True,2,1,403.0,41,3,9,True
29809,Colombia,Manizales,Bronce,False,False,True,2,1,389.0,28,4,8,True
29810,Colombia,Valledupar,Bronce,False,False,True,0,0,0.0,53,7,6,False
29811,Colombia,Cúcuta,Bronce,True,False,True,2,1,528.0,36,9,9,False
29812,Colombia,Bucaramanga,Plata,True,True,True,22,17,7111.0,39,4,5,True
29813,México,—,Bronce,False,False,True,0,0,0.0,1,3,6,True
29814,Colombia,Pasto,Bronce,True,False,True,3,2,854.0,61,0,10,True
29815,México,—,Bronce,True,False,True,2,1,299.0,2,3,2,True
29816,Colombia,Cali,Bronce,True,True,False,3,1,657.0,29,1,10,True
29817,Ecuador,—,Bronce,False,False,True,0,0,0.0,4,10,9,False
29818,Colombia,Barranquilla,Plata,True,False,True,9,7,4397.0,16,9,10,False
29819,Uruguay,—,Bronce,False,False,True,1,0,0.0,38,6,10,True
29820,México,—,Bronce,True,False,True,3,2,928.0,31,4,7,True
29821,Colombia,Bogotá D.C.,Bronce,False,False,True,0,0,0.0,57,4,4,True
29822,Colombia,Barranquilla,Bronce,False,False,False,3,2,1093.0,51,1,9,True
29823,Colombia,Otras ciudades,Plata,False,True,True,12,9,5797.0,22,3,2,True
29824,Colombia,Medellín,Bronce,False,False,True,1,0,0.0,85,2,9,True
29825,Colombia,Medellín,Bronce,True,False,True,6,3,1025.0,18,13,10,False
29826,Ecuador,—,Bronce,False,False,False,1,0,0.0,1,2,8,True
29827,Colombia,Medellín,Bronce,True,False,True,0,0,0.0,62,1,6,True
29828,Colombia,Cali,Bronce,False,False,True,0,0,0.0,9,0,7,True
29829,Colombia,Bogotá D.C.,Bronce,True,False,False,1,0,0.0,82,2,6,True
29830,Chile,—,Bronce,True,True,True,0,0,0.0,56,2,6,True
29831,Ecuador,—,Bronce,False,False,True,0,0,0.0,12,1,5,True
29832,Colombia,Cúcuta,Bronce,False,False,False,0,0,0.0,30,13,10,False
29833,Colombia,Medellín,Bronce,False,False,True,2,1,591.0,52,8,7,False
29834,Colombia,Pereira,Plata,False,True,True,10,8,6343.0,57,6,6,True
29835,Colombia,Barranquilla,Bronce,False,False,True,3,1,534.0,54,1,5,True
29836,Colombia,Bogotá D.C.,Plata,False,False,False,13,11,5400.0,19,0,10,True
29837,México,—,Bronce,True,False,False,4,2,596.0,9,7,7,False
29838,Ecuador,—,Bronce,False,True,True,1,0,0.0,32,2,9,True
29839,Colombia,Medellín,Bronce,False,False,True,0,0,0.0,74,12,4,False
29840,México,—,Bronce,False,False,True,4,2,1274.0,10,4,7,True
29841,México,—,Bronce,False,False,True,0,0,0.0,2,19,10,False
29842,Colombia,Sincelejo,Bronce,True,False,True,1,0,0.0,34,20,8,False
29843,Colombia,Cali,Bronce,False,False,True,5,4,1635.0,21,0,9,True
29844,Colombia,Bogotá D.C.,Bronce,True,False,True,2,1,531.0,98,11,10,False
29845,Colombia,Bogotá D.C.,Bronce,True,False,True,2,1,546.0,30,5,7,True
29846,Colombia,Ibagué,Bronce,False,False,False,5,3,1554.0,13,6,8,True
29847,Uruguay,—,Plata,False,True,True,14,8,5498.0,34,7,6,False
29848,Colombia,Cúcuta,Plata,False,True,True,23,13,5267.0,8,1,7,True
29849,Colombia,Bogotá D.C.,Bronce,True,False,True,0,0,0.0,19,1,10,True
29850,Colombia,Bogotá D.C.,Plata,True,True,False,12,7,4450.0,7,5,4,True
29851,Colombia,Bucaramanga,Bronce,True,False,False,1,0,0.0,17,9,8,False
29852,México,—,Bronce,True,True,True,0,0,0.0,7,11,6,False
29853,Colombia,Bogotá D.C.,Oro,True,False,True,39,30,15980.0,41,0,8,True
29854,Ecuador,—,Plata,False,True,False,8,7,4332.0,40,1,8,True
29855,Ecuador,—,Bronce,False,False,False,2,1,363.0,70,4,5,True
29856,Colombia,Bogotá D.C.,Bronce,False,False,True,3,2,918.0,13,0,9,True
29857,Colombia,Otras ciudades,Bronce,False,True,True,0,0,0.0,42,6,7,True
29858,Colombia,Manizales,Plata,False,False,True,21,18,7687.0,22,4,7,True
29859,México,—,Bronce,False,False,True,1,0,0.0,70,8,10,False
29860,Colombia,Bogotá D.C.,Bronce,False,False,True,6,5,1852.0,8,0,10,True
29861,Ecuador,—,Bronce,False,True,True,2,1,608.0,5,9,7,False
29862,Ecuador,—,Bronce,False,False,True,2,1,484.0,61,6,10,True
29863,Colombia,Bogotá D.C.,Bronce,False,False,True,2,1,469.0,3,6,6,True
29864,México,—,Plata,False,False,True,16,11,4423.0,32,15,6,False
29865,México,—,Bronce,False,True,True,3,2,1031.0,8,7,8,False
29866,Colombia,Bogotá D.C.,Bronce,False,False,True,0,0,0.0,46,8,5,False
29867,Uruguay,—,Bronce,True,False,True,1,0,0.0,3,12,5,False
29868,Colombia,Pereira,Bronce,False,False,True,0,0,0.0,13,2,7,True
29869,Colombia,Medellín,Bronce,False,True,True,3,1,409.0,78,9,9,False
29870,México,—,Bronce,False,True,True,1,0,0.0,22,24,10,False
29871,Colombia,Cartagena,Plata,True,True,True,13,7,2683.0,9,3,8,True
29872,Colombia,Armenia,Plata,True,False,True,10,8,3336.0,21,14,10,False
29873,Colombia,Bogotá D.C.,Bronce,False,True,True,5,3,1857.0,46,1,8,True
29874,Colombia,Cali,Bronce,True,False,False,2,1,539.0,57,12,8,False
29875,Colombia,Montería,Bronce,False,False,True,0,0,0.0,35,5,10,True
29876,México,—,Plata,True,False,True,18,14,7537.0,20,7,8,False
29877,Colombia,Bogotá D.C.,Bronce,True,False,False,4,3,2081.0,48,1,7,True
29878,Ecuador,—,Bronce,False,True,True,1,0,0.0,20,11,5,False
29879,Colombia,Medellín,Bronce,False,False,False,1,0,0.0,33,5,7,True
29880,Perú,—,Bronce,True,True,True,6,5,2443.0,32,0,10,True
29881,Perú,—,Bronce,True,True,True,2,1,587.0,15,3,6,True
29882,Colombia,Otras ciudades,Bronce,False,False,True,3,2,1249.0,19,4,6,True
29883,Colombia,Bogotá D.C.,Bronce,True,False,True,0,0,0.0,3,3,7,True
29884,Colombia,Popayán,Bronce,False,False,True,3,1,590.0,1,2,10,True
29885,Perú,—,Bronce,False,True,False,2,1,487.0,14,0,8,True
29886,Colombia,Cartagena,Bronce,False,True,True,3,1,327.0,49,5,7,True
29887,Colombia,Barranquilla,Bronce,True,True,True,0,0,0.0,28,3,6,True
29888,Colombia,Ibagué,Bronce,False,False,False,0,0,0.0,46,8,7,False
29889,Ecuador,—,Bronce,True,False,True,0,0,0.0,48,2,2,True
29890,Colombia,Cartagena,Bronce,True,False,True,0,0,0.0,45,12,2,False
29891,Colombia,Bogotá D.C.,Bronce,True,False,True,0,0,0.0,5,3,10,True
29892,Colombia,Bogotá D.C.,Bronce,True,True,True,0,0,0.0,2,1,6,True
29893,Colombia,Bogotá D.C.,Plata,False,False,True,9,6,3198.0,53,4,4,True
29894,Perú,—,Bronce,False,False,True,0,0,0.0,17,1,6,True
29895,Perú,—,Bronce,True,True,True,1,0,0.0,22,0,6,True
29896,Perú,—,Bronce,False,False,True,0,0,0.0,16,1,7,True
29897,Colombia,Bogotá D.C.,Bronce,False,False,True,1,0,0.0,37,5,9,True
29898,Perú,—,Bronce,False,False,True,0,0,0.0,41,5,6,True
29899,Uruguay,—,Plata,False,False,True,24,20,12865.0,15,12,5,False
29900,Colombia,Neiva,Bronce,False,False,True,0,0,0.0,7,12,7,False
29901,Colombia,Cali,Bronce,False,True,True,4,2,962.0,34,3,8,True
29902,México,—,Bronce,True,False,False,0,0,0.0,69,0,9,True
29903,Colombia,Medellín,Bronce,True,False,True,2,1,522.0,46,3,9,True
29904,Colombia,Armenia,Bronce,True,True,True,0,0,0.0,16,7,8,False
29905,Colombia,Bogotá D.C.,Bronce,False,False,True,3,1,462.0,17,3,6,True
29906,México,—,Bronce,False,True,True,0,0,0.0,20,12,9,False
29907,Colombia,Bogotá D.C.,Bronce,False,False,False,2,1,473.0,36,0,10,True
29908,Colombia,Bucaramanga,Bronce,False,True,True,1,0,0.0,7,4,3,True
29909,Colombia,Bogotá D.C.,Bronce,True,True,True,3,2,1112.0,16,19,5,False
29910,México,—,Bronce,False,True,True,6,4,2189.0,16,0,1,True
29911,Chile,—,Bronce,True,False,True,1,0,0.0,18,0,6,True
29912,Colombia,Bucaramanga,Bronce,True,False,True,0,0,0.0,43,1,10,True
29913,Colombia,Bucaramanga,Bronce,True,False,True,6,4,1413.0,14,0,9,True
29914,Colombia,Bogotá D.C.,Bronce,True,True,True,2,1,589.0,9,15,3,False
29915,Ecuador,—,Bronce,False,False,True,1,0,0.0,25,4,7,True
29916,México,—,Bronce,False,False,True,6,5,2537.0,18,14,10,False
29917,Colombia,Santa Marta,Bronce,False,False,True,0,0,0.0,32,6,6,True
29918,Colombia,Otras ciudades,Bronce,False,False,True,4,2,819.0,10,8,7,False
29919,Chile,—,Bronce,False,False,True,4,3,1623.0,3,3,8,True
29920,Colombia,Bogotá D.C.,Plata,True,True,False,12,9,3879.0,32,2,10,True
29921,Perú,—,Bronce,False,True,False,1,0,0.0,23,8,7,False
29922,Colombia,Cali,Bronce,True,False,True,0,0,0.0,48,3,1,True
29923,Ecuador,—,Bronce,False,False,True,0,0,0.0,34,0,7,True
29924,Colombia,Barranquilla,Bronce,False,False,True,1,0,0.0,30,5,7,True
29925,Colombia,Bogotá D.C.,Bronce,False,False,True,5,3,1576.0,8,12,6,False
29926,Colombia,Otras ciudades,Bronce,True,False,True,0,0,0.0,26,18,10,False
29927,Colombia,Bogotá D.C.,Bronce,False,True,True,1,0,0.0,5,5,10,True
29928,México,—,Bronce,True,True,True,0,0,0.0,14,4,7,True
29929,México,—,Bronce,False,True,True,1,0,0.0,22,0,7,True
29930,Colombia,Bogotá D.C.,Bronce,False,False,True,3,2,1044.0,47,8,9,False
29931,Colombia,Bogotá D.C.,Bronce,False,False,True,2,1,503.0,19,4,4,True
29932,Ecuador,—,Bronce,False,False,True,2,1,313.0,13,0,7,True
29933,Colombia,Bucaramanga,Oro,True,True,True,26,15,8106.0,14,28,8,False
29934,Ecuador,—,Bronce,False,False,True,3,2,799.0,25,7,8,False
29935,Uruguay,—,Bronce,True,False,True,0,0,0.0,64,2,8,True
29936,Colombia,Bucaramanga,Bronce,False,False,True,1,0,0.0,22,5,10,True
29937,Perú,—,Bronce,True,True,False,0,0,0.0,8,9,8,False
29938,Colombia,Cali,Bronce,False,True,True,3,2,930.0,13,4,8,True
29939,Colombia,Bogotá D.C.,Bronce,True,False,True,0,0,0.0,20,8,7,False
29940,Colombia,Montería,Bronce,False,False,True,0,0,0.0,42,7,5,False
29941,Colombia,Medellín,Bronce,True,True,True,1,0,0.0,28,14,10,False
29942,Colombia,Barranquilla,Plata,True,False,True,13,8,3475.0,16,2,4,True
29943,Colombia,Santa Marta,Bronce,True,True,True,2,1,526.0,7,6,5,True
29944,Colombia,Armenia,Bronce,False,False,True,4,2,1275.0,53,20,6,False
29945,México,—,Bronce,False,True,True,1,0,0.0,15,4,7,True
29946,Uruguay,—,Bronce,False,True,True,3,2,1088.0,53,18,10,False
29947,Colombia,Armenia,Plata,True,False,True,16,11,4453.0,26,14,8,False
29948,México,—,Plata,True,False,True,8,4,2774.0,46,9,7,False
29949,Uruguay,—,Bronce,True,True,False,2,1,401.0,44,4,10,True
29950,México,—,Bronce,True,False,True,1,0,0.0,9,2,5,True
29951,Colombia,Medellín,Bronce,False,False,True,1,0,0.0,11,8,10,False
29952,Uruguay,—,Bronce,False,True,True,0,0,0.0,5,6,6,True
29953,Colombia,Cartagena,Bronce,True,True,True,0,0,0.0,32,4,5,True
29954,Colombia,Bogotá D.C.,Bronce,True,False,True,0,0,0.0,12,7,6,False
29955,Colombia,Medellín,Bronce,False,True,True,5,3,924.0,25,7,8,False
29956,Colombia,Barranquilla,Bronce,False,False,True,0,0,0.0,56,8,7,False
29957,Colombia,Santa Marta,Bronce,True,False,True,0,0,0.0,11,3,10,True
29958,Colombia,Bogotá D.C.,Bronce,False,False,True,5,4,1512.0,32,1,10,True
29959,Colombia,Bogotá D.C.,Bronce,False,False,True,0,0,0.0,15,9,10,False
29960,Colombia,Barranquilla,Bronce,True,True,True,2,1,565.0,38,1,4,True
29961,Ecuador,—,Oro,False,False,True,30,23,14228.0,37,4,10,True
29962,Colombia,Ibagué,Bronce,False,False,True,2,1,345.0,51,4,6,True
29963,Colombia,Bogotá D.C.,Bronce,False,False,True,2,1,513.0,4,4,10,True
29964,Uruguay,—,Bronce,False,False,False,3,2,1212.0,78,4,8,True
29965,México,—,Bronce,True,True,True,0,0,0.0,54,2,6,True
29966,Colombia,Valledupar,Bronce,True,False,True,2,1,356.0,64,6,10,True
29967,Ecuador,—,Bronce,False,False,True,7,5,2464.0,22,19,5,False
29968,Ecuador,—,Plata,True,True,False,12,7,2592.0,10,2,8,True
29969,Colombia,Bogotá D.C.,Bronce,True,True,True,1,0,0.0,13,7,7,False
29970,Colombia,Barranquilla,Plata,True,False,True,8,5,3317.0,35,6,6,True
29971,México,—,Bronce,True,True,True,2,1,541.0,16,8,10,False
29972,Uruguay,—,Bronce,False,False,False,1,0,0.0,38,6,6,True
29973,México,—,Plata,False,False,False,12,7,3408.0,5,5,5,True
29974,Perú,—,Bronce,False,False,True,0,0,0.0,35,5,7,True
29975,Ecuador,—,Bronce,False,False,True,4,2,961.0,18,1,8,True
29976,Ecuador,—,Bronce,False,False,True,3,2,750.0,7,0,8,True
29977,Colombia,Cali,Bronce,True,False,False,4,2,796.0,48,4,9,True
29978,Colombia,Bogotá D.C.,Bronce,True,False,True,3,2,884.0,22,3,5,True
29979,Colombia,Pasto,Bronce,False,False,True,0,0,0.0,17,14,7,False
29980,Ecuador,—,Plata,True,False,True,17,15,7424.0,17,12,8,False
29981,Colombia,Valledupar,Bronce,False,True,False,2,1,448.0,10,1,8,True
29982,Colombia,Villavicencio,Plata,False,False,False,9,7,4454.0,11,0,8,True
29983,Colombia,Bogotá D.C.,Bronce,True,True,True,0,0,0.0,52,0,3,True
29984,Colombia,Cartagena,Bronce,True,False,True,2,1,537.0,35,10,3,False
29985,Colombia,Montería,Bronce,False,False,True,0,0,0.0,11,6,9,True
29986,Colombia,Bogotá D.C.,Bronce,False,False,True,0,0,0.0,24,3,2,True
29987,Colombia,Cali,Bronce,False,False,True,0,0,0.0,5,11,4,False
29988,Ecuador,—,Bronce,True,False,True,4,2,1090.0,17,11,5,False
29989,Ecuador,—,Bronce,True,False,True,3,2,983.0,16,2,7,True
29990,Colombia,Otras ciudades,Bronce,True,False,True,0,0,0.0,40,3,6,True
29991,Colombia,Bogotá D.C.,Plata,True,False,False,11,8,2990.0,11,10,7,False
29992,México,—,Bronce,True,True,True,3,2,851.0,10,3,6,True
29993,Perú,—,Bronce,True,False,False,4,2,895.0,24,7,7,False
29994,Colombia,Otras ciudades,Bronce,True,True,False,0,0,0.0,20,9,7,False
29995,México,—,Bronce,False,True,False,4,3,1424.0,44,4,9,True
29996,Colombia,Bogotá D.C.,Bronce,False,True,True,0,0,0.0,21,3,6,True
29997,Colombia,Montería,Plata,False,True,True,14,8,4185.0,57,7,6,False
29998,Colombia,Cali,Plata,False,False,False,9,5,2871.0,15,5,5,True
29999,Colombia,Bogotá D.C.,Plata,False,False,True,9,5,1978.0,36,11,7,False
30000,Colombia,Bogotá D.C.,Bronce,False,False,True,4,3,1625.0,4,10,9,False
30001,México,—,Bronce,True,False,True,0,0,0.0,70,18,6,False
30002,Colombia,Cali,Plata,False,True,True,16,10,5741.0,7,0,7,True
30003,Colombia,Bogotá D.C.,Bronce,True,True,False,2,1,363.0,9,3,8,True
30004,Colombia,Medellín,Bronce,True,False,True,1,0,0.0,22,0,8,True
30005,Colombia,Cali,Bronce,False,False,False,6,3,1635.0,5,3,8,True
30006,Colombia,Bucaramanga,Bronce,True,False,True,0,0,0.0,60,2,5,True
30007,Ecuador,—,Bronce,True,False,True,0,0,0.0,24,2,6,True
30008,Colombia,Bogotá D.C.,Bronce,True,False,False,7,5,2437.0,8,1,9,True
30009,México,—,Bronce,False,False,True,4,2,762.0,39,10,6,False
30010,Colombia,Manizales,Bronce,False,True,True,7,6,3432.0,23,19,9,False
30011,Colombia,Bogotá D.C.,Bronce,False,False,True,1,0,0.0,76,3,9,True
30012,México,—,Bronce,True,True,True,0,0,0.0,21,7,8,False
30013,Perú,—,Bronce,True,True,False,0,0,0.0,15,20,6,False
30014,Colombia,Cali,Oro,False,False,True,28,21,11960.0,3,4,10,True
30015,Colombia,Barranquilla,Bronce,False,False,True,0,0,0.0,12,1,7,True
30016,México,—,Bronce,False,True,True,1,0,0.0,28,2,10,True
30017,Colombia,Bucaramanga,Plata,True,False,True,8,6,2541.0,43,1,6,True
30018,México,—,Bronce,False,False,True,0,0,0.0,68,8,3,False
30019,Colombia,Cali,Bronce,True,False,True,1,0,0.0,44,3,10,True
30020,Colombia,Medellín,Bronce,True,False,True,4,3,1454.0,85,3,4,True
30021,Colombia,Barranquilla,Plata,False,False,False,9,6,3308.0,16,1,7,True
30022,Ecuador,—,Bronce,False,False,True,0,0,0.0,22,9,10,False
30023,Colombia,Otras ciudades,Oro,False,False,True,26,19,10114.0,99,4,6,True
30024,Colombia,Barranquilla,Bronce,False,True,False,0,0,0.0,13,12,9,False
30025,Colombia,Villavicencio,Bronce,False,True,True,4,2,1028.0,109,8,7,False
30026,Colombia,Cali,Bronce,False,True,True,0,0,0.0,12,2,10,True
30027,Colombia,Cartagena,Plata,False,True,True,11,7,3743.0,35,12,10,False
30028,Colombia,Santa Marta,Bronce,False,False,True,0,0,0.0,27,12,5,False
30029,Colombia,Medellín,Bronce,True,True,False,1,0,0.0,23,6,6,True
30030,Perú,—,Bronce,False,False,True,0,0,0.0,1,1,3,True
30031,Colombia,Bogotá D.C.,Bronce,True,False,False,4,3,1682.0,109,5,9,True
30032,Colombia,Armenia,Oro,False,False,True,27,18,13055.0,26,1,9,True
30033,Colombia,Manizales,Bronce,False,True,True,1,0,0.0,34,2,5,True
30034,Colombia,Neiva,Bronce,False,True,True,0,0,0.0,15,1,7,True
30035,Colombia,Popayán,Bronce,False,True,False,1,0,0.0,1,3,6,True
30036,Colombia,Bogotá D.C.,Oro,False,False,True,36,23,12849.0,25,2,6,True
30037,Colombia,Bogotá D.C.,Bronce,False,True,True,0,0,0.0,11,2,10,True
30038,Colombia,Bogotá D.C.,Bronce,True,False,False,0,0,0.0,88,5,9,True
30039,Uruguay,—,Bronce,True,True,True,4,2,990.0,10,4,8,True
30040,México,—,Bronce,True,False,True,2,1,545.0,10,5,8,True
30041,Colombia,Bogotá D.C.,Bronce,False,True,True,3,2,838.0,15,4,7,True
30042,Colombia,Cartagena,Bronce,True,False,False,7,5,2378.0,4,10,10,False
30043,Colombia,Santa Marta,Bronce,False,False,True,0,0,0.0,41,7,2,False
30044,Colombia,Cartagena,Bronce,False,False,True,0,0,0.0,16,23,7,False
30045,Colombia,Cali,Bronce,False,False,True,3,2,998.0,4,14,6,False
30046,Colombia,Pereira,Bronce,False,False,True,0,0,0.0,31,1,3,True
30047,Ecuador,—,Bronce,False,False,True,1,0,0.0,17,15,9,False
30048,Ecuador,—,Bronce,False,False,True,0,0,0.0,43,5,10,True
30049,Ecuador,—,Bronce,False,True,True,3,1,592.0,28,2,2,True
30050,México,—,Bronce,False,False,True,3,2,1031.0,66,12,7,False
30051,Colombia,Medellín,Bronce,True,False,True,2,1,464.0,8,2,10,True
30052,Colombia,Bucaramanga,Bronce,True,False,True,0,0,0.0,34,7,9,False
30053,Perú,—,Bronce,False,False,True,3,2,748.0,47,5,8,True
30054,Colombia,Otras ciudades,Bronce,False,True,False,1,0,0.0,53,5,7,True
30055,Colombia,Bogotá D.C.,Bronce,False,True,True,0,0,0.0,4,2,5,True
30056,Colombia,Otras ciudades,Bronce,False,True,True,1,0,0.0,21,4,8,True
30057,México,—,Plata,False,True,True,21,13,6180.0,11,1,7,True
30058,Colombia,Popayán,Bronce,False,False,True,0,0,0.0,53,1,5,True
30059,Chile,—,Bronce,True,True,True,0,0,0.0,38,12,5,False
30060,Ecuador,—,Bronce,False,False,True,1,0,0.0,6,22,10,False
30061,México,—,Bronce,False,False,True,0,0,0.0,24,1,6,True
30062,Ecuador,—,Bronce,True,False,True,0,0,0.0,34,3,10,True
30063,Colombia,Bogotá D.C.,Bronce,False,True,True,0,0,0.0,21,0,8,True
30064,Colombia,Bogotá D.C.,Bronce,False,False,True,0,0,0.0,92,3,10,True
30065,Colombia,Cali,Bronce,True,False,True,1,0,0.0,22,8,9,False
30066,Uruguay,—,Bronce,True,False,True,7,6,3526.0,11,2,10,True
30067,México,—,Bronce,False,False,True,1,0,0.0,14,1,5,True
30068,México,—,Plata,False,False,True,8,5,2238.0,39,5,8,True
30069,Colombia,Cartagena,Bronce,True,False,False,1,0,0.0,16,8,7,False
30070,México,—,Bronce,False,False,True,2,1,549.0,15,19,8,False
30071,México,—,Bronce,True,False,True,0,0,0.0,9,9,9,False
30072,Ecuador,—,Bronce,True,True,True,0,0,0.0,23,6,10,True
30073,Colombia,Otras ciudades,Bronce,True,False,False,1,0,0.0,20,6,5,True
30074,Colombia,Manizales,Bronce,True,False,True,0,0,0.0,12,2,3,True
30075,Colombia,Medellín,Bronce,False,False,True,1,0,0.0,18,0,8,True
30076,México,—,Bronce,False,True,True,1,0,0.0,3,1,9,True
30077,Perú,—,Bronce,False,False,True,1,0,0.0,28,2,10,True
30078,Colombia,Barranquilla,Bronce,False,False,False,1,0,0.0,4,12,5,False
30079,México,—,Oro,False,True,True,25,22,7945.0,4,4,4,True
30080,Colombia,Cartagena,Bronce,True,False,True,1,0,0.0,37,1,6,True
30081,México,—,Bronce,False,True,True,7,4,2031.0,9,17,2,False
30082,Colombia,Medellín,Bronce,False,False,True,1,0,0.0,25,10,7,False
30083,Colombia,Cali,Bronce,True,True,True,0,0,0.0,8,1,10,True
30084,Colombia,Medellín,Bronce,True,True,True,2,1,515.0,13,2,10,True
30085,Colombia,Cúcuta,Bronce,False,False,True,2,1,580.0,27,15,8,False
30086,Ecuador,—,Bronce,True,False,True,1,0,0.0,14,8,9,False
30087,Colombia,Medellín,Bronce,False,False,True,7,4,2064.0,5,3,7,True
30088,México,—,Bronce,False,False,True,2,1,512.0,47,4,10,True
30089,México,—,Bronce,True,False,True,1,0,0.0,47,16,9,False
30090,Uruguay,—,Bronce,True,False,False,3,1,277.0,24,5,7,True
30091,México,—,Bronce,True,False,True,2,1,526.0,12,0,5,True
30092,México,—,Bronce,True,True,False,0,0,0.0,43,8,8,False
30093,Colombia,Barranquilla,Bronce,True,True,True,4,3,1213.0,5,2,10,True
30094,Colombia,Cúcuta,Plata,True,False,True,22,15,7022.0,25,4,9,True
30095,Perú,—,Bronce,False,True,False,1,0,0.0,22,23,6,False
30096,Colombia,Cali,Plata,False,False,True,9,7,2278.0,18,0,7,True
30097,México,—,Bronce,False,False,True,2,1,420.0,26,9,8,False
30098,Colombia,Bogotá D.C.,Bronce,True,False,True,0,0,0.0,22,9,7,False
30099,Colombia,Bogotá D.C.,Bronce,False,False,True,3,2,1470.0,12,7,7,False
30100,Colombia,Bogotá D.C.,Bronce,True,False,True,0,0,0.0,12,0,10,True
30101,México,—,Bronce,False,True,True,0,0,0.0,15,9,8,False
30102,Colombia,Bogotá D.C.,Bronce,False,False,True,0,0,0.0,26,5,10,True
30103,México,—,Bronce,False,False,True,0,0,0.0,28,2,9,True
30104,Colombia,Cartagena,Bronce,False,True,False,3,2,842.0,23,2,9,True
30105,Colombia,Medellín,Bronce,True,False,True,7,5,3095.0,17,14,7,False
30106,Ecuador,—,Plata,False,True,True,9,6,3724.0,60,1,7,True
30107,Colombia,Bucaramanga,Plata,False,False,True,14,11,5055.0,22,11,9,False
30108,Colombia,Otras ciudades,Bronce,False,True,True,1,0,0.0,22,19,7,False
30109,Colombia,Medellín,Bronce,False,False,True,0,0,0.0,10,6,5,True
30110,Colombia,Cartagena,Bronce,True,False,True,0,0,0.0,19,10,7,False
30111,Colombia,Popayán,Bronce,False,False,True,5,3,974.0,16,3,5,True
30112,Colombia,Bogotá D.C.,Bronce,True,False,True,1,0,0.0,38,9,8,False
30113,México,—,Plata,False,True,True,13,9,4832.0,9,6,3,True
30114,Colombia,Ibagué,Bronce,True,False,True,2,1,423.0,68,3,7,True
30115,Colombia,Bogotá D.C.,Bronce,False,True,True,0,0,0.0,27,12,10,False
30116,Colombia,Villavicencio,Bronce,False,False,False,1,0,0.0,28,10,9,False
30117,Colombia,Cali,Bronce,False,True,True,0,0,0.0,55,8,9,False
30118,México,—,Bronce,True,False,True,0,0,0.0,25,16,4,False
30119,Ecuador,—,Platino,False,False,True,62,55,26267.0,20,3,10,True
30120,Colombia,Bogotá D.C.,Bronce,True,False,False,1,0,0.0,56,18,8,False
30121,Colombia,Otras ciudades,Bronce,True,False,True,0,0,0.0,28,4,8,True
30122,Colombia,Medellín,Bronce,False,False,True,0,0,0.0,88,14,9,False
30123,Colombia,Otras ciudades,Bronce,False,True,True,0,0,0.0,7,1,9,True
30124,Perú,—,Bronce,True,False,True,1,0,0.0,38,10,10,False
30125,Chile,—,Bronce,True,True,True,1,0,0.0,61,0,4,True
30126,Colombia,Cúcuta,Plata,True,False,True,8,5,999.0,2,17,8,False
30127,Uruguay,—,Plata,False,False,True,15,11,5693.0,15,0,9,True
30128,Chile,—,Bronce,False,False,True,1,0,0.0,27,7,7,False
30129,Ecuador,—,Bronce,False,False,True,5,2,789.0,61,13,5,False
30130,México,—,Bronce,True,False,True,0,0,0.0,35,3,4,True
30131,Colombia,Cartagena,Bronce,True,False,True,1,0,0.0,53,0,8,True
30132,México,—,Bronce,True,False,True,4,3,1585.0,9,2,10,True
30133,Colombia,Bogotá D.C.,Bronce,False,False,False,0,0,0.0,33,4,7,True
30134,Colombia,Bogotá D.C.,Bronce,False,False,True,1,0,0.0,59,5,3,True
30135,Colombia,Bogotá D.C.,Bronce,False,False,True,0,0,0.0,1,5,5,True
30136,Colombia,Bogotá D.C.,Plata,False,True,True,8,7,3166.0,6,3,8,True
30137,México,—,Bronce,False,False,False,2,1,444.0,25,4,10,True
30138,Colombia,Cúcuta,Bronce,False,False,True,5,3,2231.0,14,4,10,True
30139,Uruguay,—,Bronce,False,False,True,1,0,0.0,62,4,6,True
30140,Colombia,Cúcuta,Bronce,True,False,False,5,4,1976.0,21,6,9,True
30141,Ecuador,—,Bronce,True,True,True,0,0,0.0,38,1,10,True
30142,Colombia,Medellín,Plata,False,False,True,15,9,4951.0,28,2,6,True
30143,Colombia,Barranquilla,Bronce,True,True,True,0,0,0.0,11,7,9,False
30144,Colombia,Medellín,Bronce,False,False,False,2,1,586.0,13,1,10,True
30145,Perú,—,Bronce,True,True,True,0,0,0.0,6,2,5,True
30146,Uruguay,—,Bronce,True,False,True,0,0,0.0,8,2,10,True
30147,Colombia,Bogotá D.C.,Bronce,False,True,True,0,0,0.0,39,2,9,True
30148,Colombia,Otras ciudades,Bronce,False,False,True,1,0,0.0,29,2,10,True
30149,Colombia,Bogotá D.C.,Bronce,False,False,True,1,0,0.0,25,8,7,False
30150,Colombia,Cali,Bronce,True,True,True,0,0,0.0,7,11,4,False
30151,Colombia,Bucaramanga,Bronce,True,False,True,0,0,0.0,73,3,10,True
30152,Colombia,Cali,Bronce,True,False,True,0,0,0.0,19,1,4,True
30153,Perú,—,Plata,False,True,True,20,12,6856.0,17,10,10,False
30154,Colombia,Barranquilla,Bronce,True,False,True,1,0,0.0,8,8,7,False
30155,Colombia,Bucaramanga,Bronce,True,True,True,1,0,0.0,19,1,10,True
30156,Colombia,Barranquilla,Plata,True,False,True,19,15,8818.0,30,3,10,True
30157,Colombia,Medellín,Bronce,False,False,True,1,0,0.0,30,2,7,True
30158,Colombia,Medellín,Bronce,True,False,False,1,0,0.0,18,6,8,True
30159,Colombia,Villavicencio,Bronce,False,False,True,0,0,0.0,66,3,8,True
30160,Colombia,Bogotá D.C.,Bronce,True,False,True,2,1,425.0,61,22,7,False
30161,Colombia,Armenia,Plata,False,False,True,18,13,3346.0,21,2,4,True
30162,Colombia,Bogotá D.C.,Bronce,False,False,True,0,0,0.0,46,8,8,False
30163,Colombia,Bogotá D.C.,Plata,False,True,True,16,14,5056.0,23,0,9,True
30164,Colombia,Popayán,Bronce,False,False,True,0,0,0.0,1,6,10,True
30165,Colombia,Otras ciudades,Bronce,True,False,False,6,5,3949.0,39,6,8,True
30166,Colombia,Bogotá D.C.,Bronce,True,True,False,5,4,1658.0,75,22,10,False
30167,Colombia,Armenia,Bronce,False,False,False,1,0,0.0,13,6,6,True
30168,Perú,—,Oro,False,True,False,37,25,9257.0,7,1,8,True
30169,Perú,—,Bronce,True,False,False,0,0,0.0,68,1,9,True
30170,Colombia,Villavicencio,Bronce,False,False,True,0,0,0.0,16,2,3,True
30171,México,—,Bronce,True,False,True,1,0,0.0,39,9,8,False
30172,Colombia,Bogotá D.C.,Bronce,False,True,True,0,0,0.0,24,2,4,True
30173,Colombia,Bogotá D.C.,Bronce,True,True,True,6,4,2292.0,55,2,4,True
30174,México,—,Bronce,False,False,True,6,4,2221.0,41,4,7,True
30175,Colombia,Bogotá D.C.,Bronce,False,True,True,3,2,891.0,3,6,10,True
30176,México,—,Bronce,True,False,True,3,2,901.0,35,7,8,False
30177,Colombia,Cali,Oro,False,True,True,59,44,18472.0,57,8,7,False
30178,Colombia,Bogotá D.C.,Bronce,True,False,True,3,1,403.0,68,1,9,True
30179,Colombia,Bucaramanga,Bronce,False,True,False,0,0,0.0,25,1,6,True
30180,Colombia,Cartagena,Bronce,False,True,True,1,0,0.0,58,1,8,True
30181,México,—,Bronce,False,False,True,1,0,0.0,1,6,8,True
30182,Colombia,Barranquilla,Bronce,False,False,True,0,0,0.0,90,14,10,False
30183,Perú,—,Bronce,False,False,False,3,1,403.0,17,1,7,True
30184,Ecuador,—,Bronce,True,True,True,2,1,527.0,50,5,5,True
30185,Colombia,Barranquilla,Bronce,True,False,True,4,3,1697.0,63,6,4,True
30186,Colombia,Bogotá D.C.,Bronce,False,False,True,0,0,0.0,27,4,10,True
30187,México,—,Bronce,False,False,True,0,0,0.0,24,1,7,True
30188,Ecuador,—,Bronce,True,True,True,0,0,0.0,17,3,6,True
30189,México,—,Bronce,True,False,True,2,1,515.0,34,8,10,False
30190,México,—,Bronce,False,False,True,1,0,0.0,49,7,8,False
30191,México,—,Bronce,False,False,True,1,0,0.0,17,1,5,True
30192,Colombia,Medellín,Bronce,False,False,True,2,1,591.0,1,6,6,True
30193,Uruguay,—,Bronce,False,True,True,5,3,1036.0,18,2,3,True
30194,México,—,Bronce,True,True,True,0,0,0.0,43,3,6,True
30195,Colombia,Bogotá D.C.,Plata,False,True,True,10,5,1781.0,4,12,8,False
30196,Colombia,Ibagué,Bronce,True,False,True,2,1,665.0,7,6,8,True
30197,Colombia,Ibagué,Bronce,True,False,True,1,0,0.0,14,2,5,True
30198,Colombia,Bogotá D.C.,Bronce,False,False,True,0,0,0.0,2,3,10,True
30199,Colombia,Otras ciudades,Bronce,False,False,False,0,0,0.0,19,11,6,False
30200,Colombia,Cartagena,Bronce,False,False,True,0,0,0.0,53,7,9,False
30201,Colombia,Cali,Bronce,False,False,True,0,0,0.0,11,7,10,False
30202,Colombia,Armenia,Bronce,False,False,True,1,0,0.0,5,7,8,False
30203,Colombia,Bogotá D.C.,Bronce,True,True,True,0,0,0.0,3,4,6,True
30204,México,—,Bronce,True,False,True,6,5,2235.0,15,1,10,True
30205,Colombia,Neiva,Bronce,False,True,True,5,3,1482.0,10,14,7,False
30206,Colombia,Bogotá D.C.,Bronce,False,False,True,2,1,576.0,14,7,7,False
30207,Colombia,Bucaramanga,Bronce,False,False,True,1,0,0.0,12,12,10,False
30208,Colombia,Otras ciudades,Plata,True,True,True,14,11,5299.0,44,8,4,False
30209,México,—,Bronce,True,False,True,3,2,336.0,13,5,7,True
30210,Ecuador,—,Plata,False,True,True,13,7,2927.0,4,16,7,False
30211,Colombia,Bogotá D.C.,Plata,True,False,True,8,5,2227.0,34,4,5,True
30212,Perú,—,Bronce,True,False,True,2,1,420.0,12,7,9,False
30213,Ecuador,—,Bronce,False,False,True,3,2,1219.0,34,8,7,False
30214,Colombia,Bogotá D.C.,Bronce,True,False,True,0,0,0.0,28,9,6,False
30215,Colombia,Bogotá D.C.,Bronce,False,False,True,1,0,0.0,1,17,10,False
30216,Perú,—,Bronce,False,True,True,2,1,466.0,36,3,8,True
30217,Colombia,Bucaramanga,Bronce,False,False,True,7,4,1933.0,2,9,6,False
30218,México,—,Bronce,True,True,True,1,0,0.0,27,8,6,False
30219,Colombia,Otras ciudades,Platino,False,True,False,65,45,29743.0,33,4,3,True
30220,México,—,Bronce,True,True,False,2,1,595.0,51,7,6,False
30221,Colombia,Otras ciudades,Plata,False,False,True,15,8,4560.0,30,8,5,False
30222,México,—,Plata,False,False,True,10,6,3289.0,23,1,7,True
30223,Colombia,Barranquilla,Bronce,False,False,False,0,0,0.0,79,4,2,True
30224,Colombia,Otras ciudades,Bronce,False,True,True,3,2,505.0,24,15,7,False
30225,Colombia,Cali,Bronce,False,False,True,2,1,577.0,14,11,9,False
30226,Uruguay,—,Bronce,False,True,True,0,0,0.0,10,2,6,True
30227,México,—,Bronce,False,False,True,1,0,0.0,17,9,4,False
30228,Colombia,Cali,Bronce,False,False,True,0,0,0.0,56,9,7,False
30229,Colombia,Cartagena,Bronce,False,False,True,4,2,430.0,2,29,10,False
30230,Colombia,Bogotá D.C.,Bronce,False,False,True,0,0,0.0,7,21,9,False
30231,Perú,—,Bronce,True,False,True,2,1,479.0,53,5,1,True
30232,Colombia,Pereira,Bronce,False,False,True,1,0,0.0,62,1,7,True
30233,Colombia,Cali,Bronce,False,True,True,6,5,2083.0,14,2,5,True
30234,México,—,Plata,True,False,True,8,7,3496.0,27,4,8,True
30235,Colombia,Bogotá D.C.,Bronce,False,False,True,1,0,0.0,42,11,6,False
30236,Colombia,Barranquilla,Bronce,True,False,True,1,0,0.0,36,11,7,False
30237,Colombia,Pereira,Bronce,True,False,True,2,1,506.0,4,6,7,True
30238,Colombia,Bogotá D.C.,Bronce,False,False,True,6,3,1196.0,12,7,5,False
30239,Colombia,Pasto,Plata,False,True,True,14,11,6191.0,98,3,4,True
30240,Colombia,Medellín,Bronce,False,False,True,0,0,0.0,20,12,9,False
30241,Colombia,Manizales,Bronce,True,False,True,1,0,0.0,23,3,8,True
30242,Colombia,Bogotá D.C.,Bronce,False,False,False,2,1,651.0,39,1,10,True
30243,Colombia,Medellín,Bronce,False,False,False,1,0,0.0,58,2,7,True
30244,Colombia,Cali,Bronce,False,False,True,1,0,0.0,34,2,7,True
30245,Ecuador,—,Bronce,False,False,False,4,2,914.0,17,4,6,True
30246,Colombia,Bogotá D.C.,Plata,False,False,False,13,9,4325.0,17,4,6,True
30247,Uruguay,—,Oro,False,False,True,29,26,12637.0,19,1,7,True
30248,Colombia,Barranquilla,Bronce,True,True,True,3,2,734.0,37,1,6,True
30249,Colombia,Valledupar,Bronce,False,True,True,0,0,0.0,9,11,9,False
30250,Colombia,Otras ciudades,Bronce,True,False,True,0,0,0.0,11,1,7,True
30251,México,—,Bronce,False,True,True,3,1,438.0,13,6,8,True
30252,México,—,Bronce,True,False,False,3,2,1234.0,17,0,8,True
30253,Colombia,Pereira,Bronce,False,True,False,1,0,0.0,49,5,6,True
30254,México,—,Plata,False,False,True,11,8,5749.0,3,5,7,True
30255,Perú,—,Bronce,False,False,False,0,0,0.0,27,9,9,False
30256,Ecuador,—,Bronce,True,False,False,0,0,0.0,8,9,6,False
30257,Colombia,Otras ciudades,Plata,False,False,True,10,7,3269.0,12,5,9,True
30258,Colombia,Medellín,Bronce,True,False,True,0,0,0.0,25,12,10,False
30259,Colombia,Bogotá D.C.,Bronce,False,True,True,4,2,701.0,36,4,6,True
30260,Ecuador,—,Bronce,True,False,False,0,0,0.0,25,3,7,True
30261,Ecuador,—,Bronce,True,True,True,5,3,1497.0,5,3,9,True
30262,Colombia,Popayán,Bronce,False,False,False,2,1,556.0,70,0,7,True
30263,Colombia,Bogotá D.C.,Bronce,True,False,True,3,2,1153.0,41,9,7,False
30264,Colombia,Otras ciudades,Bronce,False,False,True,0,0,0.0,26,10,9,False
30265,Uruguay,—,Bronce,True,False,False,0,0,0.0,7,3,8,True
30266,Colombia,Medellín,Bronce,True,False,True,0,0,0.0,25,4,7,True
30267,Colombia,Otras ciudades,Bronce,True,True,True,0,0,0.0,10,11,8,False
30268,Colombia,Pasto,Bronce,True,False,True,7,4,2267.0,9,0,6,True
30269,Perú,—,Plata,False,False,True,24,17,7125.0,24,16,10,False
30270,Colombia,Bogotá D.C.,Bronce,False,False,True,1,0,0.0,10,4,8,True
30271,Ecuador,—,Bronce,False,True,False,1,0,0.0,24,21,8,False
30272,Uruguay,—,Bronce,True,False,True,0,0,0.0,7,9,8,False
30273,Ecuador,—,Plata,True,False,True,14,8,4019.0,3,1,10,True
30274,Colombia,Pereira,Oro,True,False,True,26,22,9509.0,2,2,7,True
30275,Colombia,Montería,Bronce,False,False,True,3,2,584.0,25,1,9,True
30276,Ecuador,—,Platino,True,False,True,84,77,30950.0,1,9,7,False
30277,México,—,Bronce,True,False,True,7,6,2592.0,21,1,9,True
30278,Ecuador,—,Bronce,False,False,True,1,0,0.0,46,2,8,True
30279,México,—,Bronce,True,True,True,0,0,0.0,12,0,6,True
30280,Ecuador,—,Bronce,False,False,False,2,1,581.0,8,1,8,True
30281,Colombia,Otras ciudades,Bronce,False,False,True,1,0,0.0,41,9,7,False
30282,México,—,Bronce,False,True,True,0,0,0.0,47,1,7,True
30283,México,—,Bronce,True,True,True,2,1,531.0,2,1,9,True
30284,Colombia,Bucaramanga,Bronce,False,False,True,0,0,0.0,23,4,7,True
30285,Colombia,Medellín,Bronce,False,False,True,3,2,706.0,15,3,6,True
30286,Colombia,Bogotá D.C.,Bronce,True,False,False,0,0,0.0,11,4,10,True
30287,Colombia,Cúcuta,Bronce,False,False,True,0,0,0.0,18,2,7,True
30288,México,—,Bronce,True,True,False,3,2,1217.0,10,11,10,False
30289,Colombia,Bogotá D.C.,Bronce,False,False,True,0,0,0.0,58,1,7,True
30290,Colombia,Neiva,Bronce,False,True,True,0,0,0.0,39,1,9,True
30291,Ecuador,—,Bronce,False,True,True,0,0,0.0,55,2,9,True
30292,Colombia,Bogotá D.C.,Plata,False,False,True,13,10,7059.0,18,5,6,True
30293,Colombia,Bogotá D.C.,Bronce,False,True,True,4,3,1042.0,18,4,7,True
30294,Colombia,Cali,Bronce,False,False,True,2,1,508.0,3,5,5,True
30295,Perú,—,Bronce,True,False,True,1,0,0.0,17,4,6,True
30296,Colombia,Pasto,Platino,True,True,False,240,217,94648.0,75,2,5,True
30297,Colombia,Cúcuta,Bronce,False,False,True,0,0,0.0,22,0,8,True
30298,Colombia,Cartagena,Bronce,False,True,False,0,0,0.0,13,3,9,True
30299,Colombia,Armenia,Bronce,False,False,False,4,3,1675.0,13,8,8,False
30300,Colombia,Otras ciudades,Bronce,False,True,True,1,0,0.0,62,1,4,True
30301,México,—,Bronce,False,False,True,4,3,1649.0,23,8,5,False
30302,Colombia,Bogotá D.C.,Bronce,False,False,True,0,0,0.0,23,6,6,True
30303,Ecuador,—,Bronce,True,False,True,0,0,0.0,31,2,7,True
30304,Colombia,Barranquilla,Bronce,False,False,True,1,0,0.0,55,2,2,True
30305,México,—,Bronce,False,False,True,0,0,0.0,20,14,10,False
30306,México,—,Bronce,False,False,False,1,0,0.0,9,18,8,False
30307,Perú,—,Bronce,False,False,True,1,0,0.0,20,3,8,True
30308,Perú,—,Bronce,True,False,True,2,1,628.0,13,7,7,False
30309,México,—,Plata,False,False,False,13,10,5656.0,24,0,5,True
30310,Ecuador,—,Bronce,True,False,True,1,0,0.0,50,0,6,True
30311,Colombia,Cali,Plata,False,True,True,9,5,2680.0,14,0,9,True
30312,México,—,Bronce,False,False,False,0,0,0.0,16,3,6,True
30313,Ecuador,—,Oro,True,False,True,26,19,12544.0,5,4,7,True
30314,Colombia,Bogotá D.C.,Bronce,False,False,True,1,0,0.0,38,7,8,False
30315,México,—,Bronce,True,False,True,0,0,0.0,19,1,9,True
30316,Colombia,Bogotá D.C.,Bronce,False,False,True,0,0,0.0,41,3,5,True
30317,Colombia,Bogotá D.C.,Bronce,True,False,True,3,2,1019.0,61,23,4,False
30318,Ecuador,—,Oro,False,False,True,49,37,9310.0,31,17,6,False
30319,Colombia,Bogotá D.C.,Bronce,True,False,True,6,4,2633.0,32,1,8,True
30320,Uruguay,—,Bronce,True,False,False,0,0,0.0,49,4,8,True
30321,Colombia,Villavicencio,Bronce,False,False,True,1,0,0.0,13,7,5,False
30322,Colombia,Bogotá D.C.,Bronce,False,True,False,1,0,0.0,10,2,9,True
30323,Colombia,Montería,Bronce,False,False,True,1,0,0.0,26,0,9,True
30324,Colombia,Bucaramanga,Plata,False,False,True,9,7,4020.0,78,4,7,True
30325,Colombia,Bucaramanga,Bronce,False,False,True,5,3,1013.0,63,7,9,False
30326,Chile,—,Plata,True,False,True,14,10,3137.0,7,3,7,True
30327,Colombia,Bogotá D.C.,Bronce,False,False,True,1,0,0.0,72,0,2,True
30328,Colombia,Bogotá D.C.,Bronce,False,True,True,2,1,424.0,44,11,4,False
30329,Colombia,Santa Marta,Bronce,False,False,False,0,0,0.0,53,6,7,True
30330,Colombia,Bogotá D.C.,Bronce,False,True,True,0,0,0.0,58,7,9,False
30331,Colombia,Barranquilla,Plata,False,False,True,14,10,5788.0,40,2,8,True
30332,Colombia,Bucaramanga,Bronce,False,False,True,0,0,0.0,1,3,9,True
30333,Chile,—,Bronce,False,False,False,3,1,552.0,12,8,6,False
30334,México,—,Bronce,True,True,True,3,1,310.0,18,2,4,True
30335,Colombia,Bogotá D.C.,Plata,False,False,False,17,14,6739.0,21,10,10,False
30336,Colombia,Cartagena,Bronce,False,False,False,4,2,1075.0,4,1,7,True
30337,Colombia,Armenia,Plata,True,True,True,18,15,6777.0,27,2,7,True
30338,Colombia,Bogotá D.C.,Bronce,True,False,True,1,0,0.0,41,1,5,True
30339,Colombia,Cartagena,Bronce,True,True,False,2,1,538.0,31,6,6,True
30340,Colombia,Bogotá D.C.,Bronce,True,True,True,7,4,2177.0,21,3,7,True
30341,Colombia,Cali,Bronce,False,False,True,0,0,0.0,48,7,8,False
30342,Colombia,Bogotá D.C.,Bronce,False,False,False,2,1,444.0,52,0,9,True
30343,Colombia,Montería,Bronce,False,True,False,1,0,0.0,7,12,7,False
30344,México,—,Bronce,True,True,True,3,2,1271.0,5,6,10,True
30345,Colombia,Bogotá D.C.,Bronce,False,False,True,1,0,0.0,54,6,9,True
30346,Colombia,Cartagena,Bronce,True,True,True,1,0,0.0,7,2,7,True
30347,Colombia,Manizales,Bronce,True,False,False,1,0,0.0,20,7,10,False
30348,Ecuador,—,Bronce,False,False,True,5,2,912.0,57,7,9,False
30349,Colombia,Medellín,Bronce,False,False,True,0,0,0.0,50,1,8,True
30350,Colombia,Bogotá D.C.,Bronce,False,True,True,3,2,1033.0,19,1,7,True
30351,Colombia,Barranquilla,Bronce,True,True,True,4,3,1168.0,90,9,5,False
30352,Colombia,Cali,Bronce,False,False,True,1,0,0.0,12,2,9,True
30353,Colombia,Bogotá D.C.,Plata,False,True,True,11,9,5265.0,24,3,7,True
30354,Colombia,Cartagena,Bronce,False,False,True,0,0,0.0,19,10,10,False
30355,Colombia,Santa Marta,Bronce,False,True,False,1,0,0.0,6,19,7,False
30356,Ecuador,—,Bronce,False,False,True,1,0,0.0,12,5,8,True
30357,Colombia,Bogotá D.C.,Bronce,False,False,True,2,1,486.0,7,7,5,False
30358,México,—,Bronce,False,False,True,2,1,520.0,5,0,6,True
30359,Colombia,Otras ciudades,Bronce,True,False,True,1,0,0.0,42,20,7,False
30360,México,—,Platino,True,False,True,84,60,31064.0,25,0,9,True
30361,Perú,—,Bronce,True,True,True,1,0,0.0,67,10,5,False
30362,Colombia,Bucaramanga,Bronce,False,True,True,1,0,0.0,14,3,7,True
30363,Colombia,Bogotá D.C.,Bronce,True,False,True,7,4,1727.0,4,5,7,True
30364,Colombia,Cali,Bronce,True,True,True,0,0,0.0,75,24,10,False
30365,México,—,Bronce,False,False,False,0,0,0.0,27,0,7,True
30366,Colombia,Bogotá D.C.,Oro,True,False,True,34,27,9384.0,18,3,9,True
30367,Uruguay,—,Plata,True,False,True,10,9,5393.0,23,15,6,False
30368,Colombia,Bogotá D.C.,Bronce,False,False,True,3,2,909.0,7,7,8,False
30369,Ecuador,—,Bronce,False,False,True,0,0,0.0,42,8,4,False
30370,México,—,Bronce,True,False,True,4,2,1028.0,38,6,10,True
30371,Colombia,Cali,Bronce,False,False,True,6,4,1980.0,5,7,8,False
30372,Perú,—,Bronce,False,False,True,0,0,0.0,57,5,8,True
30373,México,—,Bronce,False,True,True,1,0,0.0,81,3,6,True
30374,Colombia,Pasto,Bronce,True,True,True,4,2,1107.0,40,2,6,True
30375,México,—,Plata,True,False,False,8,7,3702.0,38,10,7,False
30376,Colombia,Otras ciudades,Bronce,False,True,False,0,0,0.0,35,2,4,True
30377,Colombia,Medellín,Plata,True,False,True,8,5,2585.0,15,2,9,True
30378,Colombia,Medellín,Bronce,False,False,True,2,1,527.0,10,7,8,False
30379,Colombia,Bucaramanga,Bronce,True,True,True,0,0,0.0,22,13,5,False
30380,México,—,Bronce,False,False,True,1,0,0.0,10,1,7,True
30381,Ecuador,—,Bronce,False,True,True,0,0,0.0,10,6,10,True
30382,Perú,—,Bronce,False,False,True,0,0,0.0,1,3,9,True
30383,Colombia,Pereira,Bronce,True,False,True,0,0,0.0,24,5,6,True
30384,Colombia,Bogotá D.C.,Plata,True,False,True,11,6,3196.0,31,3,4,True
30385,Ecuador,—,Bronce,False,False,True,2,1,473.0,20,8,7,False
30386,Colombia,Medellín,Bronce,True,False,True,6,3,1805.0,9,3,7,True
30387,Chile,—,Bronce,False,False,True,7,4,1563.0,23,6,6,True
30388,Colombia,Medellín,Bronce,False,False,True,0,0,0.0,20,4,10,True
30389,Perú,—,Plata,False,False,True,10,6,2141.0,36,0,10,True
30390,México,—,Bronce,False,False,True,1,0,0.0,14,7,9,False
30391,Perú,—,Bronce,False,False,True,0,0,0.0,11,4,6,True
30392,Ecuador,—,Bronce,True,False,True,2,1,438.0,2,6,10,True
30393,Colombia,Bogotá D.C.,Bronce,True,False,True,2,1,426.0,69,1,8,True
30394,Ecuador,—,Bronce,True,False,True,0,0,0.0,20,1,8,True
30395,Colombia,Bogotá D.C.,Bronce,False,False,True,1,0,0.0,55,7,8,False
30396,Perú,—,Bronce,True,True,True,4,2,810.0,21,9,5,False
30397,Perú,—,Plata,True,False,True,16,12,6728.0,28,5,7,True
30398,Colombia,Medellín,Bronce,False,True,True,0,0,0.0,2,5,10,True
30399,Colombia,Cali,Bronce,False,False,True,2,1,383.0,59,2,6,True
30400,Colombia,Barranquilla,Bronce,False,False,False,2,1,651.0,16,2,8,True
30401,Ecuador,—,Bronce,True,True,False,4,3,1061.0,25,33,10,False
30402,Colombia,Cali,Oro,False,False,False,30,20,10485.0,101,11,5,False
30403,Colombia,Cartagena,Bronce,True,False,True,0,0,0.0,8,2,5,True
30404,Colombia,Bogotá D.C.,Bronce,False,True,True,1,0,0.0,2,19,7,False
30405,Colombia,Bogotá D.C.,Bronce,True,False,True,4,2,1246.0,3,3,5,True
30406,México,—,Bronce,False,False,True,1,0,0.0,4,1,4,True
30407,Colombia,Otras ciudades,Bronce,False,True,True,0,0,0.0,66,0,6,True
30408,Colombia,Barranquilla,Platino,True,False,True,147,123,56693.0,26,1,10,True
30409,Chile,—,Bronce,True,False,True,2,1,460.0,24,2,10,True
30410,Colombia,Barranquilla,Bronce,True,False,True,0,0,0.0,29,1,8,True
30411,Uruguay,—,Bronce,False,False,True,1,0,0.0,23,7,4,False
30412,Colombia,Barranquilla,Bronce,True,False,True,3,2,1012.0,11,1,7,True
30413,Chile,—,Bronce,True,False,True,0,0,0.0,15,1,8,True
30414,Colombia,Otras ciudades,Bronce,False,True,True,1,0,0.0,30,9,4,False
30415,Perú,—,Bronce,True,True,True,3,2,841.0,38,3,7,True
30416,Uruguay,—,Plata,True,True,True,10,6,2665.0,77,6,7,True
30417,Colombia,Sincelejo,Bronce,True,False,False,2,1,368.0,46,7,5,False
30418,Colombia,Barranquilla,Bronce,False,False,True,0,0,0.0,7,6,6,True
30419,Colombia,Bogotá D.C.,Bronce,True,False,True,0,0,0.0,19,11,7,False
30420,Chile,—,Bronce,True,True,True,1,0,0.0,22,2,10,True
30421,Ecuador,—,Bronce,True,False,True,2,1,474.0,20,2,4,True
30422,Ecuador,—,Bronce,True,False,False,0,0,0.0,21,8,7,False
30423,Colombia,Bogotá D.C.,Bronce,False,False,True,4,2,874.0,8,3,8,True
30424,Colombia,Manizales,Bronce,False,True,True,3,2,988.0,12,0,9,True
30425,Colombia,Medellín,Bronce,True,False,True,3,2,831.0,32,5,9,True
30426,Colombia,Medellín,Bronce,False,False,True,1,0,0.0,15,3,7,True
30427,Colombia,Cali,Bronce,True,True,False,4,3,1537.0,3,8,9,False
30428,Colombia,Bogotá D.C.,Bronce,False,False,True,1,0,0.0,66,1,3,True
30429,Colombia,Bogotá D.C.,Bronce,True,True,True,0,0,0.0,10,4,9,True
30430,Perú,—,Bronce,False,True,True,3,1,598.0,12,3,7,True
30431,Colombia,Medellín,Plata,False,False,True,17,9,4829.0,4,8,9,False
30432,Ecuador,—,Bronce,True,False,True,3,1,495.0,45,1,8,True
30433,Colombia,Otras ciudades,Bronce,False,False,False,0,0,0.0,10,8,3,False
30434,Colombia,Bogotá D.C.,Bronce,False,False,True,6,5,3038.0,10,8,7,False
30435,Uruguay,—,Bronce,True,False,False,4,2,1026.0,14,5,7,True
30436,Chile,—,Bronce,True,True,True,1,0,0.0,12,7,10,False
30437,Colombia,Bucaramanga,Bronce,False,False,True,1,0,0.0,24,2,8,True
30438,Colombia,Barranquilla,Bronce,True,False,True,2,1,659.0,5,0,8,True
30439,Colombia,Bogotá D.C.,Bronce,False,True,True,3,1,590.0,25,2,7,True
30440,Ecuador,—,Bronce,False,False,True,0,0,0.0,37,14,7,False
30441,Ecuador,—,Bronce,False,True,False,0,0,0.0,4,7,7,False
30442,Colombia,Medellín,Bronce,True,False,True,0,0,0.0,24,1,10,True
30443,Colombia,Bucaramanga,Bronce,True,True,False,2,1,513.0,38,5,8,True
30444,Colombia,Barranquilla,Bronce,True,False,True,1,0,0.0,14,1,10,True
30445,Colombia,Neiva,Platino,True,False,False,64,51,25273.0,34,1,9,True
30446,Colombia,Barranquilla,Bronce,True,False,True,1,0,0.0,2,7,5,False
30447,Perú,—,Bronce,True,False,True,0,0,0.0,31,16,6,False
30448,Colombia,Bogotá D.C.,Bronce,False,False,True,3,2,648.0,59,20,10,False
30449,Colombia,Cali,Bronce,False,True,True,0,0,0.0,12,1,6,True
30450,Colombia,Cúcuta,Bronce,False,True,True,1,0,0.0,9,4,10,True
30451,Colombia,Cartagena,Bronce,False,True,True,2,1,477.0,59,3,6,True
30452,Colombia,Bogotá D.C.,Bronce,False,False,True,0,0,0.0,19,6,10,True
30453,México,—,Bronce,True,False,False,1,0,0.0,13,8,7,False
30454,Chile,—,Bronce,True,False,True,4,3,1048.0,44,6,9,True
30455,Colombia,Bogotá D.C.,Bronce,False,False,False,2,1,546.0,37,6,10,True
30456,Colombia,Medellín,Bronce,True,True,True,3,1,496.0,6,2,9,True
30457,Perú,—,Bronce,False,False,False,1,0,0.0,21,6,6,True
30458,México,—,Oro,True,False,True,44,28,18968.0,59,2,7,True
30459,Perú,—,Bronce,True,False,False,1,0,0.0,31,1,7,True
30460,Colombia,Cali,Oro,True,False,True,36,32,15146.0,15,1,7,True
30461,Colombia,Barranquilla,Bronce,False,True,True,5,3,1239.0,5,5,10,True
30462,Colombia,Barranquilla,Bronce,True,False,True,1,0,0.0,11,9,2,False
30463,Colombia,Medellín,Bronce,True,False,True,4,2,773.0,44,4,4,True
30464,México,—,Bronce,False,False,True,2,1,398.0,16,7,5,False
30465,Colombia,Manizales,Bronce,True,False,True,1,0,0.0,50,5,3,True
30466,Colombia,Manizales,Bronce,True,False,True,0,0,0.0,26,1,7,True
30467,Colombia,Medellín,Bronce,False,False,False,6,4,1957.0,19,5,9,True
30468,México,—,Bronce,True,False,True,0,0,0.0,19,3,4,True
30469,Colombia,Bogotá D.C.,Bronce,True,False,True,1,0,0.0,25,21,7,False
30470,Colombia,Medellín,Plata,True,False,True,15,13,6865.0,14,2,8,True
30471,Ecuador,—,Bronce,True,False,True,2,1,804.0,59,5,7,True
30472,Colombia,Bogotá D.C.,Bronce,False,True,True,1,0,0.0,39,13,8,False
30473,Ecuador,—,Bronce,True,False,True,1,0,0.0,22,7,7,False
30474,Colombia,Bogotá D.C.,Bronce,False,True,True,3,2,1412.0,5,10,6,False
30475,Colombia,Bogotá D.C.,Bronce,False,True,True,1,0,0.0,65,6,4,True
30476,Colombia,Bucaramanga,Bronce,True,True,True,1,0,0.0,20,2,10,True
30477,Perú,—,Bronce,True,True,False,0,0,0.0,12,7,9,False
30478,Colombia,Barranquilla,Bronce,True,False,True,0,0,0.0,43,11,10,False
30479,Colombia,Medellín,Platino,True,False,True,179,107,69298.0,50,4,9,True
30480,Colombia,Bogotá D.C.,Bronce,False,False,True,2,1,356.0,45,0,5,True
30481,Colombia,Bucaramanga,Bronce,False,True,True,3,2,981.0,69,6,10,True
30482,México,—,Plata,False,False,False,11,10,3921.0,2,18,8,False
30483,México,—,Bronce,False,False,True,0,0,0.0,38,13,10,False
30484,Colombia,Bogotá D.C.,Plata,False,True,False,13,11,4369.0,30,9,4,False
30485,México,—,Bronce,True,False,True,0,0,0.0,15,14,9,False
30486,México,—,Bronce,False,False,True,1,0,0.0,73,20,9,False
30487,Colombia,Medellín,Bronce,False,False,True,6,5,1997.0,15,3,6,True
30488,Colombia,Bogotá D.C.,Bronce,True,False,True,3,1,422.0,12,0,10,True
30489,Colombia,Cúcuta,Plata,False,False,False,17,10,4318.0,11,2,4,True
30490,Colombia,Bogotá D.C.,Bronce,True,False,True,2,1,519.0,7,3,10,True
30491,Colombia,Bogotá D.C.,Plata,True,False,False,16,13,7630.0,3,3,3,True
30492,Colombia,Otras ciudades,Bronce,False,False,True,2,1,515.0,6,10,6,False
30493,Ecuador,—,Plata,True,False,True,13,9,3390.0,18,8,5,False
30494,Colombia,Bogotá D.C.,Bronce,True,True,True,4,2,813.0,13,3,8,True
30495,Colombia,Bogotá D.C.,Bronce,False,False,False,6,3,1263.0,76,0,9,True
30496,Colombia,Bogotá D.C.,Bronce,True,False,False,3,2,1341.0,45,2,10,True
30497,Colombia,Armenia,Bronce,True,True,True,5,3,1437.0,35,0,6,True
30498,Colombia,Bogotá D.C.,Bronce,True,False,True,3,2,890.0,21,4,4,True
30499,Colombia,Cali,Bronce,False,False,True,3,2,1401.0,5,4,4,True
30500,Colombia,Bogotá D.C.,Bronce,False,False,False,1,0,0.0,21,1,9,True
30501,Colombia,Bogotá D.C.,Bronce,True,True,False,0,0,0.0,45,2,8,True
30502,Colombia,Bogotá D.C.,Bronce,False,True,False,2,1,546.0,46,0,5,True
30503,Chile,—,Bronce,False,False,True,0,0,0.0,21,8,7,False
30504,Colombia,Pereira,Bronce,True,False,True,7,6,2475.0,4,9,5,False
30505,Colombia,Bogotá D.C.,Bronce,True,False,True,1,0,0.0,41,0,5,True
30506,Ecuador,—,Oro,True,True,True,38,29,14298.0,13,7,10,False
30507,Colombia,Bogotá D.C.,Bronce,True,False,True,0,0,0.0,21,1,10,True
30508,México,—,Bronce,True,False,True,0,0,0.0,28,6,4,True
30509,México,—,Bronce,True,False,True,0,0,0.0,90,7,10,False
30510,Colombia,Medellín,Oro,False,False,True,55,49,21836.0,18,4,8,True
30511,Colombia,Bucaramanga,Bronce,True,False,True,1,0,0.0,11,15,5,False
30512,Colombia,Medellín,Bronce,True,True,False,2,1,473.0,21,8,10,False
30513,Colombia,Cali,Plata,True,False,True,8,5,3059.0,27,2,10,True
30514,México,—,Bronce,False,False,True,5,3,1259.0,16,8,9,False
30515,Colombia,Cali,Bronce,False,False,True,2,1,640.0,39,2,4,True
30516,Colombia,Otras ciudades,Bronce,True,True,False,2,1,366.0,106,8,7,False
30517,Ecuador,—,Bronce,False,False,True,0,0,0.0,7,2,8,True
30518,Chile,—,Bronce,False,True,True,2,1,480.0,21,2,7,True
30519,Colombia,Cali,Oro,True,False,True,31,21,7389.0,11,1,6,True
30520,Perú,—,Bronce,True,False,True,1,0,0.0,4,9,7,False
30521,Colombia,Bogotá D.C.,Plata,True,False,False,19,12,4092.0,42,19,7,False
30522,Ecuador,—,Plata,False,False,True,14,11,7191.0,20,2,9,True
30523,Colombia,Villavicencio,Bronce,False,False,False,0,0,0.0,4,1,10,True
30524,Ecuador,—,Bronce,False,True,False,0,0,0.0,13,12,10,False
30525,Colombia,Cali,Bronce,False,False,True,1,0,0.0,9,7,4,False
30526,Colombia,Otras ciudades,Oro,False,False,True,30,27,11047.0,89,7,3,False
30527,Colombia,Medellín,Bronce,False,True,True,1,0,0.0,23,2,10,True
30528,Colombia,Bogotá D.C.,Bronce,False,True,False,1,0,0.0,32,0,6,True
30529,Colombia,Bucaramanga,Bronce,True,False,True,0,0,0.0,52,13,2,False
30530,Ecuador,—,Bronce,False,False,False,0,0,0.0,24,3,6,True
30531,México,—,Plata,False,True,True,8,7,2075.0,13,0,9,True
30532,Uruguay,—,Bronce,False,False,True,1,0,0.0,36,4,9,True
30533,Colombia,Bogotá D.C.,Bronce,True,False,True,6,5,2369.0,116,5,7,True
30534,México,—,Bronce,True,False,True,1,0,0.0,11,2,8,True
30535,Colombia,Bogotá D.C.,Bronce,False,False,True,0,0,0.0,32,7,8,False
30536,Ecuador,—,Bronce,False,True,True,1,0,0.0,7,12,7,False
30537,México,—,Bronce,True,False,True,0,0,0.0,11,0,8,True
30538,México,—,Bronce,False,False,True,1,0,0.0,54,15,8,False
30539,México,—,Bronce,True,True,True,0,0,0.0,44,8,7,False
30540,Colombia,Armenia,Plata,False,False,False,11,10,5337.0,4,7,5,False
30541,Colombia,Cali,Bronce,True,False,True,0,0,0.0,12,15,5,False
30542,México,—,Bronce,True,False,True,0,0,0.0,14,11,3,False
30543,Colombia,Neiva,Plata,True,False,True,16,13,6552.0,26,6,8,True
30544,Ecuador,—,Bronce,False,False,True,3,2,1277.0,49,19,6,False
30545,Colombia,Otras ciudades,Plata,False,False,False,12,9,3980.0,7,1,5,True
30546,México,—,Bronce,True,False,True,7,6,2527.0,13,7,8,False
30547,Colombia,Bogotá D.C.,Plata,False,False,True,18,16,11085.0,21,8,4,False
30548,México,—,Bronce,False,False,False,5,4,2364.0,54,8,1,False
30549,Colombia,Otras ciudades,Bronce,False,False,True,4,3,1429.0,23,9,6,False
30550,Colombia,Cali,Bronce,False,True,False,0,0,0.0,14,18,9,False
30551,Colombia,Barranquilla,Bronce,False,True,True,0,0,0.0,5,5,8,True
30552,Colombia,Barranquilla,Bronce,False,True,False,1,0,0.0,52,3,6,True
30553,Colombia,Pereira,Bronce,True,False,True,0,0,0.0,1,2,7,True
30554,México,—,Bronce,True,True,True,1,0,0.0,4,11,8,False
30555,Colombia,Medellín,Bronce,True,False,False,4,3,1437.0,17,6,6,True
30556,Colombia,Bogotá D.C.,Bronce,False,False,True,0,0,0.0,83,0,6,True
30557,Colombia,Manizales,Bronce,False,False,True,2,1,522.0,12,18,6,False
30558,Colombia,Medellín,Plata,True,True,True,8,5,1535.0,4,2,9,True
30559,México,—,Bronce,False,True,True,0,0,0.0,25,1,9,True
30560,Colombia,Bogotá D.C.,Bronce,True,True,True,0,0,0.0,24,3,4,True
30561,Colombia,Bogotá D.C.,Bronce,False,True,True,2,1,393.0,45,4,10,True
30562,Uruguay,—,Bronce,False,True,True,2,1,581.0,7,4,8,True
30563,Colombia,Bogotá D.C.,Bronce,True,True,False,4,3,1511.0,26,10,10,False
30564,México,—,Bronce,False,False,True,1,0,0.0,27,0,6,True
30565,México,—,Bronce,True,False,True,0,0,0.0,37,1,8,True
30566,Colombia,Medellín,Bronce,False,False,True,0,0,0.0,16,1,7,True
30567,Uruguay,—,Bronce,True,True,True,0,0,0.0,40,4,10,True
30568,Colombia,Bogotá D.C.,Bronce,False,True,True,0,0,0.0,5,5,9,True
30569,Colombia,Pasto,Bronce,True,False,False,2,1,680.0,75,0,9,True
30570,Colombia,Otras ciudades,Bronce,False,False,False,1,0,0.0,9,7,10,False
30571,Colombia,Armenia,Bronce,True,True,True,1,0,0.0,32,3,8,True
30572,Colombia,Montería,Bronce,False,True,False,0,0,0.0,11,6,10,True
30573,Perú,—,Bronce,True,False,True,0,0,0.0,21,1,8,True
30574,Colombia,Bogotá D.C.,Oro,False,False,True,35,29,10209.0,6,11,6,False
30575,Colombia,Villavicencio,Bronce,False,False,True,4,3,1358.0,60,5,9,True
30576,Colombia,Bogotá D.C.,Bronce,False,True,False,1,0,0.0,43,1,5,True
30577,Colombia,Cali,Plata,False,True,True,17,10,4039.0,14,4,9,True
30578,Colombia,Cartagena,Bronce,False,True,True,2,1,308.0,13,8,6,False
30579,Ecuador,—,Bronce,True,False,False,2,1,484.0,11,3,5,True
30580,Colombia,Pasto,Bronce,False,False,False,1,0,0.0,37,4,4,True
30581,Colombia,Bogotá D.C.,Bronce,False,False,True,0,0,0.0,34,0,7,True
30582,Colombia,Medellín,Plata,True,False,True,15,11,5878.0,19,7,7,False
30583,Ecuador,—,Bronce,False,True,True,0,0,0.0,13,12,9,False
30584,México,—,Plata,True,False,True,10,6,3940.0,42,3,7,True
30585,Colombia,Otras ciudades,Plata,False,False,False,8,4,2310.0,30,2,7,True
30586,Colombia,Bogotá D.C.,Bronce,True,False,True,1,0,0.0,69,0,8,True
30587,Colombia,Medellín,Bronce,False,False,True,3,2,938.0,40,7,8,False
30588,Uruguay,—,Bronce,True,False,True,3,2,1268.0,37,0,10,True
30589,Ecuador,—,Bronce,False,False,True,0,0,0.0,33,9,8,False
30590,Colombia,Bogotá D.C.,Bronce,False,False,True,0,0,0.0,42,8,4,False
30591,Colombia,Bogotá D.C.,Bronce,False,False,True,0,0,0.0,13,5,10,True
30592,México,—,Bronce,True,True,True,1,0,0.0,1,1,7,True
30593,Colombia,Bogotá D.C.,Platino,False,True,True,82,71,27394.0,51,4,6,True
30594,Colombia,Cali,Bronce,False,False,True,6,4,2374.0,24,20,7,False
30595,Colombia,Cali,Plata,True,True,True,8,6,2467.0,19,1,8,True
30596,Colombia,Bogotá D.C.,Bronce,True,True,True,0,0,0.0,48,11,7,False
30597,Colombia,Villavicencio,Bronce,True,True,True,0,0,0.0,47,10,8,False
30598,Ecuador,—,Bronce,True,False,True,2,1,447.0,19,5,6,True
30599,Colombia,Bogotá D.C.,Plata,True,True,True,9,5,3387.0,2,7,10,False
30600,Colombia,Medellín,Bronce,True,True,True,1,0,0.0,14,10,10,False
30601,Colombia,Bogotá D.C.,Bronce,False,False,True,0,0,0.0,3,2,10,True
30602,México,—,Bronce,False,False,True,1,0,0.0,23,10,3,False
30603,Ecuador,—,Plata,False,False,True,14,8,4590.0,26,26,7,False
30604,Colombia,Montería,Bronce,False,False,True,1,0,0.0,98,5,9,True
30605,México,—,Bronce,False,False,True,6,4,1618.0,13,13,3,False
30606,Colombia,Valledupar,Bronce,False,False,False,1,0,0.0,50,5,9,True
30607,Colombia,Bucaramanga,Plata,True,False,True,12,7,4011.0,57,2,4,True
30608,México,—,Bronce,False,False,True,4,2,846.0,19,3,2,True
30609,Colombia,Medellín,Bronce,False,False,True,5,4,2456.0,30,7,10,False
30610,Colombia,Medellín,Bronce,False,False,True,1,0,0.0,9,2,10,True
30611,Colombia,Cali,Bronce,False,False,False,0,0,0.0,15,13,5,False
30612,Colombia,Bogotá D.C.,Bronce,True,False,True,2,1,534.0,19,6,10,True
30613,Colombia,Bogotá D.C.,Bronce,True,True,True,3,2,962.0,28,2,5,True
30614,México,—,Bronce,True,False,True,3,2,779.0,6,0,8,True
30615,Colombia,Bogotá D.C.,Bronce,False,False,False,0,0,0.0,73,1,10,True
30616,Colombia,Cartagena,Bronce,True,True,True,5,3,1599.0,50,11,8,False
30617,Colombia,Barranquilla,Bronce,True,True,False,1,0,0.0,46,10,9,False
30618,Ecuador,—,Bronce,False,True,False,2,1,323.0,13,4,10,True
30619,Colombia,Medellín,Bronce,True,True,True,4,3,1725.0,3,7,8,False
30620,Colombia,Popayán,Bronce,False,False,True,1,0,0.0,38,4,6,True
30621,Ecuador,—,Bronce,True,True,True,1,0,0.0,42,10,9,False
30622,Colombia,Cali,Bronce,True,True,True,0,0,0.0,10,5,5,True
30623,Colombia,Barranquilla,Bronce,False,False,False,1,0,0.0,35,7,5,False
30624,Colombia,Pereira,Bronce,True,False,True,0,0,0.0,15,6,8,True
30625,Colombia,Medellín,Bronce,False,False,True,0,0,0.0,55,3,2,True
30626,México,—,Bronce,False,False,True,0,0,0.0,32,0,7,True
30627,Colombia,Bogotá D.C.,Bronce,True,False,True,0,0,0.0,38,1,4,True
30628,Colombia,Bogotá D.C.,Bronce,True,False,False,2,1,630.0,31,17,6,False
30629,México,—,Bronce,False,False,False,3,2,1243.0,18,0,8,True
30630,México,—,Bronce,True,False,True,5,3,1479.0,36,16,7,False
30631,México,—,Plata,True,False,True,8,5,3002.0,15,6,5,True
30632,Chile,—,Bronce,False,True,False,2,1,417.0,13,5,9,True
30633,Ecuador,—,Bronce,True,False,False,0,0,0.0,32,8,5,False
30634,Colombia,Medellín,Bronce,True,False,True,7,5,3300.0,50,5,3,True
30635,Colombia,Bogotá D.C.,Bronce,True,False,True,0,0,0.0,90,3,7,True
30636,Ecuador,—,Bronce,True,False,True,3,2,991.0,12,1,8,True
30637,Colombia,Medellín,Bronce,False,False,True,2,1,398.0,19,23,10,False
30638,Colombia,Cali,Bronce,True,True,False,0,0,0.0,1,0,7,True
30639,Ecuador,—,Bronce,False,False,True,1,0,0.0,1,4,1,True
30640,Colombia,Bogotá D.C.,Bronce,False,True,True,2,1,508.0,26,1,9,True
30641,México,—,Bronce,True,True,False,1,0,0.0,21,16,9,False
30642,Colombia,Bogotá D.C.,Bronce,True,True,True,2,1,470.0,20,13,5,False
30643,Colombia,Bogotá D.C.,Bronce,False,False,True,2,1,441.0,19,4,6,True
30644,Colombia,Bogotá D.C.,Bronce,False,True,True,0,0,0.0,30,3,5,True
30645,Colombia,Bucaramanga,Bronce,True,False,False,1,0,0.0,32,8,3,False
30646,México,—,Plata,False,False,True,16,12,3772.0,7,6,10,True
30647,Colombia,Medellín,Bronce,True,True,True,2,1,387.0,26,1,5,True
30648,México,—,Bronce,False,True,True,4,3,1732.0,22,4,9,True
30649,Colombia,Bogotá D.C.,Bronce,True,False,True,0,0,0.0,16,11,8,False
30650,México,—,Bronce,False,True,True,2,1,390.0,42,0,5,True
30651,México,—,Bronce,False,False,True,3,2,530.0,25,8,5,False
30652,Colombia,Manizales,Bronce,True,False,True,0,0,0.0,13,28,5,False
30653,Colombia,Bogotá D.C.,Bronce,True,False,True,2,1,430.0,14,11,9,False
30654,Colombia,Bogotá D.C.,Bronce,True,True,False,1,0,0.0,15,23,10,False
30655,Colombia,Otras ciudades,Bronce,False,True,True,2,1,615.0,34,2,9,True
30656,Colombia,Pereira,Bronce,False,False,True,4,3,1529.0,2,6,10,True
30657,Colombia,Manizales,Bronce,True,False,True,1,0,0.0,80,0,7,True
30658,Uruguay,—,Bronce,False,True,True,1,0,0.0,56,18,9,False
30659,Colombia,Cali,Bronce,False,True,False,1,0,0.0,9,6,8,True
30660,Colombia,Bogotá D.C.,Bronce,True,False,True,6,4,1681.0,15,8,10,False
30661,Chile,—,Bronce,True,False,False,0,0,0.0,37,5,8,True
30662,Perú,—,Bronce,True,False,True,0,0,0.0,11,10,4,False
30663,Colombia,Cali,Bronce,True,True,False,0,0,0.0,14,3,10,True
30664,México,—,Bronce,True,False,True,0,0,0.0,53,4,7,True
30665,Colombia,Cali,Bronce,False,False,True,1,0,0.0,18,6,8,True
30666,Colombia,Villavicencio,Bronce,True,True,True,0,0,0.0,60,5,5,True
30667,Colombia,Pereira,Bronce,True,False,True,3,1,627.0,28,11,4,False
30668,Colombia,Cali,Bronce,False,False,False,3,1,436.0,12,4,9,True
30669,Colombia,Otras ciudades,Bronce,True,True,True,1,0,0.0,15,5,8,True
30670,México,—,Bronce,False,False,True,0,0,0.0,49,0,9,True
30671,Colombia,Montería,Bronce,False,False,True,0,0,0.0,5,1,10,True
30672,Colombia,Medellín,Bronce,False,False,True,4,3,1656.0,70,2,7,True
30673,Perú,—,Bronce,True,True,False,1,0,0.0,11,2,9,True
30674,Colombia,Bogotá D.C.,Bronce,True,False,False,0,0,0.0,29,1,10,True
30675,Ecuador,—,Bronce,False,False,True,0,0,0.0,7,5,8,True
30676,Colombia,Medellín,Bronce,False,False,False,0,0,0.0,27,5,4,True
30677,Uruguay,—,Bronce,False,True,True,0,0,0.0,14,2,4,True
30678,México,—,Bronce,False,False,True,4,2,1077.0,17,10,4,False
30679,Colombia,Medellín,Bronce,True,False,True,0,0,0.0,36,10,10,False
30680,Ecuador,—,Bronce,True,False,True,2,1,365.0,1,0,7,True
30681,Colombia,Bogotá D.C.,Bronce,False,False,True,0,0,0.0,46,2,0,True
30682,Ecuador,—,Plata,True,False,True,22,14,8615.0,33,17,6,False
30683,México,—,Bronce,False,False,True,4,2,1133.0,64,0,6,True
30684,México,—,Bronce,False,True,True,3,2,821.0,2,5,6,True
30685,Colombia,Bogotá D.C.,Bronce,False,False,True,3,2,782.0,5,18,6,False
30686,Colombia,Cartagena,Plata,False,False,True,15,10,5481.0,22,7,6,False
30687,Colombia,Bucaramanga,Bronce,False,False,True,1,0,0.0,67,11,8,False
30688,Colombia,Bogotá D.C.,Bronce,False,True,True,0,0,0.0,8,3,8,True
30689,Colombia,Armenia,Plata,True,False,False,8,6,1868.0,22,13,6,False
30690,Uruguay,—,Bronce,False,True,True,0,0,0.0,12,1,3,True
30691,Colombia,Bogotá D.C.,Bronce,False,False,True,0,0,0.0,2,3,9,True
30692,Colombia,Bogotá D.C.,Bronce,False,False,False,0,0,0.0,27,4,10,True
30693,Ecuador,—,Bronce,True,False,True,0,0,0.0,69,11,7,False
30694,Uruguay,—,Plata,True,True,True,12,9,2587.0,4,2,6,True
30695,México,—,Bronce,True,False,True,0,0,0.0,24,0,9,True
30696,Colombia,Barranquilla,Bronce,False,True,True,0,0,0.0,68,6,4,True
30697,Colombia,Pereira,Bronce,False,True,True,0,0,0.0,52,15,7,False
30698,Colombia,Bogotá D.C.,Bronce,False,False,True,5,3,1206.0,47,4,10,True
30699,México,—,Plata,False,False,True,16,13,6576.0,15,8,7,False
30700,Colombia,Otras ciudades,Bronce,False,False,False,3,2,1380.0,7,0,9,True
30701,Colombia,Medellín,Bronce,True,True,True,1,0,0.0,40,6,9,True
30702,Colombia,Bogotá D.C.,Bronce,False,False,False,0,0,0.0,14,2,4,True
30703,Perú,—,Bronce,True,False,True,3,2,773.0,18,2,10,True
30704,México,—,Bronce,False,False,True,1,0,0.0,17,0,7,True
30705,Colombia,Bucaramanga,Bronce,True,False,True,5,2,1011.0,9,6,10,True
30706,Colombia,Bogotá D.C.,Bronce,False,True,True,0,0,0.0,23,7,7,False
30707,Colombia,Bogotá D.C.,Bronce,True,True,True,2,1,507.0,25,4,10,True
30708,Colombia,Bogotá D.C.,Bronce,False,False,True,3,2,924.0,31,0,9,True
30709,Colombia,Medellín,Bronce,False,False,True,0,0,0.0,9,7,8,False
30710,Colombia,Bogotá D.C.,Bronce,True,False,False,0,0,0.0,4,1,3,True
30711,Chile,—,Bronce,False,False,True,4,3,1359.0,27,15,6,False
30712,Ecuador,—,Bronce,True,False,False,7,4,1866.0,7,14,10,False
30713,Colombia,Bogotá D.C.,Bronce,True,True,True,6,5,2126.0,22,21,8,False
30714,Colombia,Cali,Bronce,False,False,True,2,1,482.0,7,3,10,True
30715,Colombia,Bogotá D.C.,Oro,False,False,True,29,17,6679.0,9,3,9,True
30716,Colombia,Medellín,Bronce,False,True,True,3,2,1156.0,24,7,6,False
30717,México,—,Bronce,True,True,True,4,2,1157.0,22,7,9,False
30718,Colombia,Bogotá D.C.,Bronce,False,False,True,0,0,0.0,26,2,10,True
30719,Colombia,Bogotá D.C.,Bronce,False,True,True,1,0,0.0,44,7,6,False
30720,Colombia,Bogotá D.C.,Bronce,False,False,True,1,0,0.0,32,20,7,False
30721,México,—,Bronce,False,False,True,0,0,0.0,10,17,9,False
30722,Colombia,Bucaramanga,Bronce,False,False,False,3,2,1015.0,54,0,10,True
30723,Uruguay,—,Bronce,True,False,True,1,0,0.0,3,17,9,False
30724,Colombia,Bucaramanga,Bronce,True,True,True,0,0,0.0,25,0,8,True
30725,Colombia,Cúcuta,Bronce,True,False,True,1,0,0.0,48,5,5,True
30726,México,—,Bronce,False,False,True,0,0,0.0,12,6,10,True
30727,Colombia,Medellín,Bronce,True,False,True,0,0,0.0,23,1,8,True
30728,Ecuador,—,Plata,False,False,True,9,5,2338.0,59,10,10,False
30729,Colombia,Pereira,Platino,False,False,True,84,56,12235.0,43,3,8,True
30730,Chile,—,Bronce,False,True,True,6,5,2800.0,15,3,3,True
30731,Colombia,Bogotá D.C.,Oro,False,False,True,36,20,7777.0,13,1,8,True
30732,México,—,Bronce,False,True,True,1,0,0.0,62,4,6,True
30733,Colombia,Villavicencio,Bronce,True,False,True,1,0,0.0,14,5,9,True
30734,Colombia,Medellín,Bronce,True,False,True,3,2,1014.0,3,2,10,True
30735,México,—,Bronce,False,False,True,6,3,737.0,21,15,4,False
30736,Colombia,Barranquilla,Bronce,True,False,True,1,0,0.0,22,1,6,True
30737,Colombia,Medellín,Bronce,True,True,False,1,0,0.0,9,8,9,False
30738,Colombia,Cúcuta,Bronce,True,False,True,0,0,0.0,4,8,9,False
30739,Colombia,Bogotá D.C.,Bronce,False,False,True,2,1,429.0,17,2,7,True
30740,Colombia,Villavicencio,Bronce,True,True,True,2,1,586.0,52,7,10,False
30741,Perú,—,Bronce,True,False,True,5,3,1122.0,20,8,6,False
30742,Colombia,Bogotá D.C.,Bronce,False,False,True,0,0,0.0,88,5,4,True
30743,Colombia,Bogotá D.C.,Bronce,False,True,False,0,0,0.0,7,3,9,True
30744,México,—,Bronce,False,False,True,5,4,1804.0,26,7,7,False
30745,México,—,Bronce,False,False,True,0,0,0.0,7,9,9,False
30746,Perú,—,Bronce,False,False,True,7,4,2673.0,38,1,8,True
30747,México,—,Bronce,False,False,True,5,4,1370.0,20,5,7,True
30748,Chile,—,Bronce,False,True,True,1,0,0.0,67,1,4,True
30749,Colombia,Pasto,Bronce,False,False,True,0,0,0.0,24,2,8,True
30750,México,—,Bronce,True,True,True,0,0,0.0,10,1,10,True
30751,México,—,Bronce,True,False,True,0,0,0.0,27,6,10,True
30752,Uruguay,—,Bronce,False,False,True,5,4,1708.0,24,2,8,True
30753,Ecuador,—,Plata,True,False,False,15,8,4797.0,29,16,10,False
30754,Perú,—,Bronce,False,False,True,0,0,0.0,24,2,10,True
30755,Colombia,Otras ciudades,Bronce,False,False,True,0,0,0.0,13,25,5,False
30756,Perú,—,Oro,False,False,True,39,28,12434.0,8,33,3,False
30757,Colombia,Cali,Bronce,False,False,True,2,1,457.0,47,2,6,True
30758,Colombia,Otras ciudades,Bronce,True,False,True,0,0,0.0,11,3,6,True
30759,México,—,Bronce,False,False,True,1,0,0.0,33,0,10,True
30760,Colombia,Pereira,Plata,False,False,True,8,5,3158.0,34,3,3,True
30761,Ecuador,—,Bronce,False,False,True,0,0,0.0,2,0,7,True
30762,Colombia,Bogotá D.C.,Bronce,False,True,True,0,0,0.0,22,1,10,True
30763,Perú,—,Plata,False,False,True,8,7,4227.0,20,5,8,True
30764,Perú,—,Bronce,True,False,True,2,1,590.0,11,2,10,True
30765,Colombia,Bogotá D.C.,Bronce,True,False,False,0,0,0.0,81,4,9,True
30766,Colombia,Pereira,Bronce,False,False,True,0,0,0.0,46,1,8,True
30767,Colombia,Cali,Plata,False,False,True,10,7,3423.0,14,1,5,True
30768,Colombia,Valledupar,Bronce,False,True,True,1,0,0.0,72,11,10,False
30769,Colombia,Bucaramanga,Plata,True,False,True,10,7,4228.0,28,4,7,True
30770,Chile,—,Plata,True,False,True,20,17,10152.0,14,12,7,False
30771,Ecuador,—,Bronce,False,False,True,1,0,0.0,5,1,10,True
30772,Colombia,Bucaramanga,Bronce,True,False,True,1,0,0.0,33,0,6,True
30773,Chile,—,Bronce,False,False,True,0,0,0.0,10,7,10,False
30774,Colombia,Barranquilla,Bronce,True,False,True,0,0,0.0,46,4,4,True
30775,Colombia,Bogotá D.C.,Plata,True,False,True,22,13,5605.0,12,8,6,False
30776,Colombia,Medellín,Bronce,True,True,True,0,0,0.0,80,0,8,True
30777,Perú,—,Bronce,False,False,False,0,0,0.0,31,3,7,True
30778,Colombia,Bogotá D.C.,Bronce,False,False,True,2,1,527.0,14,14,5,False
30779,México,—,Bronce,False,False,True,0,0,0.0,14,4,6,True
30780,Colombia,Pereira,Bronce,True,True,False,0,0,0.0,66,13,8,False
30781,Colombia,Bogotá D.C.,Bronce,True,False,True,0,0,0.0,4,15,6,False
30782,Colombia,Bogotá D.C.,Bronce,True,False,True,2,1,445.0,39,16,10,False
30783,Ecuador,—,Bronce,False,True,True,3,1,532.0,57,4,9,True
30784,México,—,Bronce,False,True,True,0,0,0.0,13,1,6,True
30785,Colombia,Bogotá D.C.,Bronce,True,True,False,0,0,0.0,10,18,10,False
30786,México,—,Bronce,False,True,True,0,0,0.0,9,6,9,True
30787,Colombia,Barranquilla,Bronce,False,False,True,2,1,468.0,32,9,6,False
30788,México,—,Bronce,True,True,True,3,2,664.0,32,8,6,False
30789,Colombia,Barranquilla,Bronce,True,True,False,5,3,1481.0,37,6,10,True
30790,Perú,—,Bronce,True,False,True,0,0,0.0,10,12,8,False
30791,México,—,Bronce,False,True,False,0,0,0.0,17,3,8,True
30792,México,—,Bronce,False,False,False,0,0,0.0,10,0,10,True
30793,Colombia,Medellín,Bronce,True,True,True,4,2,1282.0,61,18,5,False
30794,Colombia,Montería,Bronce,False,True,True,1,0,0.0,15,7,6,False
30795,Ecuador,—,Bronce,True,False,True,1,0,0.0,1,3,10,True
30796,Perú,—,Bronce,True,True,False,0,0,0.0,13,11,10,False
30797,México,—,Bronce,True,True,True,2,1,512.0,62,13,8,False
30798,Colombia,Armenia,Bronce,False,False,True,0,0,0.0,53,6,7,True
30799,Chile,—,Bronce,False,False,True,0,0,0.0,34,8,1,False
30800,Colombia,Cúcuta,Bronce,False,False,True,0,0,0.0,34,4,8,True
30801,Uruguay,—,Bronce,True,False,False,6,5,2645.0,2,2,9,True
30802,México,—,Bronce,False,True,True,0,0,0.0,21,2,8,True
30803,Colombia,Bogotá D.C.,Bronce,True,False,True,3,2,1081.0,61,7,10,False
30804,México,—,Bronce,False,True,True,6,5,2917.0,4,21,10,False
30805,Uruguay,—,Bronce,False,True,True,1,0,0.0,39,6,6,True
30806,Ecuador,—,Bronce,False,False,True,2,1,459.0,39,3,8,True
30807,Colombia,Barranquilla,Bronce,False,False,True,0,0,0.0,8,2,4,True
30808,Uruguay,—,Bronce,False,True,True,1,0,0.0,31,3,6,True
30809,Colombia,Bogotá D.C.,Bronce,False,True,False,0,0,0.0,16,11,8,False
30810,Colombia,Barranquilla,Bronce,True,False,True,4,2,599.0,7,5,7,True
30811,Colombia,Santa Marta,Bronce,False,False,True,1,0,0.0,3,4,3,True
30812,México,—,Bronce,False,False,True,0,0,0.0,16,9,6,False
30813,México,—,Plata,False,False,False,20,12,5640.0,19,11,10,False
30814,Colombia,Cali,Plata,True,False,True,9,7,4472.0,32,3,8,True
30815,Colombia,Cali,Bronce,False,True,True,2,1,704.0,2,0,8,True
30816,México,—,Bronce,True,False,False,0,0,0.0,31,2,6,True
30817,Perú,—,Bronce,True,True,True,0,0,0.0,19,10,10,False
30818,México,—,Bronce,True,True,True,5,2,836.0,15,18,1,False
30819,Colombia,Barranquilla,Bronce,False,False,True,0,0,0.0,11,4,8,True
30820,Colombia,Bogotá D.C.,Bronce,True,True,True,0,0,0.0,20,7,7,False
30821,Colombia,Santa Marta,Bronce,False,False,False,0,0,0.0,66,2,10,True
30822,Colombia,Manizales,Oro,True,False,False,56,48,19076.0,14,10,3,False
30823,Colombia,Bucaramanga,Bronce,True,False,True,0,0,0.0,15,9,10,False
30824,Colombia,Pereira,Bronce,False,True,True,5,4,2116.0,64,1,8,True
30825,Colombia,Bucaramanga,Bronce,False,True,False,3,1,618.0,81,4,9,True
30826,México,—,Plata,True,False,True,8,5,1850.0,47,1,8,True
30827,Colombia,Bogotá D.C.,Bronce,False,False,False,0,0,0.0,54,1,8,True
30828,Colombia,Popayán,Bronce,False,False,True,1,0,0.0,10,3,8,True
30829,Uruguay,—,Plata,True,False,True,11,9,4885.0,21,1,7,True
30830,Perú,—,Bronce,True,False,True,1,0,0.0,3,0,3,True
30831,Colombia,Bogotá D.C.,Bronce,True,True,True,0,0,0.0,6,2,10,True
30832,Colombia,Bogotá D.C.,Bronce,True,True,False,0,0,0.0,3,23,8,False
30833,Colombia,Bogotá D.C.,Bronce,True,False,True,7,6,3163.0,13,9,5,False
30834,México,—,Bronce,True,False,True,1,0,0.0,5,3,8,True
30835,Colombia,Bucaramanga,Plata,False,False,True,12,10,2340.0,45,2,6,True
30836,Colombia,Bogotá D.C.,Bronce,False,True,True,0,0,0.0,33,3,10,True
30837,Colombia,Bogotá D.C.,Bronce,True,False,True,0,0,0.0,7,8,5,False
30838,Uruguay,—,Bronce,False,True,True,0,0,0.0,18,3,5,True
30839,Colombia,Barranquilla,Bronce,False,False,True,3,2,963.0,7,6,9,True
30840,México,—,Bronce,False,False,True,5,3,1272.0,10,0,8,True
30841,Perú,—,Bronce,True,False,False,0,0,0.0,16,3,6,True
30842,Colombia,Cali,Plata,True,False,True,10,8,4124.0,36,5,8,True
30843,Colombia,Bogotá D.C.,Bronce,False,False,True,1,0,0.0,8,0,7,True
30844,Colombia,Valledupar,Plata,True,True,True,10,8,3885.0,73,7,9,False
30845,Perú,—,Bronce,True,False,False,3,2,982.0,25,2,7,True
30846,Uruguay,—,Bronce,True,True,True,2,1,485.0,14,8,6,False
30847,México,—,Bronce,True,False,True,5,3,1591.0,72,3,8,True
30848,México,—,Bronce,True,True,False,0,0,0.0,25,6,7,True
30849,Colombia,Bogotá D.C.,Bronce,True,False,True,0,0,0.0,34,27,6,False
30850,Ecuador,—,Bronce,True,False,False,0,0,0.0,25,3,10,True
30851,México,—,Bronce,True,True,True,0,0,0.0,48,13,2,False
30852,Colombia,Bogotá D.C.,Bronce,True,False,True,0,0,0.0,1,15,8,False
30853,Colombia,Montería,Plata,False,True,True,12,9,4181.0,11,2,8,True
30854,México,—,Bronce,False,False,True,0,0,0.0,77,3,5,True
30855,México,—,Bronce,True,True,False,4,3,1204.0,20,4,2,True
30856,Uruguay,—,Bronce,True,False,True,7,5,2797.0,20,0,2,True
30857,Colombia,Bogotá D.C.,Bronce,False,True,True,1,0,0.0,55,1,5,True
30858,Perú,—,Bronce,True,False,True,3,2,873.0,100,1,6,True
30859,Colombia,Bogotá D.C.,Bronce,False,False,True,6,4,2338.0,18,9,5,False
30860,Perú,—,Bronce,True,False,True,0,0,0.0,33,6,5,True
30861,Colombia,Pasto,Bronce,False,False,True,0,0,0.0,33,6,3,True
30862,Colombia,Bucaramanga,Plata,False,False,True,9,7,4340.0,47,5,4,True
30863,México,—,Bronce,False,True,True,7,6,2331.0,67,1,8,True
30864,Chile,—,Bronce,True,True,True,0,0,0.0,31,1,8,True
30865,Colombia,Bucaramanga,Bronce,False,True,True,3,1,580.0,20,7,9,False
30866,Colombia,Cali,Plata,False,False,True,8,7,2735.0,2,2,6,True
30867,Ecuador,—,Bronce,True,False,True,2,1,450.0,6,3,6,True
30868,Colombia,Barranquilla,Bronce,True,False,True,1,0,0.0,49,7,4,False
30869,Chile,—,Bronce,True,False,False,1,0,0.0,6,5,10,True
30870,México,—,Plata,True,True,True,8,5,3322.0,22,3,3,True
30871,Colombia,Otras ciudades,Bronce,True,False,True,1,0,0.0,27,5,10,True
30872,México,—,Plata,True,False,False,12,10,6101.0,26,19,7,False
30873,México,—,Plata,True,False,False,21,14,5760.0,10,6,6,True
30874,Colombia,Bucaramanga,Bronce,True,False,True,4,3,1223.0,49,6,5,True
30875,Colombia,Pereira,Plata,False,False,True,10,9,4834.0,4,1,4,True
30876,Colombia,Otras ciudades,Bronce,True,False,True,7,4,979.0,49,17,7,False
30877,Colombia,Otras ciudades,Bronce,True,False,False,0,0,0.0,33,3,3,True
30878,Uruguay,—,Oro,False,False,True,40,36,15865.0,3,0,10,True
30879,Colombia,Manizales,Bronce,False,False,True,0,0,0.0,28,5,10,True
30880,Colombia,Bogotá D.C.,Bronce,False,False,False,5,4,2345.0,15,10,8,False
30881,Colombia,Bogotá D.C.,Bronce,True,False,True,2,1,595.0,87,2,8,True
30882,Colombia,Neiva,Bronce,True,False,True,3,2,871.0,41,8,5,False
30883,Colombia,Bogotá D.C.,Bronce,True,False,True,0,0,0.0,31,13,6,False
30884,Colombia,Armenia,Bronce,False,False,True,2,1,532.0,18,2,7,True
30885,Colombia,Popayán,Bronce,False,False,True,1,0,0.0,60,3,10,True
30886,Colombia,Medellín,Bronce,True,False,True,0,0,0.0,52,1,10,True
30887,Colombia,Villavicencio,Bronce,True,True,True,5,3,1489.0,32,9,4,False
30888,Colombia,Popayán,Bronce,False,False,False,1,0,0.0,8,0,9,True
30889,Perú,—,Bronce,False,False,False,0,0,0.0,19,1,7,True
30890,Colombia,Armenia,Bronce,True,True,True,1,0,0.0,39,1,10,True
30891,Colombia,Cali,Oro,False,False,True,25,21,5777.0,1,5,6,True
30892,Ecuador,—,Bronce,False,True,True,1,0,0.0,22,9,5,False
30893,Colombia,Bogotá D.C.,Bronce,True,False,True,1,0,0.0,83,5,5,True
30894,Colombia,Bogotá D.C.,Bronce,True,False,True,0,0,0.0,15,3,7,True
30895,Colombia,Sincelejo,Bronce,False,False,True,1,0,0.0,37,7,9,False
30896,Colombia,Neiva,Plata,False,True,False,8,6,2368.0,5,1,8,True
30897,Ecuador,—,Bronce,False,True,True,0,0,0.0,45,19,7,False
30898,Colombia,Bucaramanga,Bronce,True,True,True,1,0,0.0,36,5,7,True
30899,Colombia,Barranquilla,Bronce,True,False,True,1,0,0.0,32,12,7,False
30900,Ecuador,—,Plata,False,False,True,12,10,6549.0,33,5,10,True
30901,Colombia,Manizales,Plata,True,False,True,12,7,4249.0,18,1,6,True
30902,Colombia,Barranquilla,Bronce,False,False,False,0,0,0.0,16,1,8,True
30903,México,—,Bronce,False,False,True,3,2,1303.0,43,14,0,False
30904,México,—,Bronce,True,True,True,0,0,0.0,12,1,8,True
30905,Colombia,Otras ciudades,Bronce,True,False,True,2,1,421.0,30,16,8,False
30906,Colombia,Medellín,Bronce,True,True,True,1,0,0.0,5,1,6,True
30907,México,—,Bronce,True,False,True,0,0,0.0,4,13,9,False
30908,Colombia,Bogotá D.C.,Bronce,False,True,True,0,0,0.0,10,2,5,True
30909,Colombia,Medellín,Bronce,False,False,True,0,0,0.0,10,4,8,True
30910,Colombia,Cali,Bronce,True,True,True,0,0,0.0,32,6,3,True
30911,Colombia,Cali,Bronce,False,False,True,6,5,2053.0,16,0,7,True
30912,Ecuador,—,Bronce,False,False,True,0,0,0.0,19,10,3,False
30913,Colombia,Medellín,Bronce,False,True,True,2,1,492.0,10,7,4,False
30914,Ecuador,—,Bronce,True,False,True,0,0,0.0,38,1,6,True
30915,Colombia,Medellín,Bronce,False,False,False,1,0,0.0,53,5,3,True
30916,Colombia,Bucaramanga,Bronce,True,True,True,7,6,3832.0,32,3,10,True
30917,Colombia,Bogotá D.C.,Bronce,True,False,True,0,0,0.0,36,4,8,True
30918,Uruguay,—,Bronce,True,False,True,1,0,0.0,37,2,8,True
30919,Perú,—,Bronce,True,True,True,1,0,0.0,5,12,2,False
30920,Perú,—,Bronce,False,False,True,1,0,0.0,44,24,6,False
30921,Colombia,Bogotá D.C.,Bronce,True,True,True,0,0,0.0,31,6,8,True
30922,Colombia,Medellín,Bronce,True,False,False,0,0,0.0,58,10,7,False
30923,Ecuador,—,Bronce,False,True,False,1,0,0.0,20,11,6,False
30924,Colombia,Bogotá D.C.,Bronce,True,False,True,1,0,0.0,32,15,10,False
30925,Colombia,Cali,Plata,False,False,True,13,10,5319.0,19,9,7,False
30926,Colombia,Bogotá D.C.,Bronce,True,False,True,5,3,1308.0,4,1,9,True
30927,México,—,Bronce,False,True,False,7,6,2302.0,18,3,6,True
30928,Colombia,Manizales,Bronce,False,True,True,0,0,0.0,36,4,7,True
30929,Colombia,Montería,Plata,False,False,True,20,13,3129.0,10,8,10,False
30930,México,—,Bronce,False,False,False,6,3,1477.0,1,3,5,True
30931,Colombia,Bogotá D.C.,Plata,False,False,True,9,5,2364.0,21,15,5,False
30932,México,—,Bronce,False,False,True,1,0,0.0,84,4,9,True
30933,México,—,Platino,False,False,True,250,149,69445.0,10,13,9,False
30934,Colombia,Bogotá D.C.,Bronce,True,False,True,6,4,2140.0,8,4,10,True
30935,Colombia,Otras ciudades,Plata,True,False,False,16,10,3329.0,22,4,5,True
30936,Ecuador,—,Bronce,True,True,True,0,0,0.0,41,2,10,True
30937,Perú,—,Plata,False,False,True,8,5,1997.0,43,6,4,True
30938,Ecuador,—,Plata,True,False,True,20,12,7291.0,9,2,8,True
30939,Colombia,Pereira,Bronce,True,True,True,7,4,1568.0,26,1,5,True
30940,Colombia,Barranquilla,Plata,False,False,True,20,13,4049.0,42,3,7,True
30941,Ecuador,—,Bronce,False,False,True,6,5,1154.0,12,22,9,False
30942,Colombia,Sincelejo,Bronce,False,True,True,1,0,0.0,17,7,9,False
30943,Colombia,Bogotá D.C.,Bronce,False,True,True,3,2,1098.0,6,1,6,True
30944,Colombia,Bogotá D.C.,Bronce,False,True,True,2,1,411.0,78,5,8,True
30945,Colombia,Bogotá D.C.,Bronce,True,False,False,1,0,0.0,15,13,10,False
30946,Perú,—,Bronce,True,False,True,4,3,997.0,7,5,7,True
30947,Perú,—,Plata,True,False,True,9,6,3140.0,21,1,6,True
30948,Ecuador,—,Bronce,True,False,True,5,3,1590.0,30,5,5,True
30949,Colombia,Bogotá D.C.,Bronce,False,True,True,6,4,2220.0,26,3,10,True
30950,Colombia,Cartagena,Bronce,True,True,True,0,0,0.0,71,0,3,True
30951,Colombia,Bogotá D.C.,Bronce,True,False,True,1,0,0.0,54,0,8,True
30952,Colombia,Bucaramanga,Plata,False,True,True,8,5,2685.0,35,7,10,False
30953,Colombia,Bogotá D.C.,Bronce,True,False,True,0,0,0.0,3,5,5,True
30954,Colombia,Otras ciudades,Oro,False,False,True,47,27,13249.0,42,4,8,True
30955,Colombia,Sincelejo,Bronce,True,True,True,0,0,0.0,17,2,6,True
30956,México,—,Platino,False,False,True,196,135,50118.0,9,4,9,True
30957,Colombia,Pereira,Bronce,True,True,True,3,1,616.0,27,4,10,True
30958,Ecuador,—,Bronce,False,True,True,0,0,0.0,45,3,6,True
30959,México,—,Bronce,False,False,True,1,0,0.0,15,3,9,True
30960,Colombia,Medellín,Bronce,True,False,True,3,2,862.0,55,9,6,False
30961,México,—,Bronce,False,False,True,2,1,476.0,22,21,10,False
30962,Uruguay,—,Bronce,True,True,True,7,6,2711.0,51,1,10,True
30963,México,—,Bronce,True,True,False,2,1,307.0,12,10,10,False
30964,Colombia,Bogotá D.C.,Bronce,False,False,True,1,0,0.0,14,5,5,True
30965,Colombia,Bogotá D.C.,Bronce,False,True,True,2,1,683.0,41,10,9,False
30966,Colombia,Bogotá D.C.,Bronce,True,False,True,0,0,0.0,83,22,10,False
30967,Colombia,Santa Marta,Bronce,False,True,True,0,0,0.0,42,1,8,True
30968,Colombia,Ibagué,Bronce,False,False,True,1,0,0.0,52,12,2,False
30969,Colombia,Neiva,Bronce,False,False,True,1,0,0.0,35,1,9,True
30970,Ecuador,—,Platino,False,False,True,179,117,47777.0,26,5,5,True
30971,Colombia,Cartagena,Bronce,False,True,True,1,0,0.0,26,5,9,True
30972,Colombia,Villavicencio,Bronce,True,False,True,2,1,510.0,19,2,5,True
30973,Colombia,Bogotá D.C.,Bronce,True,True,False,0,0,0.0,32,12,7,False
30974,Colombia,Bogotá D.C.,Bronce,False,True,True,6,4,2333.0,3,0,8,True
30975,Colombia,Barranquilla,Plata,True,False,True,16,13,7054.0,17,6,9,True
30976,Uruguay,—,Bronce,False,False,True,7,5,3041.0,46,10,9,False
30977,Colombia,Bogotá D.C.,Plata,True,True,True,9,7,4795.0,15,4,9,True
30978,Perú,—,Bronce,False,False,True,0,0,0.0,27,4,7,True
30979,Colombia,Bogotá D.C.,Platino,True,False,True,132,95,43168.0,24,10,9,False
30980,México,—,Bronce,False,False,True,6,4,2612.0,48,3,5,True
30981,Colombia,Bogotá D.C.,Bronce,False,True,True,1,0,0.0,22,5,3,True
30982,Colombia,Medellín,Bronce,True,False,True,5,3,1036.0,25,5,8,True
30983,México,—,Bronce,True,False,True,2,1,323.0,43,6,9,True
30984,México,—,Bronce,False,True,True,0,0,0.0,12,5,10,True
30985,Colombia,Medellín,Bronce,True,True,True,5,3,1553.0,61,0,9,True
30986,Colombia,Pereira,Bronce,False,False,True,0,0,0.0,9,8,5,False
30987,Colombia,Bogotá D.C.,Bronce,True,True,False,4,3,831.0,28,6,8,True
30988,Colombia,Medellín,Bronce,False,True,True,1,0,0.0,22,3,4,True
30989,Colombia,Bogotá D.C.,Bronce,False,False,False,0,0,0.0,93,5,9,True
30990,Colombia,Cali,Bronce,True,False,True,0,0,0.0,82,7,7,False
30991,Colombia,Bogotá D.C.,Plata,False,True,True,11,9,4605.0,35,5,6,True
30992,Colombia,Bogotá D.C.,Plata,True,False,True,21,18,5240.0,10,3,10,True
30993,Colombia,Bogotá D.C.,Bronce,False,True,True,0,0,0.0,29,15,10,False
30994,México,—,Bronce,False,False,False,1,0,0.0,33,5,6,True
30995,Ecuador,—,Bronce,False,False,True,6,4,2117.0,22,13,7,False
30996,Colombia,Pereira,Bronce,False,False,True,1,0,0.0,7,6,6,True
30997,Colombia,Bogotá D.C.,Bronce,False,True,False,7,5,3962.0,20,17,9,False
30998,Colombia,Pasto,Plata,False,False,True,21,13,5196.0,30,1,8,True
30999,Colombia,Bucaramanga,Bronce,False,True,False,2,1,571.0,31,30,8,False
31000,Colombia,Cartagena,Bronce,False,False,True,6,3,1947.0,20,4,8,True
31001,Perú,—,Plata,True,False,True,10,8,4935.0,32,6,7,True
31002,Perú,—,Bronce,False,True,True,0,0,0.0,37,3,7,True
31003,Ecuador,—,Bronce,False,True,False,7,5,2136.0,20,7,9,False
31004,Perú,—,Bronce,False,True,True,3,2,904.0,55,4,7,True
31005,Colombia,Cali,Bronce,False,False,True,6,4,1964.0,93,3,8,True
31006,Colombia,Bogotá D.C.,Bronce,True,False,True,2,1,372.0,11,14,6,False
31007,Colombia,Medellín,Bronce,True,False,True,0,0,0.0,50,4,9,True
31008,Colombia,Medellín,Bronce,False,False,False,1,0,0.0,35,2,8,True
31009,Colombia,Medellín,Bronce,False,True,True,0,0,0.0,21,5,6,True
31010,Perú,—,Bronce,True,True,True,3,2,1373.0,35,4,6,True
31011,Colombia,Bogotá D.C.,Bronce,False,False,True,2,1,453.0,37,0,9,True
31012,Perú,—,Bronce,False,False,True,0,0,0.0,7,9,10,False
31013,Colombia,Neiva,Oro,False,False,False,31,24,11158.0,25,1,8,True
31014,México,—,Plata,False,False,True,16,11,4060.0,31,4,6,True
31015,Colombia,Cartagena,Plata,False,False,True,21,18,8271.0,57,3,8,True
31016,Colombia,Otras ciudades,Bronce,False,False,False,3,2,720.0,83,7,7,False
31017,Colombia,Bogotá D.C.,Bronce,False,True,False,2,1,348.0,5,4,5,True
31018,Colombia,Barranquilla,Bronce,False,True,True,1,0,0.0,19,9,7,False
31019,Ecuador,—,Bronce,True,False,False,6,3,1478.0,42,0,9,True
31020,Colombia,Bogotá D.C.,Bronce,False,False,True,0,0,0.0,60,2,8,True
31021,Colombia,Bogotá D.C.,Oro,False,False,True,41,37,14685.0,44,0,10,True
31022,México,—,Bronce,True,False,True,4,3,1632.0,16,2,7,True
31023,Colombia,Cali,Bronce,False,True,True,3,1,447.0,81,2,8,True
31024,Colombia,Villavicencio,Bronce,False,False,False,0,0,0.0,27,0,4,True
31025,Colombia,Bogotá D.C.,Bronce,True,False,True,0,0,0.0,10,13,8,False
31026,Colombia,Cali,Bronce,True,True,True,2,1,662.0,27,2,8,True
31027,México,—,Plata,False,False,True,17,14,5669.0,73,2,8,True
31028,México,—,Bronce,False,False,True,1,0,0.0,13,4,6,True
31029,Colombia,Bogotá D.C.,Bronce,False,True,True,6,4,2493.0,19,1,6,True
31030,México,—,Bronce,True,False,True,0,0,0.0,11,16,6,False
31031,Colombia,Bogotá D.C.,Bronce,True,False,True,2,1,606.0,41,9,8,False
31032,Chile,—,Plata,False,True,True,11,7,4169.0,16,14,4,False
31033,Colombia,Valledupar,Plata,False,False,False,19,14,8980.0,27,2,9,True
31034,Colombia,Bogotá D.C.,Bronce,False,False,True,1,0,0.0,7,11,7,False
31035,Colombia,Bogotá D.C.,Bronce,False,False,False,2,1,188.0,88,0,5,True
31036,Uruguay,—,Bronce,False,False,True,4,3,1376.0,31,5,7,True
31037,Uruguay,—,Bronce,True,False,True,3,1,501.0,18,0,10,True
31038,Colombia,Bogotá D.C.,Bronce,False,True,True,7,5,2340.0,49,2,7,True
31039,Colombia,Bogotá D.C.,Bronce,False,False,True,2,1,306.0,26,4,8,True
31040,Colombia,Medellín,Bronce,False,True,True,1,0,0.0,46,1,5,True
31041,Colombia,Medellín,Bronce,False,True,True,3,2,831.0,12,5,7,True
31042,Ecuador,—,Bronce,False,False,True,4,3,1522.0,36,1,6,True
31043,Uruguay,—,Bronce,False,False,True,0,0,0.0,21,8,8,False
31044,Colombia,Bogotá D.C.,Bronce,True,False,True,0,0,0.0,38,5,4,True
31045,Colombia,Villavicencio,Bronce,False,False,True,4,2,1185.0,27,5,8,True
31046,Colombia,Cali,Bronce,False,False,False,2,1,540.0,55,2,7,True
31047,Colombia,Medellín,Bronce,True,False,True,4,2,1052.0,10,3,7,True
31048,Colombia,Medellín,Bronce,True,False,True,0,0,0.0,43,0,6,True
31049,Perú,—,Bronce,True,False,True,0,0,0.0,22,14,8,False
31050,Colombia,Otras ciudades,Plata,False,True,True,12,11,5671.0,45,3,6,True
31051,México,—,Bronce,True,True,True,0,0,0.0,5,6,3,True
31052,Uruguay,—,Bronce,False,False,True,3,2,792.0,23,4,6,True
31053,Colombia,Pereira,Bronce,True,True,True,0,0,0.0,57,9,7,False
31054,Colombia,Bogotá D.C.,Plata,False,False,True,9,6,4071.0,18,2,6,True
31055,Colombia,Cali,Bronce,True,False,True,1,0,0.0,19,7,7,False
31056,Colombia,Bogotá D.C.,Bronce,False,False,True,3,2,897.0,64,14,4,False
31057,México,—,Bronce,False,False,True,1,0,0.0,38,9,6,False
31058,Colombia,Cúcuta,Bronce,True,False,True,0,0,0.0,24,6,10,True
31059,Colombia,Bucaramanga,Bronce,True,False,True,2,1,599.0,6,2,9,True
31060,Colombia,Montería,Plata,False,True,True,20,17,8952.0,6,12,10,False
31061,Colombia,Bogotá D.C.,Bronce,True,True,True,6,3,1061.0,5,0,9,True
31062,Colombia,Cartagena,Bronce,True,False,False,0,0,0.0,19,1,5,True
31063,Colombia,Bogotá D.C.,Bronce,False,True,True,1,0,0.0,11,4,5,True
31064,Colombia,Barranquilla,Bronce,True,True,True,4,2,1065.0,32,5,10,True
31065,Colombia,Pasto,Bronce,True,False,True,0,0,0.0,17,17,5,False
31066,México,—,Bronce,True,False,True,0,0,0.0,19,9,8,False
31067,Colombia,Medellín,Bronce,False,False,True,0,0,0.0,16,1,4,True
31068,Colombia,Bogotá D.C.,Bronce,True,False,True,0,0,0.0,16,3,8,True
31069,Perú,—,Plata,True,False,True,14,8,4774.0,16,4,7,True
31070,México,—,Bronce,True,False,True,1,0,0.0,67,0,7,True
31071,Ecuador,—,Bronce,False,False,True,1,0,0.0,71,4,6,True
31072,Colombia,Neiva,Bronce,False,False,False,0,0,0.0,44,17,9,False
31073,México,—,Bronce,False,False,True,0,0,0.0,29,0,8,True
31074,Colombia,Bogotá D.C.,Oro,False,False,True,27,24,13280.0,20,2,5,True
31075,Uruguay,—,Bronce,False,False,True,0,0,0.0,8,7,10,False
31076,Colombia,Medellín,Bronce,False,False,False,0,0,0.0,85,3,7,True
31077,Colombia,Santa Marta,Bronce,True,False,True,0,0,0.0,35,7,9,False
31078,Ecuador,—,Bronce,True,False,True,4,3,1380.0,49,0,9,True
31079,Colombia,Barranquilla,Bronce,True,True,True,6,5,2768.0,31,4,8,True
31080,Colombia,Bucaramanga,Plata,True,False,True,14,9,2653.0,5,5,8,True
31081,Colombia,Bogotá D.C.,Bronce,False,False,True,2,1,629.0,23,5,5,True
31082,Colombia,Bucaramanga,Bronce,False,True,True,1,0,0.0,29,13,8,False
31083,Colombia,Cartagena,Plata,False,False,True,18,15,5655.0,34,4,9,True
31084,Colombia,Medellín,Plata,False,False,True,8,5,3592.0,66,2,4,True
31085,Colombia,Bogotá D.C.,Bronce,True,False,True,3,1,499.0,2,12,8,False
31086,Colombia,Medellín,Bronce,False,False,True,3,2,1325.0,6,8,4,False
31087,Colombia,Cali,Bronce,True,False,True,1,0,0.0,17,3,6,True
31088,Colombia,Valledupar,Bronce,True,True,False,1,0,0.0,4,5,3,True
31089,Colombia,Ibagué,Bronce,False,False,True,1,0,0.0,1,9,7,False
31090,Colombia,Bogotá D.C.,Bronce,False,True,True,2,1,334.0,70,7,8,False
31091,Colombia,Cali,Bronce,False,False,True,0,0,0.0,22,1,9,True
31092,Ecuador,—,Bronce,False,False,True,6,4,1768.0,25,6,10,True
31093,Colombia,Bogotá D.C.,Bronce,False,False,True,1,0,0.0,21,1,10,True
31094,Colombia,Bogotá D.C.,Bronce,True,True,True,0,0,0.0,21,5,7,True
31095,Colombia,Bogotá D.C.,Bronce,False,False,True,2,1,525.0,33,7,8,False
31096,Chile,—,Bronce,False,True,True,1,0,0.0,17,17,1,False
31097,Colombia,Barranquilla,Bronce,False,True,True,0,0,0.0,92,6,5,True
31098,Uruguay,—,Bronce,True,False,False,4,3,1778.0,18,2,8,True
31099,Ecuador,—,Bronce,False,False,True,3,1,553.0,11,3,6,True
31100,Colombia,Bogotá D.C.,Bronce,True,True,True,0,0,0.0,29,13,8,False
31101,Colombia,Santa Marta,Bronce,True,False,True,0,0,0.0,3,14,4,False
31102,Perú,—,Bronce,False,False,True,2,1,486.0,9,1,8,True
31103,Colombia,Montería,Bronce,True,False,True,0,0,0.0,34,7,3,False
31104,México,—,Bronce,True,False,False,0,0,0.0,36,2,5,True
31105,Colombia,Bogotá D.C.,Bronce,False,False,True,1,0,0.0,41,5,6,True
31106,Colombia,Bogotá D.C.,Bronce,True,False,True,1,0,0.0,12,17,9,False
31107,México,—,Bronce,True,False,False,1,0,0.0,9,5,8,True
31108,Colombia,Armenia,Bronce,False,False,True,0,0,0.0,46,3,3,True
31109,Perú,—,Bronce,True,False,False,3,2,776.0,57,3,8,True
31110,Colombia,Cali,Plata,True,False,True,13,10,8073.0,3,19,7,False
31111,México,—,Bronce,False,False,True,2,1,797.0,13,2,4,True
31112,Ecuador,—,Bronce,True,True,True,1,0,0.0,13,6,9,True
31113,México,—,Bronce,False,True,True,0,0,0.0,31,6,7,True
31114,Colombia,Cali,Bronce,False,False,True,3,2,939.0,3,2,10,True
31115,Colombia,Pasto,Bronce,False,False,True,0,0,0.0,31,4,5,True
31116,México,—,Bronce,True,False,True,0,0,0.0,21,33,5,False
31117,Colombia,Pereira,Bronce,False,False,False,0,0,0.0,31,5,10,True
31118,Colombia,Pereira,Plata,False,False,True,13,8,5132.0,39,10,5,False
31119,Colombia,Pasto,Bronce,False,False,True,0,0,0.0,35,4,5,True
31120,Colombia,Santa Marta,Bronce,False,False,True,2,1,359.0,26,2,10,True
31121,Colombia,Cali,Bronce,False,False,True,1,0,0.0,32,11,8,False
31122,Colombia,Medellín,Bronce,False,False,True,3,2,805.0,50,6,7,True
31123,Perú,—,Plata,False,False,True,16,12,5687.0,35,13,10,False
31124,Perú,—,Bronce,True,False,False,7,4,2281.0,53,10,9,False
31125,Colombia,Manizales,Bronce,False,False,True,1,0,0.0,49,1,9,True
31126,Colombia,Barranquilla,Bronce,False,False,True,5,4,1527.0,65,5,8,True
31127,Colombia,Bogotá D.C.,Bronce,False,False,True,4,2,917.0,4,7,8,False
31128,México,—,Bronce,False,False,True,3,2,801.0,22,7,7,False
31129,Colombia,Villavicencio,Bronce,False,True,True,1,0,0.0,14,5,9,True
31130,Uruguay,—,Bronce,False,False,True,4,2,941.0,20,3,8,True
31131,Colombia,Santa Marta,Bronce,True,False,True,1,0,0.0,8,6,10,True
31132,México,—,Bronce,True,False,True,3,2,875.0,39,4,7,True
31133,Colombia,Otras ciudades,Bronce,False,False,True,1,0,0.0,4,5,10,True
31134,Colombia,Cali,Bronce,False,True,True,0,0,0.0,15,1,10,True
31135,México,—,Bronce,False,True,True,1,0,0.0,34,9,6,False
31136,Colombia,Bucaramanga,Bronce,False,False,True,0,0,0.0,27,3,2,True
31137,Colombia,Santa Marta,Bronce,True,False,True,0,0,0.0,18,5,10,True
31138,Colombia,Bogotá D.C.,Bronce,True,False,True,1,0,0.0,27,0,10,True
31139,Colombia,Otras ciudades,Bronce,True,False,True,3,2,719.0,6,4,8,True
31140,México,—,Bronce,False,False,True,1,0,0.0,2,1,6,True
31141,Ecuador,—,Bronce,False,False,True,0,0,0.0,65,2,4,True
31142,Colombia,Otras ciudades,Bronce,False,False,True,6,4,1512.0,55,8,10,False
31143,Colombia,Bogotá D.C.,Bronce,True,False,True,0,0,0.0,9,4,6,True
31144,Colombia,Bogotá D.C.,Bronce,False,True,True,0,0,0.0,17,0,10,True
31145,Uruguay,—,Bronce,True,True,True,1,0,0.0,30,2,8,True
31146,Colombia,Bogotá D.C.,Bronce,True,True,True,3,2,765.0,59,5,10,True
31147,México,—,Bronce,False,False,False,1,0,0.0,22,5,9,True
31148,Uruguay,—,Plata,False,True,True,16,14,6625.0,1,18,6,False
31149,México,—,Bronce,False,False,False,1,0,0.0,9,6,8,True
31150,Colombia,Bogotá D.C.,Bronce,False,False,True,1,0,0.0,10,0,7,True
31151,Colombia,Medellín,Bronce,True,False,False,0,0,0.0,48,5,8,True
31152,Colombia,Pasto,Bronce,True,False,True,0,0,0.0,35,2,5,True
31153,Colombia,Montería,Bronce,False,False,True,0,0,0.0,23,4,6,True
31154,Perú,—,Bronce,True,False,True,4,2,991.0,52,1,7,True
31155,Colombia,Santa Marta,Bronce,False,True,True,5,3,1042.0,4,5,7,True
31156,Colombia,Medellín,Bronce,True,False,True,1,0,0.0,45,3,7,True
31157,Colombia,Cali,Bronce,False,True,False,0,0,0.0,58,1,10,True
31158,Perú,—,Bronce,False,False,False,1,0,0.0,19,12,3,False
31159,Colombia,Bogotá D.C.,Plata,False,False,True,9,5,3452.0,53,0,7,True
31160,Colombia,Pereira,Bronce,False,False,False,0,0,0.0,19,8,7,False
31161,Colombia,Medellín,Bronce,True,False,True,0,0,0.0,39,1,10,True
31162,Colombia,Bogotá D.C.,Bronce,True,True,True,0,0,0.0,21,7,5,False
31163,Perú,—,Bronce,False,False,True,0,0,0.0,11,0,4,True
31164,Colombia,Cali,Bronce,True,True,True,0,0,0.0,42,6,10,True
31165,Colombia,Bogotá D.C.,Plata,True,False,True,14,10,5023.0,52,5,8,True
31166,Colombia,Ibagué,Bronce,False,True,True,3,1,511.0,28,9,7,False
31167,Colombia,Medellín,Bronce,False,False,True,1,0,0.0,16,3,4,True
31168,México,—,Plata,False,True,True,12,7,3578.0,55,5,10,True
31169,Colombia,Medellín,Plata,True,False,False,21,12,7040.0,19,3,10,True
31170,México,—,Bronce,True,False,True,0,0,0.0,21,6,8,True
31171,Ecuador,—,Bronce,True,True,True,0,0,0.0,5,12,4,False
31172,Colombia,Popayán,Plata,False,False,True,21,14,7481.0,24,3,6,True
31173,Colombia,Montería,Bronce,False,False,True,1,0,0.0,26,7,10,False
31174,México,—,Bronce,True,False,True,0,0,0.0,33,3,9,True
31175,Ecuador,—,Oro,True,False,True,40,35,19911.0,5,2,9,True
31176,Colombia,Cali,Bronce,True,False,False,2,1,366.0,61,0,7,True
31177,Colombia,Bogotá D.C.,Bronce,False,False,True,0,0,0.0,60,2,9,True
31178,Colombia,Montería,Bronce,False,False,True,0,0,0.0,26,1,8,True
31179,México,—,Plata,False,False,True,8,6,3453.0,25,10,7,False
31180,México,—,Bronce,True,False,False,1,0,0.0,82,13,7,False
31181,Ecuador,—,Bronce,True,False,True,0,0,0.0,10,2,10,True
31182,Colombia,Pereira,Plata,False,False,True,16,10,3244.0,27,11,10,False
31183,Colombia,Bogotá D.C.,Bronce,False,True,True,4,3,1955.0,14,2,10,True
31184,Colombia,Bogotá D.C.,Plata,False,False,True,24,20,9950.0,24,7,8,False
31185,Colombia,Bogotá D.C.,Bronce,False,False,True,0,0,0.0,18,11,9,False
31186,Colombia,Villavicencio,Bronce,False,False,True,0,0,0.0,18,0,1,True
31187,Chile,—,Bronce,False,False,True,6,4,1834.0,23,11,3,False
31188,Perú,—,Bronce,False,True,True,0,0,0.0,8,2,5,True
31189,Uruguay,—,Bronce,True,False,True,0,0,0.0,19,0,10,True
31190,México,—,Bronce,True,False,True,2,1,596.0,17,10,4,False
31191,Colombia,Cali,Bronce,True,True,True,0,0,0.0,23,2,6,True
31192,Uruguay,—,Bronce,False,False,True,0,0,0.0,21,9,10,False
31193,Colombia,Ibagué,Bronce,True,False,False,0,0,0.0,108,1,6,True
31194,México,—,Bronce,True,False,True,2,1,505.0,29,12,8,False
31195,Uruguay,—,Bronce,True,True,True,6,4,2615.0,29,2,10,True
31196,Colombia,Cali,Bronce,False,False,True,0,0,0.0,1,4,9,True
31197,Colombia,Ibagué,Bronce,True,False,True,7,6,2513.0,93,8,10,False
31198,Colombia,Bogotá D.C.,Bronce,True,False,False,0,0,0.0,5,1,10,True
31199,Colombia,Bogotá D.C.,Bronce,True,False,True,1,0,0.0,13,2,4,True
31200,Ecuador,—,Bronce,True,True,True,1,0,0.0,49,1,9,True
31201,Colombia,Manizales,Bronce,True,False,True,1,0,0.0,27,7,6,False
31202,México,—,Bronce,True,True,True,2,1,621.0,8,2,6,True
31203,México,—,Bronce,False,False,True,0,0,0.0,5,0,10,True
31204,Colombia,Otras ciudades,Bronce,False,False,True,2,1,740.0,14,3,8,True
31205,Colombia,Otras ciudades,Bronce,False,False,False,2,1,467.0,8,1,5,True
31206,Colombia,Cali,Bronce,False,False,True,1,0,0.0,6,13,6,False
31207,Colombia,Pereira,Bronce,False,True,True,3,2,1071.0,8,2,7,True
31208,Colombia,Cúcuta,Bronce,True,True,False,1,0,0.0,61,4,10,True
31209,Colombia,Bogotá D.C.,Plata,True,False,True,10,6,3223.0,17,4,3,True
31210,México,—,Bronce,False,True,True,0,0,0.0,17,6,7,True
31211,México,—,Bronce,False,False,True,0,0,0.0,32,5,8,True
31212,Colombia,Cali,Bronce,False,False,True,0,0,0.0,14,2,3,True
31213,Colombia,Cartagena,Bronce,False,False,True,0,0,0.0,17,20,7,False
31214,Ecuador,—,Bronce,True,False,True,2,1,547.0,67,1,8,True
31215,México,—,Bronce,True,False,True,1,0,0.0,4,12,8,False
31216,Colombia,Ibagué,Bronce,True,False,False,1,0,0.0,36,6,9,True
31217,México,—,Plata,False,False,True,12,9,5189.0,6,2,9,True
31218,Colombia,Bogotá D.C.,Bronce,False,False,False,0,0,0.0,87,2,4,True
31219,Colombia,Popayán,Bronce,False,False,True,1,0,0.0,19,0,8,True
31220,Colombia,Otras ciudades,Bronce,False,False,True,6,4,1830.0,51,2,9,True
31221,Colombia,Medellín,Bronce,True,True,True,3,1,216.0,41,2,7,True
31222,Uruguay,—,Bronce,False,False,True,1,0,0.0,11,1,9,True
31223,Colombia,Bogotá D.C.,Bronce,False,False,True,1,0,0.0,17,2,5,True
31224,Colombia,Bogotá D.C.,Bronce,True,False,True,3,2,1213.0,2,2,5,True
31225,Colombia,Pereira,Bronce,False,False,False,3,1,560.0,43,1,10,True
31226,México,—,Oro,False,False,True,51,39,25272.0,18,4,9,True
31227,Colombia,Manizales,Bronce,False,False,True,1,0,0.0,5,3,3,True
31228,Colombia,Cali,Bronce,True,False,True,0,0,0.0,12,6,8,True
31229,Colombia,Otras ciudades,Bronce,False,False,True,3,2,817.0,30,6,4,True
31230,Colombia,Bogotá D.C.,Bronce,False,False,True,6,4,1672.0,26,5,9,True
31231,Colombia,Montería,Plata,False,False,True,18,10,6568.0,9,0,7,True
31232,Colombia,Barranquilla,Bronce,True,True,False,3,2,1190.0,30,5,6,True
31233,Colombia,Bogotá D.C.,Bronce,False,True,True,2,1,391.0,1,1,5,True
31234,Colombia,Medellín,Bronce,True,False,False,0,0,0.0,1,0,9,True
31235,Colombia,Bogotá D.C.,Bronce,True,False,True,4,3,886.0,7,7,9,False
31236,Uruguay,—,Bronce,False,True,True,5,3,1448.0,25,9,9,False
31237,Colombia,Popayán,Bronce,True,True,True,3,1,469.0,20,21,8,False
31238,Perú,—,Bronce,True,False,True,2,1,355.0,22,6,5,True
31239,Ecuador,—,Bronce,True,False,True,7,5,2145.0,60,7,8,False
31240,Colombia,Bogotá D.C.,Bronce,False,False,True,4,2,859.0,3,14,8,False
31241,Colombia,Ibagué,Bronce,True,True,True,3,2,636.0,39,9,10,False
31242,Colombia,Bogotá D.C.,Bronce,False,False,True,1,0,0.0,21,4,7,True
31243,Ecuador,—,Bronce,True,True,True,2,1,677.0,6,2,10,True
31244,Colombia,Bogotá D.C.,Bronce,True,True,True,0,0,0.0,26,10,6,False
31245,Colombia,Bogotá D.C.,Bronce,True,False,True,0,0,0.0,22,4,10,True
31246,Ecuador,—,Plata,True,False,True,13,9,5174.0,53,5,7,True
31247,Colombia,Bogotá D.C.,Bronce,False,False,True,0,0,0.0,53,8,5,False
31248,México,—,Bronce,True,False,True,0,0,0.0,4,7,10,False
31249,Colombia,Pereira,Bronce,False,False,True,2,1,484.0,4,7,6,False
31250,México,—,Bronce,False,False,True,0,0,0.0,63,5,8,True
31251,Colombia,Cúcuta,Bronce,True,False,True,2,1,347.0,22,2,9,True
31252,Colombia,Bogotá D.C.,Plata,True,False,True,8,5,3248.0,3,1,5,True
31253,Colombia,Bogotá D.C.,Bronce,False,False,True,3,2,1168.0,5,5,7,True
31254,Colombia,Cartagena,Bronce,True,False,False,1,0,0.0,2,11,7,False
31255,México,—,Bronce,True,False,True,0,0,0.0,16,3,10,True
31256,Colombia,Barranquilla,Bronce,False,False,True,4,2,1165.0,13,1,7,True
31257,Colombia,Bogotá D.C.,Bronce,False,True,False,5,3,1691.0,29,1,9,True
31258,Colombia,Cúcuta,Plata,True,False,True,16,13,8308.0,8,7,5,False
31259,Colombia,Bogotá D.C.,Bronce,True,False,False,2,1,391.0,72,8,9,False
31260,México,—,Bronce,True,False,True,2,1,202.0,32,6,8,True
31261,Colombia,Bogotá D.C.,Bronce,False,True,True,6,4,1812.0,44,1,6,True
31262,Colombia,Cartagena,Bronce,False,False,True,1,0,0.0,62,8,8,False
31263,Colombia,Sincelejo,Bronce,False,False,True,1,0,0.0,45,6,2,True
31264,Colombia,Medellín,Bronce,False,True,True,1,0,0.0,17,8,9,False
31265,Colombia,Bogotá D.C.,Bronce,False,False,True,0,0,0.0,32,13,1,False
31266,Ecuador,—,Bronce,False,False,True,0,0,0.0,4,9,9,False
31267,Uruguay,—,Bronce,False,False,False,2,1,411.0,10,4,8,True
31268,Colombia,Otras ciudades,Bronce,True,True,True,7,5,2465.0,49,0,5,True
31269,Colombia,Ibagué,Bronce,False,False,True,5,4,2282.0,25,0,8,True
31270,Ecuador,—,Bronce,False,True,True,0,0,0.0,53,4,7,True
31271,Ecuador,—,Bronce,True,False,False,0,0,0.0,15,1,6,True
31272,México,—,Bronce,False,False,True,1,0,0.0,19,5,9,True
31273,México,—,Bronce,False,False,True,1,0,0.0,35,14,4,False
31274,Colombia,Bogotá D.C.,Bronce,True,False,True,0,0,0.0,23,2,9,True
31275,Uruguay,—,Bronce,False,False,False,1,0,0.0,5,4,6,True
31276,Colombia,Medellín,Bronce,False,True,True,0,0,0.0,5,4,4,True
31277,Colombia,Cali,Bronce,True,True,True,2,1,372.0,29,3,6,True
31278,Colombia,Manizales,Bronce,False,False,True,3,2,562.0,50,7,5,False
31279,Colombia,Otras ciudades,Bronce,False,False,True,2,1,636.0,84,3,9,True
31280,Colombia,Cali,Bronce,True,True,True,1,0,0.0,40,12,8,False
31281,Colombia,Bogotá D.C.,Bronce,True,True,True,6,4,1651.0,24,8,7,False
31282,Colombia,Bogotá D.C.,Bronce,False,False,True,0,0,0.0,12,2,5,True
31283,México,—,Bronce,True,True,False,4,2,829.0,31,4,6,True
31284,Colombia,Bogotá D.C.,Bronce,False,True,True,2,1,433.0,19,4,10,True
31285,Colombia,Santa Marta,Bronce,False,False,False,1,0,0.0,21,7,8,False
31286,Colombia,Valledupar,Bronce,False,True,True,0,0,0.0,71,0,10,True
31287,Colombia,Bogotá D.C.,Bronce,True,False,True,1,0,0.0,22,2,9,True
31288,Colombia,Bogotá D.C.,Bronce,True,False,True,0,0,0.0,48,5,5,True
31289,Colombia,Bogotá D.C.,Bronce,True,False,True,0,0,0.0,19,5,5,True
31290,Colombia,Bogotá D.C.,Bronce,False,False,True,0,0,0.0,26,0,6,True
31291,Colombia,Cartagena,Platino,True,False,True,99,69,24648.0,18,0,10,True
31292,México,—,Oro,False,False,True,40,33,17937.0,14,6,6,True
31293,México,—,Bronce,True,False,True,4,3,990.0,15,10,8,False
31294,Colombia,Cartagena,Bronce,True,False,False,0,0,0.0,2,8,9,False
31295,Perú,—,Bronce,False,False,True,2,1,556.0,42,1,3,True
31296,Colombia,Bogotá D.C.,Bronce,True,False,False,1,0,0.0,41,4,3,True
31297,Colombia,Otras ciudades,Plata,False,False,True,10,8,3544.0,2,9,5,False
31298,Colombia,Bogotá D.C.,Bronce,False,False,True,0,0,0.0,48,7,6,False
31299,Colombia,Bogotá D.C.,Bronce,True,False,True,0,0,0.0,37,10,10,False
31300,Perú,—,Bronce,True,False,True,0,0,0.0,10,6,3,True
31301,Colombia,Bogotá D.C.,Bronce,False,False,False,0,0,0.0,15,6,10,True
31302,México,—,Bronce,True,True,True,4,3,1511.0,21,3,9,True
31303,Ecuador,—,Bronce,True,False,True,3,1,501.0,41,2,8,True
31304,Colombia,Bogotá D.C.,Bronce,False,False,False,1,0,0.0,15,3,9,True
31305,México,—,Bronce,False,False,True,1,0,0.0,28,5,9,True
31306,Colombia,Barranquilla,Bronce,True,True,True,1,0,0.0,49,6,6,True
31307,México,—,Plata,True,False,True,10,6,5268.0,1,9,10,False
31308,México,—,Bronce,False,False,False,0,0,0.0,20,2,9,True
31309,México,—,Bronce,False,False,True,2,1,609.0,58,6,5,True
31310,México,—,Bronce,False,True,True,1,0,0.0,8,5,10,True
31311,Colombia,Bucaramanga,Bronce,True,False,False,2,1,448.0,14,12,3,False
31312,Colombia,Bogotá D.C.,Bronce,False,False,True,2,1,643.0,56,2,8,True
31313,Uruguay,—,Bronce,True,False,True,1,0,0.0,80,7,7,False
31314,Colombia,Pasto,Plata,False,True,False,9,6,3798.0,24,3,3,True
31315,Colombia,Villavicencio,Bronce,False,False,True,1,0,0.0,3,16,7,False
31316,Colombia,Villavicencio,Bronce,False,False,True,0,0,0.0,14,3,10,True
31317,México,—,Oro,True,False,True,33,29,10664.0,66,16,6,False
31318,Colombia,Cali,Platino,False,False,False,74,46,23844.0,24,4,10,True
31319,Colombia,Cali,Bronce,False,True,False,4,2,1015.0,46,2,7,True
31320,Colombia,Cali,Bronce,False,False,True,0,0,0.0,8,11,5,False
31321,México,—,Bronce,False,False,True,0,0,0.0,50,8,10,False
31322,Colombia,Bogotá D.C.,Bronce,False,False,True,4,3,1612.0,3,8,3,False
31323,Colombia,Barranquilla,Bronce,False,True,True,3,1,429.0,11,2,5,True
31324,Perú,—,Bronce,False,False,True,0,0,0.0,6,1,9,True
31325,México,—,Bronce,True,False,True,2,1,671.0,2,14,5,False
31326,Colombia,Bogotá D.C.,Bronce,True,False,False,5,4,2167.0,57,6,6,True
31327,Ecuador,—,Bronce,False,False,True,0,0,0.0,107,0,8,True
31328,Colombia,Bogotá D.C.,Bronce,False,False,True,0,0,0.0,27,7,10,False
31329,México,—,Bronce,False,False,True,1,0,0.0,3,5,9,True
31330,Perú,—,Bronce,False,True,True,0,0,0.0,83,9,5,False
31331,Colombia,Popayán,Bronce,True,True,True,0,0,0.0,5,6,8,True
31332,México,—,Bronce,True,True,True,0,0,0.0,7,9,10,False
31333,Colombia,Cartagena,Bronce,False,False,True,0,0,0.0,40,1,10,True
31334,México,—,Bronce,False,False,True,0,0,0.0,36,9,6,False
31335,Colombia,Santa Marta,Bronce,False,True,True,0,0,0.0,5,0,4,True
31336,México,—,Plata,False,True,True,9,5,1852.0,5,4,8,True
31337,México,—,Bronce,False,False,True,2,1,577.0,21,6,6,True
31338,Colombia,Medellín,Bronce,True,False,True,1,0,0.0,63,4,10,True
31339,México,—,Bronce,False,True,True,0,0,0.0,17,3,6,True
31340,Uruguay,—,Bronce,True,False,True,0,0,0.0,14,1,9,True
31341,Ecuador,—,Plata,True,False,True,9,6,2997.0,12,4,5,True
31342,Colombia,Bogotá D.C.,Bronce,True,True,True,0,0,0.0,30,7,8,False
31343,Colombia,Bogotá D.C.,Bronce,True,True,True,4,2,1105.0,66,4,5,True
31344,Colombia,Medellín,Bronce,False,False,True,4,3,2107.0,19,15,8,False
31345,Colombia,Barranquilla,Bronce,False,False,True,0,0,0.0,44,1,3,True
31346,Colombia,Popayán,Platino,False,True,True,152,94,61488.0,39,11,6,False
31347,México,—,Bronce,False,False,True,0,0,0.0,5,7,5,False
31348,México,—,Bronce,False,False,True,7,4,2627.0,5,14,5,False
31349,Colombia,Santa Marta,Bronce,True,False,True,2,1,677.0,30,12,7,False
31350,Colombia,Cali,Oro,False,False,True,27,18,9052.0,53,6,6,True
31351,Colombia,Pereira,Bronce,False,False,True,0,0,0.0,85,5,7,True
31352,México,—,Bronce,True,False,True,1,0,0.0,37,1,6,True
31353,Ecuador,—,Plata,True,False,True,16,9,3458.0,23,12,4,False
31354,Colombia,Otras ciudades,Plata,False,False,False,22,19,8269.0,8,12,1,False
31355,Perú,—,Bronce,True,False,True,1,0,0.0,15,11,8,False
31356,México,—,Plata,True,True,False,14,12,6880.0,4,3,8,True
31357,México,—,Bronce,False,False,True,1,0,0.0,29,5,6,True
31358,Perú,—,Bronce,False,False,True,0,0,0.0,25,12,6,False
31359,Colombia,Bogotá D.C.,Bronce,False,False,True,0,0,0.0,1,9,7,False
31360,Colombia,Bogotá D.C.,Bronce,False,True,True,2,1,575.0,34,7,10,False
31361,Uruguay,—,Bronce,True,False,True,1,0,0.0,30,4,10,True
31362,Ecuador,—,Bronce,True,False,True,3,2,953.0,10,0,9,True
31363,México,—,Oro,True,False,True,30,25,14633.0,27,7,3,False
31364,Colombia,Pasto,Plata,False,False,True,8,6,4319.0,14,1,8,True
31365,Colombia,Barranquilla,Bronce,False,False,True,7,5,1898.0,50,2,9,True
31366,Colombia,Otras ciudades,Bronce,False,True,True,0,0,0.0,17,3,3,True
31367,México,—,Bronce,True,True,True,0,0,0.0,50,4,10,True
31368,México,—,Bronce,True,True,True,0,0,0.0,4,6,4,True
31369,Colombia,Bogotá D.C.,Plata,False,False,True,13,10,4388.0,4,3,9,True
31370,Uruguay,—,Bronce,False,True,False,3,2,885.0,11,13,7,False
31371,Ecuador,—,Bronce,False,False,True,3,1,497.0,24,5,7,True
31372,Colombia,Villavicencio,Bronce,True,False,False,0,0,0.0,4,4,7,True
31373,México,—,Bronce,True,False,True,0,0,0.0,65,0,7,True
31374,Colombia,Ibagué,Bronce,False,True,False,2,1,729.0,12,10,9,False
31375,Colombia,Medellín,Bronce,False,False,True,0,0,0.0,9,9,10,False
31376,Perú,—,Bronce,False,False,True,1,0,0.0,15,3,10,True
31377,México,—,Bronce,False,False,True,0,0,0.0,29,5,7,True
31378,Colombia,Medellín,Plata,True,True,False,16,12,4449.0,63,1,6,True
31379,Colombia,Otras ciudades,Bronce,True,False,True,1,0,0.0,21,1,10,True
31380,Colombia,Otras ciudades,Bronce,True,False,True,2,1,331.0,18,16,8,False
31381,Colombia,Otras ciudades,Bronce,False,True,True,7,6,3023.0,5,5,5,True
31382,Colombia,Cúcuta,Oro,False,False,True,45,31,15865.0,143,15,7,False
31383,Colombia,Bogotá D.C.,Bronce,True,False,True,0,0,0.0,49,7,5,False
31384,Colombia,Cartagena,Bronce,True,False,False,0,0,0.0,23,3,5,True
31385,México,—,Bronce,False,True,True,2,1,492.0,4,24,6,False
31386,Colombia,Bogotá D.C.,Bronce,True,False,False,0,0,0.0,8,6,10,True
31387,Ecuador,—,Bronce,False,True,False,3,2,1120.0,28,1,7,True
31388,Colombia,Popayán,Plata,True,False,True,15,13,7414.0,16,4,9,True
31389,Colombia,Otras ciudades,Bronce,False,False,True,5,4,2013.0,16,22,7,False
31390,Ecuador,—,Bronce,False,False,True,3,2,1170.0,41,3,7,True
31391,Colombia,Bogotá D.C.,Bronce,False,False,True,1,0,0.0,3,10,6,False
31392,México,—,Plata,False,False,True,21,12,7084.0,8,9,3,False
31393,Perú,—,Bronce,False,False,True,0,0,0.0,29,20,10,False
31394,Colombia,Medellín,Bronce,False,False,True,4,3,1125.0,57,6,5,True
31395,Chile,—,Bronce,False,False,True,0,0,0.0,19,18,10,False
31396,Colombia,Barranquilla,Bronce,True,True,True,6,4,2882.0,24,4,9,True
31397,Colombia,Bogotá D.C.,Bronce,False,True,True,1,0,0.0,61,10,9,False
31398,Ecuador,—,Bronce,False,False,True,2,1,753.0,60,1,2,True
31399,Colombia,Villavicencio,Bronce,False,True,True,1,0,0.0,38,16,10,False
31400,México,—,Bronce,False,False,True,0,0,0.0,12,0,10,True
31401,Perú,—,Bronce,False,False,True,0,0,0.0,26,28,9,False
31402,Colombia,Bogotá D.C.,Bronce,False,False,True,1,0,0.0,30,9,7,False
31403,México,—,Bronce,False,False,True,4,2,780.0,25,4,10,True
31404,Perú,—,Bronce,True,False,True,2,1,619.0,42,18,10,False
31405,Colombia,Cartagena,Oro,True,False,True,31,19,7889.0,15,0,10,True
31406,Ecuador,—,Plata,False,False,True,15,9,4919.0,28,5,4,True
31407,Colombia,Cartagena,Bronce,False,False,True,3,2,936.0,16,0,9,True
31408,Colombia,Bogotá D.C.,Bronce,True,True,True,2,1,492.0,4,14,7,False
31409,Colombia,Otras ciudades,Plata,False,False,True,12,7,4136.0,10,12,7,False
31410,Ecuador,—,Bronce,True,True,False,0,0,0.0,17,11,7,False
31411,Colombia,Bucaramanga,Bronce,False,False,True,6,4,1665.0,32,4,5,True
31412,Colombia,Cúcuta,Bronce,False,False,True,0,0,0.0,39,2,6,True
31413,Colombia,Medellín,Bronce,True,True,True,0,0,0.0,24,7,10,False
31414,Colombia,Medellín,Bronce,True,True,True,7,5,3295.0,20,6,6,True
31415,Colombia,Bogotá D.C.,Bronce,True,True,True,1,0,0.0,20,3,4,True
31416,Colombia,Otras ciudades,Bronce,True,True,False,0,0,0.0,2,6,8,True
31417,Perú,—,Plata,False,True,True,8,6,2466.0,41,22,8,False
31418,Colombia,Pereira,Bronce,False,True,True,0,0,0.0,27,25,8,False
31419,México,—,Plata,True,True,True,10,5,2197.0,28,15,7,False
31420,Colombia,Cartagena,Bronce,True,False,True,2,1,485.0,22,1,5,True
31421,Colombia,Medellín,Bronce,False,False,True,5,4,2198.0,6,1,8,True
31422,Ecuador,—,Bronce,True,True,True,0,0,0.0,24,1,5,True
31423,Colombia,Medellín,Bronce,False,False,True,1,0,0.0,15,6,7,True
31424,Colombia,Bogotá D.C.,Bronce,False,True,True,0,0,0.0,12,1,10,True
31425,Colombia,Cartagena,Bronce,False,False,True,0,0,0.0,36,5,9,True
31426,Colombia,Bogotá D.C.,Bronce,False,True,True,7,5,3621.0,9,0,9,True
31427,Colombia,Cartagena,Bronce,True,True,True,5,3,1505.0,55,4,7,True
31428,México,—,Bronce,True,False,True,1,0,0.0,17,14,5,False
31429,Colombia,Otras ciudades,Platino,True,True,False,127,88,48898.0,14,5,7,True
31430,Colombia,Barranquilla,Bronce,False,True,True,2,1,546.0,59,6,8,True
31431,Colombia,Otras ciudades,Bronce,False,True,True,1,0,0.0,9,4,7,True
31432,Colombia,Cúcuta,Bronce,True,False,True,3,2,1233.0,12,3,8,True
31433,Colombia,Ibagué,Bronce,False,False,True,0,0,0.0,3,7,8,False
31434,Colombia,Cúcuta,Bronce,False,False,False,3,1,506.0,6,0,10,True
31435,Colombia,Cali,Bronce,True,False,True,5,3,1442.0,54,6,10,True
31436,Perú,—,Bronce,False,False,True,1,0,0.0,10,2,10,True
31437,Perú,—,Bronce,False,False,True,4,3,717.0,7,2,8,True
31438,Colombia,Cali,Bronce,False,False,True,5,3,1889.0,9,3,4,True
31439,Colombia,Bogotá D.C.,Bronce,False,True,True,0,0,0.0,11,14,4,False
31440,México,—,Plata,False,True,True,9,7,4219.0,53,1,5,True
31441,Colombia,Manizales,Bronce,False,True,True,0,0,0.0,26,22,4,False
31442,México,—,Bronce,False,True,True,0,0,0.0,58,17,5,False
31443,Colombia,Cali,Bronce,True,False,True,2,1,494.0,6,5,10,True
31444,Colombia,Bogotá D.C.,Bronce,True,False,True,0,0,0.0,31,7,10,False
31445,Colombia,Bucaramanga,Bronce,False,True,True,0,0,0.0,48,0,4,True
31446,Colombia,Medellín,Bronce,False,False,True,7,5,2670.0,49,3,10,True
31447,Uruguay,—,Bronce,False,False,True,5,3,1762.0,16,1,10,True
31448,México,—,Bronce,True,False,False,0,0,0.0,11,0,8,True
31449,Colombia,Medellín,Bronce,True,False,False,1,0,0.0,13,1,7,True
31450,Colombia,Bogotá D.C.,Bronce,True,False,True,0,0,0.0,10,17,8,False
31451,Colombia,Bogotá D.C.,Bronce,True,False,True,2,1,528.0,11,1,5,True
31452,Colombia,Bogotá D.C.,Bronce,False,False,True,1,0,0.0,32,12,5,False
31453,Colombia,Bogotá D.C.,Bronce,True,False,True,1,0,0.0,4,2,6,True
31454,Colombia,Otras ciudades,Bronce,False,False,True,2,1,270.0,13,0,7,True
31455,Colombia,Medellín,Bronce,False,False,False,0,0,0.0,9,3,4,True
31456,México,—,Bronce,True,False,True,2,1,364.0,6,14,7,False
31457,Perú,—,Plata,True,True,True,16,12,4085.0,11,23,4,False
31458,Ecuador,—,Bronce,False,False,True,1,0,0.0,53,27,10,False
31459,Colombia,Otras ciudades,Bronce,False,False,True,1,0,0.0,2,9,8,False
31460,Colombia,Bogotá D.C.,Bronce,True,False,True,3,2,1090.0,26,1,9,True
31461,Ecuador,—,Bronce,False,False,True,1,0,0.0,37,4,7,True
31462,Perú,—,Plata,False,True,True,24,19,8918.0,21,0,8,True
31463,Ecuador,—,Bronce,False,False,True,0,0,0.0,42,4,2,True
31464,Colombia,Bogotá D.C.,Bronce,True,False,True,2,1,441.0,25,3,4,True
31465,Colombia,Bogotá D.C.,Bronce,False,False,True,6,5,2412.0,38,6,9,True
31466,Perú,—,Bronce,False,False,True,7,4,1956.0,14,8,7,False
31467,Colombia,Bogotá D.C.,Plata,False,True,True,8,7,2136.0,43,13,10,False
31468,Ecuador,—,Bronce,True,False,True,4,3,1461.0,33,15,4,False
31469,Uruguay,—,Bronce,False,False,True,4,2,580.0,24,2,10,True
31470,Colombia,Bogotá D.C.,Bronce,True,False,True,3,2,804.0,41,5,9,True
31471,México,—,Bronce,False,False,True,1,0,0.0,45,5,9,True
31472,Colombia,Cali,Bronce,False,False,True,0,0,0.0,8,14,7,False
31473,Colombia,Otras ciudades,Bronce,False,True,True,0,0,0.0,5,12,10,False
31474,Colombia,Barranquilla,Bronce,True,True,True,3,2,1027.0,26,4,3,True
31475,México,—,Bronce,False,True,True,2,1,493.0,7,3,1,True
31476,México,—,Bronce,True,False,True,0,0,0.0,20,0,10,True
31477,Colombia,Medellín,Plata,False,True,True,19,15,7445.0,21,0,5,True
31478,Perú,—,Oro,True,False,True,25,14,8484.0,59,2,6,True
31479,Colombia,Bogotá D.C.,Bronce,False,True,True,6,3,1905.0,60,5,7,True
31480,Chile,—,Bronce,True,False,True,0,0,0.0,5,1,8,True
31481,Colombia,Bogotá D.C.,Bronce,False,True,True,4,3,1544.0,3,4,10,True
31482,Colombia,Cartagena,Bronce,False,False,True,1,0,0.0,23,5,7,True
31483,Colombia,Bogotá D.C.,Bronce,False,False,True,2,1,598.0,37,12,10,False
31484,Colombia,Bogotá D.C.,Bronce,True,False,True,7,5,3002.0,23,12,8,False
31485,Colombia,Sincelejo,Bronce,True,False,True,1,0,0.0,39,4,10,True
31486,Perú,—,Bronce,True,False,True,0,0,0.0,31,13,10,False
31487,Colombia,Bogotá D.C.,Plata,True,True,True,9,5,2863.0,39,8,9,False
31488,Colombia,Barranquilla,Bronce,False,False,False,1,0,0.0,33,6,10,True
31489,Colombia,Pereira,Bronce,False,False,True,0,0,0.0,43,0,8,True
31490,Uruguay,—,Bronce,True,False,True,0,0,0.0,52,10,8,False
31491,Colombia,Otras ciudades,Bronce,False,True,False,0,0,0.0,28,2,10,True
31492,Colombia,Bogotá D.C.,Bronce,True,False,True,2,1,507.0,28,5,10,True
31493,Colombia,Pereira,Bronce,False,False,True,1,0,0.0,1,2,9,True
31494,Colombia,Bogotá D.C.,Oro,False,False,False,38,25,9398.0,74,18,9,False
31495,Perú,—,Bronce,True,False,False,0,0,0.0,49,0,9,True
31496,México,—,Bronce,False,False,True,3,2,890.0,47,5,3,True
31497,Colombia,Bogotá D.C.,Oro,False,False,False,35,21,13681.0,34,2,4,True
31498,Colombia,Bucaramanga,Bronce,True,False,True,2,1,604.0,33,7,5,False
31499,Perú,—,Bronce,False,False,False,6,4,2037.0,14,8,5,False
31500,México,—,Platino,False,False,False,112,92,41179.0,9,3,6,True
31501,Perú,—,Bronce,False,False,True,1,0,0.0,6,0,10,True
31502,Colombia,Bogotá D.C.,Bronce,False,False,True,0,0,0.0,5,11,8,False
31503,México,—,Bronce,True,True,True,0,0,0.0,25,8,9,False
31504,Colombia,Bogotá D.C.,Bronce,True,True,True,0,0,0.0,77,4,8,True
31505,Colombia,Bogotá D.C.,Bronce,False,False,True,4,3,1330.0,22,4,10,True
31506,Colombia,Pereira,Bronce,False,False,True,0,0,0.0,19,2,8,True
31507,Ecuador,—,Bronce,False,False,True,1,0,0.0,57,1,6,True
31508,Colombia,Bogotá D.C.,Bronce,False,True,True,1,0,0.0,33,13,6,False
31509,Colombia,Bogotá D.C.,Bronce,False,False,True,0,0,0.0,48,0,6,True
31510,México,—,Plata,False,False,True,18,11,6756.0,56,5,10,True
31511,Colombia,Pereira,Bronce,False,False,True,3,1,476.0,8,2,9,True
31512,Ecuador,—,Bronce,True,False,True,1,0,0.0,35,5,10,True
31513,Colombia,Montería,Bronce,True,False,True,2,1,515.0,25,2,10,True
31514,Colombia,Bogotá D.C.,Bronce,False,True,False,1,0,0.0,27,7,9,False
31515,Colombia,Cali,Bronce,True,False,True,1,0,0.0,18,3,5,True
31516,México,—,Bronce,False,False,False,7,4,1911.0,1,6,10,True
31517,Colombia,Medellín,Bronce,True,False,True,2,1,484.0,26,6,10,True
31518,Perú,—,Bronce,False,True,True,1,0,0.0,3,2,10,True
31519,Colombia,Barranquilla,Bronce,False,False,True,0,0,0.0,23,9,6,False
31520,Ecuador,—,Bronce,True,False,True,5,3,1482.0,68,3,7,True
31521,México,—,Plata,False,True,True,18,14,9781.0,18,1,8,True
31522,México,—,Bronce,True,True,False,0,0,0.0,42,1,7,True
31523,Colombia,Bogotá D.C.,Bronce,False,True,True,0,0,0.0,12,4,7,True
31524,México,—,Bronce,True,True,True,6,4,1246.0,40,0,9,True
31525,Colombia,Cali,Bronce,False,False,True,2,1,527.0,17,4,7,True
31526,Colombia,Bogotá D.C.,Bronce,False,True,False,0,0,0.0,43,2,9,True
31527,México,—,Bronce,True,False,True,4,3,1462.0,29,0,7,True
31528,Colombia,Villavicencio,Bronce,True,False,True,0,0,0.0,8,18,8,False
31529,México,—,Bronce,False,False,False,2,1,562.0,25,5,5,True
31530,Uruguay,—,Bronce,False,False,False,0,0,0.0,10,4,6,True
31531,Colombia,Bogotá D.C.,Plata,True,False,True,13,9,3117.0,6,7,8,False
31532,Colombia,Medellín,Bronce,True,False,True,2,1,554.0,19,6,10,True
31533,Colombia,Medellín,Bronce,False,False,True,0,0,0.0,14,22,8,False
31534,México,—,Bronce,False,False,True,0,0,0.0,34,2,7,True
31535,México,—,Plata,False,True,True,19,17,8667.0,6,2,9,True
31536,Uruguay,—,Oro,True,True,True,26,17,8587.0,31,0,10,True
31537,Colombia,Bogotá D.C.,Bronce,False,False,True,0,0,0.0,42,2,7,True
31538,Colombia,Medellín,Bronce,True,False,True,0,0,0.0,32,2,7,True
31539,Colombia,Cartagena,Bronce,True,False,False,1,0,0.0,24,5,8,True
31540,Colombia,Medellín,Bronce,True,True,True,0,0,0.0,41,0,5,True
31541,Ecuador,—,Bronce,True,False,False,2,1,447.0,26,7,3,False
31542,Ecuador,—,Bronce,True,True,True,7,4,2480.0,17,3,8,True
31543,México,—,Bronce,False,True,True,0,0,0.0,30,3,8,True
31544,Colombia,Bogotá D.C.,Bronce,True,True,True,0,0,0.0,40,8,4,False
31545,Colombia,Bogotá D.C.,Plata,False,True,False,8,4,1909.0,9,8,7,False
31546,Colombia,Bogotá D.C.,Plata,False,True,True,11,9,4422.0,35,0,6,True
31547,México,—,Plata,True,False,True,8,5,2584.0,18,2,5,True
31548,Ecuador,—,Bronce,True,False,True,1,0,0.0,14,4,4,True
31549,Colombia,Bogotá D.C.,Bronce,True,False,True,0,0,0.0,50,3,8,True
31550,Perú,—,Bronce,False,True,True,2,1,481.0,15,3,9,True
31551,Colombia,Medellín,Bronce,True,False,True,6,5,2713.0,72,8,8,False
31552,Colombia,Bogotá D.C.,Bronce,True,False,True,2,1,433.0,57,5,4,True
31553,Colombia,Cali,Bronce,True,False,True,1,0,0.0,5,0,10,True
31554,México,—,Bronce,True,True,True,0,0,0.0,20,4,10,True
31555,Colombia,Bogotá D.C.,Bronce,True,False,True,2,1,633.0,4,11,7,False
31556,Colombia,Otras ciudades,Plata,True,True,False,8,5,2086.0,35,4,10,True
31557,Colombia,Bogotá D.C.,Bronce,False,True,True,0,0,0.0,6,9,6,False
31558,Perú,—,Oro,True,False,False,37,24,7639.0,57,2,7,True
31559,México,—,Plata,False,True,True,8,5,2363.0,45,5,6,True
31560,Colombia,Otras ciudades,Plata,True,True,True,16,14,8191.0,70,12,5,False
31561,México,—,Bronce,False,True,True,1,0,0.0,47,6,5,True
31562,Colombia,Pasto,Plata,False,False,True,8,6,3765.0,5,14,10,False
31563,Colombia,Cali,Bronce,False,False,True,0,0,0.0,37,12,10,False
31564,México,—,Bronce,False,False,True,2,1,556.0,14,5,8,True
31565,Colombia,Bogotá D.C.,Bronce,True,False,True,1,0,0.0,55,4,6,True
31566,Colombia,Pereira,Plata,False,False,True,13,10,7639.0,1,14,7,False
31567,Colombia,Cartagena,Bronce,False,False,True,2,1,680.0,62,7,10,False
31568,Colombia,Cartagena,Bronce,True,True,True,4,3,1748.0,31,13,6,False
31569,México,—,Bronce,False,True,True,6,4,1769.0,26,6,9,True
31570,Colombia,Cali,Plata,False,False,True,8,5,2341.0,22,2,9,True
31571,Colombia,Sincelejo,Bronce,True,True,True,0,0,0.0,88,5,9,True
31572,Colombia,Barranquilla,Bronce,True,False,True,0,0,0.0,30,0,5,True
31573,Colombia,Otras ciudades,Plata,True,True,True,8,4,1653.0,16,5,7,True
31574,Ecuador,—,Bronce,False,False,True,2,1,304.0,17,0,10,True
31575,México,—,Bronce,False,False,True,0,0,0.0,39,2,10,True
31576,Colombia,Bucaramanga,Bronce,True,False,True,0,0,0.0,7,2,9,True
31577,Colombia,Medellín,Bronce,True,False,True,0,0,0.0,27,3,10,True
31578,México,—,Bronce,False,True,True,2,1,478.0,39,1,8,True
31579,Colombia,Bogotá D.C.,Plata,False,False,True,14,10,6297.0,38,2,5,True
31580,México,—,Bronce,True,False,True,3,2,825.0,45,8,10,False
31581,Colombia,Armenia,Bronce,False,False,True,0,0,0.0,8,7,8,False
31582,Colombia,Bogotá D.C.,Bronce,True,False,True,0,0,0.0,37,11,10,False
31583,Colombia,Medellín,Bronce,False,False,True,5,4,2238.0,28,1,9,True
31584,Colombia,Medellín,Bronce,False,False,False,2,1,553.0,12,9,3,False
31585,Colombia,Neiva,Bronce,False,True,True,2,1,563.0,7,17,9,False
31586,Colombia,Popayán,Bronce,True,True,False,0,0,0.0,41,1,5,True
31587,México,—,Bronce,False,False,True,0,0,0.0,28,7,9,False
31588,Colombia,Bogotá D.C.,Bronce,False,False,False,0,0,0.0,22,17,5,False
31589,Colombia,Bogotá D.C.,Bronce,True,False,True,0,0,0.0,13,0,9,True
31590,Colombia,Cartagena,Bronce,True,False,True,2,1,502.0,12,1,4,True
31591,Colombia,Cali,Bronce,False,True,True,0,0,0.0,8,11,9,False
31592,Colombia,Medellín,Bronce,False,False,True,1,0,0.0,26,0,9,True
31593,México,—,Bronce,False,True,False,0,0,0.0,56,4,2,True
31594,Colombia,Montería,Bronce,False,False,True,0,0,0.0,30,9,8,False
31595,Colombia,Villavicencio,Bronce,True,True,True,4,2,958.0,22,13,8,False
31596,Perú,—,Bronce,False,True,True,1,0,0.0,87,2,7,True
31597,Colombia,Bogotá D.C.,Bronce,True,True,True,6,4,2247.0,8,4,7,True
31598,Colombia,Cali,Bronce,True,False,True,1,0,0.0,12,3,10,True
31599,México,—,Bronce,True,False,True,0,0,0.0,12,5,9,True
31600,Ecuador,—,Bronce,False,False,True,0,0,0.0,26,3,7,True
31601,Colombia,Medellín,Bronce,True,False,True,1,0,0.0,28,13,8,False
31602,Ecuador,—,Plata,True,False,True,9,6,2211.0,27,17,10,False
31603,Colombia,Otras ciudades,Bronce,True,True,True,1,0,0.0,11,9,10,False
31604,México,—,Bronce,True,True,False,0,0,0.0,38,4,7,True
31605,Ecuador,—,Bronce,False,True,False,0,0,0.0,12,4,7,True
31606,Colombia,Otras ciudades,Bronce,False,True,True,0,0,0.0,29,14,8,False
31607,Colombia,Cartagena,Bronce,False,False,True,0,0,0.0,47,3,8,True
31608,Colombia,Medellín,Bronce,False,False,False,2,1,432.0,60,8,7,False
31609,Ecuador,—,Bronce,True,True,True,7,4,2181.0,21,3,6,True
31610,Colombia,Bogotá D.C.,Bronce,True,True,True,1,0,0.0,20,0,3,True
31611,Colombia,Bogotá D.C.,Bronce,True,True,True,0,0,0.0,21,1,6,True
31612,Colombia,Bogotá D.C.,Bronce,False,False,False,2,1,457.0,37,1,6,True
31613,Perú,—,Bronce,False,True,True,6,4,1221.0,10,4,9,True
31614,Ecuador,—,Bronce,False,False,True,0,0,0.0,17,0,4,True
31615,Colombia,Bucaramanga,Bronce,False,False,False,0,0,0.0,23,4,7,True
31616,Colombia,Bogotá D.C.,Plata,False,True,True,10,8,4243.0,46,6,9,True
31617,Colombia,Pasto,Bronce,False,True,True,2,1,385.0,43,2,5,True
31618,México,—,Bronce,False,False,True,5,4,1725.0,41,0,6,True
31619,Colombia,Ibagué,Bronce,False,True,True,1,0,0.0,62,10,9,False
31620,Colombia,Cali,Bronce,False,False,True,4,3,1510.0,10,4,8,True
31621,Colombia,Cali,Bronce,False,False,True,2,1,463.0,26,10,3,False
31622,Ecuador,—,Plata,True,False,True,21,18,8672.0,7,11,5,False
31623,Uruguay,—,Bronce,True,False,True,0,0,0.0,20,2,8,True
31624,Colombia,Cartagena,Bronce,True,False,False,0,0,0.0,9,15,6,False
31625,Colombia,Manizales,Bronce,False,False,True,0,0,0.0,14,1,6,True
31626,México,—,Bronce,False,False,True,5,3,858.0,51,10,5,False
31627,Colombia,Armenia,Plata,False,False,True,13,9,5393.0,4,7,2,False
31628,Colombia,Bucaramanga,Bronce,False,False,True,0,0,0.0,29,0,6,True
31629,México,—,Bronce,True,False,False,1,0,0.0,9,6,8,True
31630,Colombia,Cali,Bronce,True,False,False,3,2,957.0,70,1,5,True
31631,México,—,Bronce,False,True,True,2,1,482.0,18,2,8,True
31632,Colombia,Cartagena,Bronce,True,False,True,0,0,0.0,38,3,10,True
31633,Colombia,Bogotá D.C.,Bronce,False,True,False,2,1,492.0,29,4,8,True
31634,Ecuador,—,Plata,False,False,True,9,7,3794.0,7,8,7,False
31635,Colombia,Bucaramanga,Plata,False,True,True,8,7,4005.0,89,7,6,False
31636,Colombia,Barranquilla,Bronce,False,False,True,3,2,847.0,22,1,6,True
31637,Colombia,Cali,Bronce,False,False,True,3,1,432.0,54,4,6,True
31638,México,—,Bronce,True,True,True,0,0,0.0,6,17,9,False
31639,Colombia,Bogotá D.C.,Plata,False,False,True,10,8,4745.0,26,4,9,True
31640,Colombia,Pasto,Bronce,False,False,True,7,5,3383.0,37,16,8,False
31641,Colombia,Barranquilla,Bronce,False,False,True,3,2,956.0,18,9,3,False
31642,Colombia,Pereira,Bronce,False,True,False,0,0,0.0,21,1,6,True
31643,Colombia,Bogotá D.C.,Bronce,False,True,True,7,5,3523.0,3,0,8,True
31644,Perú,—,Bronce,True,False,True,1,0,0.0,5,15,10,False
31645,Colombia,Bogotá D.C.,Bronce,False,True,True,3,2,1077.0,6,7,5,False
31646,Colombia,Cúcuta,Bronce,False,False,True,7,4,1539.0,17,4,8,True
31647,Colombia,Barranquilla,Bronce,True,False,True,3,2,1508.0,4,4,4,True
31648,Perú,—,Bronce,True,True,True,5,3,1900.0,14,6,9,True
31649,Colombia,Villavicencio,Bronce,False,True,True,0,0,0.0,23,24,6,False
31650,Uruguay,—,Plata,False,True,True,12,7,2621.0,21,0,4,True
31651,Ecuador,—,Bronce,False,True,False,0,0,0.0,16,7,6,False
31652,Colombia,Cali,Bronce,False,False,True,0,0,0.0,9,0,3,True
31653,Ecuador,—,Bronce,False,False,True,4,3,1721.0,19,2,9,True
31654,Perú,—,Bronce,False,False,True,1,0,0.0,17,3,8,True
31655,Colombia,Cali,Bronce,True,True,True,1,0,0.0,31,12,6,False
31656,Colombia,Bogotá D.C.,Bronce,True,False,True,0,0,0.0,12,5,3,True
31657,México,—,Plata,True,False,True,11,7,4434.0,17,5,6,True
31658,Colombia,Bogotá D.C.,Plata,True,False,True,23,19,5941.0,25,1,7,True
31659,Colombia,Bogotá D.C.,Bronce,False,True,False,0,0,0.0,21,9,5,False
31660,Ecuador,—,Bronce,False,False,True,1,0,0.0,29,3,6,True
31661,Colombia,Medellín,Bronce,False,False,True,0,0,0.0,17,2,7,True
31662,Colombia,Cartagena,Bronce,False,False,True,0,0,0.0,6,4,8,True
31663,Colombia,Manizales,Bronce,False,False,True,3,2,810.0,13,1,7,True
31664,Colombia,Bogotá D.C.,Bronce,False,True,False,3,2,636.0,25,15,10,False
31665,México,—,Bronce,False,False,True,1,0,0.0,20,3,3,True
31666,Colombia,Otras ciudades,Bronce,False,False,True,0,0,0.0,8,0,10,True
31667,Colombia,Otras ciudades,Oro,True,True,True,28,21,9218.0,3,6,8,True
31668,Uruguay,—,Bronce,False,False,False,2,1,409.0,26,1,10,True
31669,Ecuador,—,Bronce,False,True,True,5,3,1837.0,6,9,7,False
31670,Colombia,Bogotá D.C.,Bronce,True,False,True,0,0,0.0,23,8,10,False
31671,Ecuador,—,Plata,False,False,True,13,10,4514.0,25,3,10,True
31672,Colombia,Cali,Oro,False,False,False,38,28,10790.0,10,2,3,True
31673,Colombia,Medellín,Bronce,True,False,True,2,1,456.0,41,5,7,True
31674,Colombia,Medellín,Bronce,True,False,True,7,6,2945.0,22,3,6,True
31675,México,—,Bronce,True,False,True,0,0,0.0,47,5,4,True
31676,Colombia,Bogotá D.C.,Bronce,False,False,True,6,3,1545.0,27,10,8,False
31677,Colombia,Cali,Bronce,True,False,True,1,0,0.0,8,3,6,True
31678,Colombia,Bogotá D.C.,Bronce,False,False,True,0,0,0.0,18,1,10,True
31679,Colombia,Barranquilla,Bronce,True,True,True,4,2,651.0,2,2,8,True
31680,México,—,Bronce,True,False,False,3,1,558.0,6,16,6,False
31681,Colombia,Cali,Bronce,True,False,True,0,0,0.0,9,1,10,True
31682,Perú,—,Bronce,True,True,True,0,0,0.0,9,6,6,True
31683,Ecuador,—,Bronce,False,False,True,0,0,0.0,8,15,9,False
31684,Colombia,Medellín,Bronce,True,True,False,0,0,0.0,26,0,7,True
31685,Colombia,Bogotá D.C.,Bronce,False,False,True,1,0,0.0,20,2,6,True
31686,Colombia,Bogotá D.C.,Plata,False,False,True,11,8,2843.0,69,3,5,True
31687,México,—,Bronce,True,False,True,2,1,526.0,5,7,4,False
31688,Colombia,Bogotá D.C.,Bronce,False,True,True,3,1,696.0,33,2,8,True
31689,Colombia,Neiva,Bronce,False,True,True,4,3,1444.0,45,7,5,False
31690,Colombia,Medellín,Bronce,True,False,True,3,1,609.0,31,10,7,False
31691,Colombia,Santa Marta,Bronce,True,True,True,0,0,0.0,10,3,9,True
31692,Colombia,Otras ciudades,Plata,True,False,True,11,6,4149.0,55,9,7,False
31693,Ecuador,—,Bronce,False,False,False,0,0,0.0,37,1,7,True
31694,Colombia,Medellín,Bronce,False,False,True,2,1,293.0,22,1,7,True
31695,Uruguay,—,Plata,True,False,True,9,6,3276.0,39,7,7,False
31696,Colombia,Bogotá D.C.,Bronce,True,False,True,0,0,0.0,74,4,8,True
31697,Colombia,Bucaramanga,Bronce,False,False,True,4,3,1671.0,49,16,9,False
31698,Colombia,Medellín,Bronce,False,False,False,4,2,1309.0,40,15,5,False
31699,Colombia,Bogotá D.C.,Bronce,True,False,True,0,0,0.0,12,2,8,True
31700,Ecuador,—,Bronce,True,False,True,3,2,991.0,30,11,3,False
31701,Perú,—,Bronce,True,False,False,0,0,0.0,1,9,8,False
31702,Colombia,Bucaramanga,Platino,False,False,False,91,85,33104.0,44,2,8,True
31703,Colombia,Ibagué,Bronce,False,False,True,0,0,0.0,14,1,8,True
31704,Ecuador,—,Bronce,False,False,True,2,1,619.0,28,9,9,False
31705,Colombia,Cali,Bronce,True,False,True,4,2,984.0,22,5,8,True
31706,Colombia,Medellín,Bronce,False,False,True,7,6,3512.0,28,1,10,True
31707,México,—,Bronce,True,True,True,0,0,0.0,6,6,5,True
31708,Colombia,Otras ciudades,Bronce,True,True,True,4,3,1201.0,63,3,7,True
31709,Colombia,Medellín,Plata,True,False,True,12,10,5245.0,18,2,7,True
31710,Colombia,Villavicencio,Bronce,True,False,False,2,1,588.0,64,5,7,True
31711,Colombia,Bogotá D.C.,Plata,True,False,True,10,7,3621.0,11,11,7,False
31712,Colombia,Bucaramanga,Platino,False,False,False,66,40,23542.0,9,2,9,True
31713,Colombia,Bucaramanga,Bronce,False,False,False,0,0,0.0,22,9,7,False
31714,Colombia,Cúcuta,Bronce,False,False,True,7,5,2998.0,28,11,6,False
31715,Colombia,Bucaramanga,Bronce,False,False,True,2,1,584.0,10,2,8,True
31716,Ecuador,—,Plata,False,False,True,20,14,5136.0,15,4,10,True
31717,Perú,—,Bronce,True,False,False,0,0,0.0,25,11,6,False
31718,Perú,—,Bronce,True,True,True,2,1,518.0,25,3,9,True
31719,Colombia,Bogotá D.C.,Bronce,True,True,True,0,0,0.0,4,14,10,False
31720,Colombia,Armenia,Bronce,False,False,False,0,0,0.0,46,2,10,True
31721,Perú,—,Bronce,False,False,False,1,0,0.0,61,1,8,True
31722,Colombia,Barranquilla,Bronce,True,False,True,3,2,1247.0,5,7,7,False
31723,Ecuador,—,Bronce,False,True,True,2,1,632.0,41,2,8,True
31724,México,—,Bronce,True,False,True,1,0,0.0,26,13,2,False
31725,Perú,—,Bronce,False,True,True,0,0,0.0,40,4,7,True
31726,Colombia,Bucaramanga,Plata,False,True,True,9,8,5233.0,8,2,7,True
31727,Colombia,Medellín,Bronce,True,True,True,1,0,0.0,6,5,10,True
31728,Colombia,Cúcuta,Bronce,False,False,True,0,0,0.0,5,7,6,False
31729,Colombia,Villavicencio,Bronce,False,True,True,1,0,0.0,72,1,9,True
31730,Colombia,Medellín,Bronce,False,False,True,0,0,0.0,23,6,9,True
31731,México,—,Bronce,False,False,True,0,0,0.0,22,5,6,True
31732,Colombia,Manizales,Bronce,True,False,True,5,4,2256.0,25,1,10,True
31733,Colombia,Cali,Bronce,True,False,True,0,0,0.0,17,0,10,True
31734,México,—,Bronce,False,False,True,1,0,0.0,19,1,5,True
31735,Colombia,Cartagena,Bronce,False,True,True,0,0,0.0,12,3,4,True
31736,Colombia,Medellín,Bronce,False,False,True,0,0,0.0,16,6,6,True
31737,Colombia,Neiva,Bronce,True,False,True,7,5,3271.0,20,0,10,True
31738,Colombia,Ibagué,Bronce,False,False,False,6,5,1917.0,25,1,9,True
31739,Colombia,Bogotá D.C.,Bronce,False,False,True,2,1,454.0,9,4,6,True
31740,Colombia,Bogotá D.C.,Plata,False,False,False,9,8,2958.0,60,2,4,True
31741,Colombia,Cali,Plata,False,True,False,9,7,2663.0,72,3,10,True
31742,México,—,Bronce,False,False,False,1,0,0.0,31,4,3,True
31743,México,—,Bronce,False,False,True,0,0,0.0,2,0,8,True
31744,Colombia,Medellín,Oro,True,False,True,25,19,9048.0,39,2,10,True
31745,Colombia,Bogotá D.C.,Bronce,False,False,True,1,0,0.0,6,2,10,True
31746,Uruguay,—,Bronce,False,False,True,0,0,0.0,41,3,3,True
31747,Colombia,Santa Marta,Bronce,False,True,True,0,0,0.0,34,7,9,False
31748,Ecuador,—,Bronce,True,True,True,0,0,0.0,53,1,7,True
31749,Colombia,Bogotá D.C.,Bronce,False,True,False,1,0,0.0,13,12,5,False
31750,Uruguay,—,Bronce,False,True,True,0,0,0.0,14,3,7,True
31751,Colombia,Bogotá D.C.,Oro,False,True,False,38,27,13389.0,30,5,3,True
31752,Ecuador,—,Bronce,False,False,False,3,1,656.0,44,4,7,True
31753,Colombia,Medellín,Bronce,False,False,False,0,0,0.0,37,5,10,True
31754,Colombia,Barranquilla,Bronce,False,False,False,0,0,0.0,107,15,7,False
31755,Colombia,Bogotá D.C.,Bronce,False,False,True,0,0,0.0,48,8,10,False
31756,Colombia,Santa Marta,Bronce,False,False,True,6,4,1075.0,18,1,10,True
31757,Ecuador,—,Bronce,False,False,True,0,0,0.0,13,1,10,True
31758,Perú,—,Plata,False,False,True,19,13,6227.0,18,4,4,True
31759,México,—,Bronce,False,True,True,5,4,2216.0,7,4,8,True
31760,Colombia,Bucaramanga,Bronce,False,True,True,2,1,632.0,11,6,10,True
31761,Colombia,Bogotá D.C.,Plata,False,False,True,21,17,8684.0,10,10,2,False
31762,Colombia,Medellín,Bronce,False,False,False,4,3,1190.0,19,3,6,True
31763,Perú,—,Bronce,False,False,True,1,0,0.0,14,9,0,False
31764,Colombia,Medellín,Bronce,False,False,True,3,1,467.0,43,4,9,True
31765,México,—,Plata,False,False,False,12,7,2248.0,35,14,5,False
31766,Colombia,Bogotá D.C.,Bronce,True,False,False,2,1,453.0,34,2,7,True
31767,México,—,Oro,False,False,True,26,18,8347.0,35,9,4,False
31768,Ecuador,—,Oro,False,True,True,39,32,18267.0,29,4,9,True
31769,México,—,Plata,True,True,True,11,8,3426.0,31,0,6,True
31770,Colombia,Bogotá D.C.,Plata,True,False,True,13,8,3207.0,49,2,7,True
31771,México,—,Bronce,True,False,False,0,0,0.0,16,13,9,False
31772,Colombia,Medellín,Plata,True,False,True,12,10,5500.0,42,2,8,True
31773,Perú,—,Bronce,False,True,True,0,0,0.0,45,10,9,False
31774,Colombia,Villavicencio,Bronce,False,False,True,2,1,533.0,18,2,10,True
31775,Colombia,Bogotá D.C.,Bronce,False,True,True,4,3,1798.0,37,5,7,True
31776,Colombia,Villavicencio,Bronce,False,False,True,0,0,0.0,61,11,7,False
31777,Perú,—,Bronce,True,False,True,3,2,1015.0,2,9,8,False
31778,Ecuador,—,Bronce,False,False,True,1,0,0.0,8,2,10,True
31779,Ecuador,—,Bronce,True,False,True,2,1,553.0,4,1,6,True
31780,Colombia,Cali,Platino,True,True,False,66,57,20251.0,28,3,5,True
31781,Perú,—,Bronce,False,False,False,7,4,1875.0,13,2,9,True
31782,Ecuador,—,Bronce,False,False,False,5,3,1353.0,13,1,10,True
31783,Ecuador,—,Bronce,False,False,True,5,3,1050.0,17,3,6,True
31784,Colombia,Santa Marta,Bronce,True,False,True,0,0,0.0,5,3,8,True
31785,México,—,Bronce,True,True,True,4,3,1460.0,34,7,6,False
31786,Colombia,Cartagena,Bronce,False,True,False,0,0,0.0,11,4,6,True
31787,Colombia,Cali,Bronce,False,True,True,3,2,637.0,4,0,9,True
31788,Colombia,Bogotá D.C.,Bronce,False,True,True,3,2,863.0,22,7,10,False
31789,Colombia,Manizales,Bronce,False,True,True,3,1,460.0,9,0,10,True
31790,Ecuador,—,Bronce,False,False,True,0,0,0.0,29,1,8,True
31791,Colombia,Barranquilla,Bronce,False,False,True,5,4,1592.0,3,1,8,True
31792,Colombia,Bogotá D.C.,Bronce,True,False,True,0,0,0.0,17,1,7,True
31793,Colombia,Bogotá D.C.,Bronce,True,True,True,0,0,0.0,93,13,8,False
31794,Colombia,Ibagué,Plata,True,False,True,16,9,3689.0,75,1,4,True
31795,México,—,Plata,False,False,True,11,9,4200.0,5,9,10,False
31796,Colombia,Manizales,Bronce,True,False,True,2,1,471.0,44,1,5,True
31797,México,—,Bronce,False,True,True,0,0,0.0,32,10,7,False
31798,Colombia,Bogotá D.C.,Plata,True,True,True,8,6,3150.0,4,7,7,False
31799,Colombia,Otras ciudades,Bronce,True,False,False,0,0,0.0,13,8,9,False
31800,Colombia,Bogotá D.C.,Plata,False,False,False,22,14,7221.0,79,1,8,True
31801,Colombia,Bogotá D.C.,Bronce,True,True,True,0,0,0.0,6,3,4,True
31802,Colombia,Cali,Bronce,False,False,False,1,0,0.0,46,14,6,False
31803,Colombia,Medellín,Bronce,False,True,False,2,1,479.0,5,0,7,True
31804,Ecuador,—,Bronce,False,False,True,3,2,1207.0,35,4,8,True
31805,Perú,—,Bronce,False,False,False,3,1,484.0,68,0,10,True
31806,Colombia,Medellín,Plata,False,True,False,17,12,4678.0,16,5,8,True
31807,Ecuador,—,Bronce,True,False,True,5,3,1124.0,54,4,10,True
31808,Colombia,Bogotá D.C.,Bronce,True,False,True,0,0,0.0,2,1,9,True
31809,Colombia,Armenia,Bronce,True,True,False,2,1,345.0,14,1,7,True
31810,México,—,Oro,False,False,True,55,40,24404.0,39,7,7,False
31811,Colombia,Pasto,Bronce,False,True,False,2,1,670.0,142,10,7,False
31812,Perú,—,Bronce,True,False,True,1,0,0.0,17,10,8,False
31813,Ecuador,—,Bronce,False,False,False,1,0,0.0,57,0,9,True
31814,Colombia,Bogotá D.C.,Bronce,False,False,True,1,0,0.0,15,4,6,True
31815,Colombia,Cali,Bronce,True,True,True,5,3,1571.0,60,1,9,True
31816,Colombia,Bogotá D.C.,Bronce,True,False,True,0,0,0.0,7,25,7,False
31817,Colombia,Cúcuta,Bronce,True,False,True,0,0,0.0,11,10,7,False
31818,Ecuador,—,Bronce,True,False,True,7,5,2846.0,17,16,5,False
31819,Colombia,Bogotá D.C.,Bronce,False,False,True,2,1,537.0,1,7,8,False
31820,Colombia,Bucaramanga,Bronce,False,False,True,0,0,0.0,6,13,4,False
31821,México,—,Platino,True,False,True,146,108,54360.0,81,8,9,False
31822,México,—,Plata,True,False,True,10,6,3072.0,14,3,1,True
31823,Colombia,Cali,Bronce,True,False,True,0,0,0.0,35,0,6,True
31824,México,—,Bronce,False,True,True,0,0,0.0,1,2,10,True
31825,Colombia,Medellín,Bronce,True,False,True,0,0,0.0,47,3,9,True
31826,Colombia,Villavicencio,Bronce,False,False,True,3,2,1230.0,10,2,6,True
31827,Colombia,Bogotá D.C.,Bronce,False,False,True,0,0,0.0,7,6,5,True
31828,Colombia,Medellín,Bronce,False,True,True,2,1,344.0,3,0,7,True
31829,Colombia,Ibagué,Bronce,True,False,True,3,1,360.0,7,2,6,True
31830,Colombia,Barranquilla,Bronce,False,True,True,1,0,0.0,82,0,8,True
31831,Colombia,Medellín,Bronce,True,True,True,0,0,0.0,4,9,6,False
31832,Colombia,Neiva,Oro,False,False,True,41,30,12957.0,19,3,10,True
31833,Uruguay,—,Bronce,False,False,True,1,0,0.0,1,1,7,True
31834,México,—,Bronce,True,True,True,0,0,0.0,17,2,6,True
31835,Colombia,Otras ciudades,Bronce,False,True,True,0,0,0.0,33,3,5,True
31836,México,—,Bronce,True,False,True,0,0,0.0,32,0,6,True
31837,Colombia,Bogotá D.C.,Bronce,False,False,True,0,0,0.0,21,3,5,True
31838,Colombia,Otras ciudades,Bronce,False,True,False,2,1,421.0,45,1,8,True
31839,Colombia,Manizales,Bronce,False,True,True,0,0,0.0,8,3,8,True
31840,Colombia,Bogotá D.C.,Bronce,True,True,True,7,5,2232.0,22,6,9,True
31841,Ecuador,—,Bronce,True,False,True,0,0,0.0,17,8,10,False
31842,Colombia,Otras ciudades,Bronce,False,True,False,7,6,3734.0,39,15,9,False
31843,Colombia,Bogotá D.C.,Bronce,True,False,True,1,0,0.0,132,15,8,False
31844,Colombia,Bogotá D.C.,Bronce,False,False,True,2,1,334.0,27,3,4,True
31845,Perú,—,Bronce,False,False,True,2,1,486.0,50,3,7,True
31846,Colombia,Sincelejo,Plata,False,True,False,10,7,4467.0,9,2,8,True
31847,Chile,—,Bronce,True,True,True,0,0,0.0,4,3,2,True
31848,Colombia,Bogotá D.C.,Bronce,False,False,True,0,0,0.0,1,4,7,True
31849,Colombia,Cartagena,Bronce,True,True,True,2,1,405.0,7,1,9,True
31850,Perú,—,Bronce,True,True,True,0,0,0.0,22,1,8,True
31851,Uruguay,—,Bronce,False,False,True,0,0,0.0,16,3,7,True
31852,Colombia,Bucaramanga,Bronce,True,False,False,1,0,0.0,19,5,7,True
31853,Colombia,Bogotá D.C.,Bronce,True,False,False,1,0,0.0,12,18,4,False
31854,Colombia,Medellín,Bronce,False,False,True,3,1,504.0,48,8,8,False
31855,Colombia,Bogotá D.C.,Bronce,False,False,True,1,0,0.0,41,5,5,True
31856,Colombia,Otras ciudades,Plata,False,False,True,9,7,3716.0,13,6,4,True
31857,México,—,Bronce,False,True,True,0,0,0.0,11,5,10,True
31858,Colombia,Cúcuta,Bronce,False,False,True,0,0,0.0,13,3,7,True
31859,Uruguay,—,Plata,True,False,True,13,10,5052.0,69,7,10,False
31860,Colombia,Bogotá D.C.,Bronce,True,False,True,1,0,0.0,25,8,4,False
31861,Colombia,Bogotá D.C.,Bronce,False,False,True,1,0,0.0,17,13,9,False
31862,Uruguay,—,Bronce,False,False,True,0,0,0.0,12,3,7,True
31863,Uruguay,—,Bronce,False,False,False,0,0,0.0,26,0,3,True
31864,Colombia,Cartagena,Bronce,False,False,True,0,0,0.0,28,5,6,True
31865,Colombia,Ibagué,Plata,True,False,True,22,19,6658.0,54,3,10,True
31866,Ecuador,—,Bronce,False,False,True,0,0,0.0,14,11,8,False
31867,Perú,—,Bronce,True,True,True,6,4,1981.0,49,12,10,False
31868,Uruguay,—,Bronce,True,False,True,0,0,0.0,42,30,6,False
31869,Colombia,Bogotá D.C.,Bronce,True,True,True,0,0,0.0,8,14,4,False
31870,México,—,Bronce,False,False,False,3,2,729.0,37,4,8,True
31871,Colombia,Bogotá D.C.,Bronce,False,False,True,0,0,0.0,28,1,8,True
31872,Colombia,Sincelejo,Bronce,False,False,True,4,3,1130.0,22,8,7,False
31873,Colombia,Barranquilla,Bronce,False,False,True,1,0,0.0,13,10,7,False
31874,Colombia,Montería,Bronce,False,False,False,2,1,474.0,23,0,7,True
31875,Colombia,Bogotá D.C.,Bronce,False,True,True,0,0,0.0,79,9,9,False
31876,Colombia,Bogotá D.C.,Bronce,False,True,True,0,0,0.0,17,7,7,False
31877,Colombia,Bucaramanga,Bronce,False,True,True,0,0,0.0,11,10,6,False
31878,Ecuador,—,Oro,True,False,True,37,28,14015.0,51,3,10,True
31879,Colombia,Otras ciudades,Bronce,True,True,True,0,0,0.0,7,3,10,True
31880,Ecuador,—,Bronce,False,False,True,1,0,0.0,33,9,9,False
31881,Chile,—,Bronce,True,True,True,0,0,0.0,15,13,6,False
31882,Colombia,Otras ciudades,Bronce,True,False,False,0,0,0.0,79,8,8,False
31883,Colombia,Bogotá D.C.,Bronce,False,False,True,3,2,827.0,23,2,9,True
31884,Colombia,Cartagena,Bronce,False,False,False,5,3,1838.0,20,4,7,True
31885,México,—,Bronce,False,False,True,0,0,0.0,18,2,8,True
31886,México,—,Bronce,False,False,True,1,0,0.0,39,1,10,True
31887,México,—,Oro,False,False,True,39,32,14561.0,28,7,5,False
31888,Colombia,Cali,Bronce,False,False,False,1,0,0.0,21,9,8,False
31889,Colombia,Villavicencio,Bronce,False,False,True,1,0,0.0,21,11,8,False
31890,Colombia,Armenia,Plata,True,False,True,11,9,3733.0,49,3,3,True
31891,Colombia,Barranquilla,Bronce,False,False,True,0,0,0.0,79,5,5,True
31892,México,—,Bronce,True,True,True,0,0,0.0,40,1,10,True
31893,México,—,Bronce,False,False,True,2,1,188.0,23,5,7,True
31894,Colombia,Otras ciudades,Bronce,True,False,True,1,0,0.0,25,4,8,True
31895,Colombia,Cali,Bronce,True,False,True,2,1,388.0,35,0,4,True
31896,México,—,Bronce,True,True,True,0,0,0.0,62,0,10,True
31897,Uruguay,—,Bronce,False,False,True,1,0,0.0,3,2,7,True
31898,Colombia,Cúcuta,Bronce,True,True,True,0,0,0.0,30,2,10,True
31899,México,—,Bronce,False,False,True,0,0,0.0,41,4,9,True
31900,Colombia,Otras ciudades,Bronce,False,False,True,0,0,0.0,7,6,5,True
31901,Ecuador,—,Bronce,False,False,True,0,0,0.0,39,18,8,False
31902,Ecuador,—,Plata,False,True,True,22,14,5680.0,17,2,6,True
31903,Colombia,Medellín,Bronce,True,False,True,6,4,1830.0,26,17,6,False
31904,México,—,Bronce,True,False,True,3,2,907.0,11,12,10,False
31905,Ecuador,—,Bronce,False,False,True,0,0,0.0,34,8,10,False
31906,Colombia,Pereira,Plata,True,False,False,21,15,8255.0,25,5,6,True
31907,Colombia,Ibagué,Bronce,False,False,True,0,0,0.0,44,3,5,True
31908,Ecuador,—,Bronce,False,False,True,1,0,0.0,55,11,6,False
31909,México,—,Bronce,False,False,True,2,1,358.0,64,4,9,True
31910,Colombia,Cartagena,Bronce,False,False,True,3,2,1436.0,24,1,6,True
31911,Colombia,Bogotá D.C.,Bronce,False,True,True,7,4,2216.0,11,15,6,False
31912,Perú,—,Bronce,False,False,True,0,0,0.0,40,12,7,False
31913,Colombia,Medellín,Bronce,False,False,True,0,0,0.0,7,13,6,False
31914,Uruguay,—,Bronce,False,False,True,1,0,0.0,13,0,5,True
31915,Colombia,Cali,Bronce,True,False,True,6,5,2342.0,20,8,9,False
31916,Perú,—,Bronce,False,True,True,0,0,0.0,3,10,7,False
31917,Colombia,Bogotá D.C.,Bronce,True,True,True,1,0,0.0,62,5,6,True
31918,Colombia,Cali,Bronce,False,True,True,0,0,0.0,37,5,6,True
31919,México,—,Bronce,False,False,True,0,0,0.0,18,1,3,True
31920,Ecuador,—,Bronce,False,True,True,4,3,1789.0,14,1,8,True
31921,Ecuador,—,Bronce,False,False,True,1,0,0.0,15,11,7,False
31922,Colombia,Otras ciudades,Bronce,False,False,True,2,1,683.0,65,7,8,False
31923,Ecuador,—,Plata,True,False,True,8,6,2678.0,36,3,7,True
31924,México,—,Bronce,False,False,True,0,0,0.0,39,1,5,True
31925,Colombia,Barranquilla,Oro,False,False,True,28,18,9806.0,15,2,10,True
31926,Perú,—,Bronce,False,False,True,0,0,0.0,32,16,10,False
31927,Colombia,Cali,Bronce,True,True,True,4,2,1360.0,65,1,7,True
31928,Colombia,Cali,Bronce,True,True,True,0,0,0.0,17,5,9,True
31929,Colombia,Bogotá D.C.,Bronce,True,True,False,3,2,965.0,3,5,8,True
31930,Colombia,Otras ciudades,Bronce,True,False,True,5,4,2454.0,42,5,8,True
31931,Colombia,Bogotá D.C.,Bronce,False,False,False,1,0,0.0,12,4,8,True
31932,Colombia,Medellín,Bronce,False,False,True,1,0,0.0,13,2,6,True
31933,México,—,Bronce,False,True,False,6,4,2008.0,35,4,5,True
31934,Colombia,Pereira,Bronce,True,True,True,2,1,497.0,10,4,10,True
31935,Colombia,Medellín,Bronce,False,False,True,0,0,0.0,21,13,6,False
31936,Perú,—,Bronce,True,False,True,3,2,904.0,45,3,10,True
31937,Colombia,Bogotá D.C.,Bronce,False,False,True,2,1,626.0,4,2,2,True
31938,Ecuador,—,Bronce,False,False,True,6,3,1609.0,10,1,7,True
31939,Colombia,Manizales,Plata,False,False,True,17,11,6175.0,21,1,7,True
31940,México,—,Plata,False,True,False,15,9,5000.0,23,2,6,True
31941,Colombia,Cartagena,Bronce,True,True,True,0,0,0.0,4,7,10,False
31942,Colombia,Barranquilla,Bronce,False,False,True,1,0,0.0,6,0,3,True
31943,Perú,—,Platino,True,False,True,198,116,69103.0,25,3,7,True
31944,México,—,Bronce,False,True,False,0,0,0.0,7,3,6,True
31945,México,—,Bronce,False,False,True,4,2,548.0,3,3,10,True
31946,Colombia,Bogotá D.C.,Bronce,True,True,True,0,0,0.0,34,3,10,True
31947,Colombia,Bogotá D.C.,Bronce,False,False,True,0,0,0.0,73,4,6,True
31948,Colombia,Armenia,Bronce,True,True,True,0,0,0.0,4,4,9,True
31949,Colombia,Medellín,Bronce,True,False,True,5,3,1521.0,94,3,10,True
31950,Colombia,Pereira,Bronce,True,False,True,1,0,0.0,7,6,8,True
31951,Colombia,Bogotá D.C.,Plata,False,True,True,8,5,2464.0,15,17,9,False
31952,Perú,—,Bronce,False,False,True,5,3,1408.0,31,4,10,True
31953,Colombia,Barranquilla,Bronce,True,True,True,0,0,0.0,59,6,7,True
31954,México,—,Plata,True,False,True,16,14,6248.0,46,7,8,False
31955,Colombia,Otras ciudades,Bronce,True,False,True,1,0,0.0,34,11,8,False
31956,Ecuador,—,Bronce,False,True,False,3,2,806.0,26,1,7,True
31957,Colombia,Barranquilla,Bronce,True,True,True,0,0,0.0,13,1,10,True
31958,Colombia,Otras ciudades,Bronce,False,False,True,3,2,789.0,34,0,2,True
31959,Colombia,Cali,Bronce,False,True,True,3,2,1424.0,9,4,4,True
31960,México,—,Plata,False,False,True,10,7,3681.0,45,0,7,True
31961,Colombia,Bucaramanga,Bronce,False,False,False,2,1,458.0,45,15,8,False
31962,Colombia,Cali,Bronce,False,False,True,0,0,0.0,9,6,5,True
31963,Colombia,Barranquilla,Bronce,False,False,True,1,0,0.0,52,2,10,True
31964,Colombia,Pasto,Plata,False,False,True,12,7,3480.0,43,5,3,True
31965,Ecuador,—,Bronce,False,False,True,0,0,0.0,59,3,5,True
31966,Ecuador,—,Bronce,False,True,True,0,0,0.0,28,17,7,False
31967,Colombia,Cartagena,Bronce,True,False,True,1,0,0.0,35,1,5,True
31968,Colombia,Medellín,Bronce,True,False,True,1,0,0.0,45,4,9,True
31969,Ecuador,—,Bronce,False,False,False,3,2,712.0,19,2,4,True
31970,Uruguay,—,Bronce,False,False,True,0,0,0.0,28,2,5,True
31971,Colombia,Bogotá D.C.,Oro,True,False,True,25,20,6385.0,12,5,5,True
31972,Ecuador,—,Bronce,False,True,False,2,1,655.0,63,0,7,True
31973,México,—,Plata,True,False,True,9,5,2619.0,25,7,5,False
31974,Colombia,Bogotá D.C.,Bronce,True,False,True,0,0,0.0,24,2,6,True
31975,Colombia,Bogotá D.C.,Bronce,False,False,False,0,0,0.0,90,4,10,True
31976,Colombia,Ibagué,Bronce,False,False,True,0,0,0.0,30,5,8,True
31977,Colombia,Bogotá D.C.,Platino,False,True,True,136,113,40572.0,13,5,8,True
31978,Colombia,Bogotá D.C.,Plata,False,False,True,12,10,3948.0,8,2,6,True
31979,Colombia,Pereira,Bronce,False,True,True,5,3,1732.0,25,7,8,False
31980,Colombia,Cali,Bronce,False,True,True,0,0,0.0,1,2,5,True
31981,Chile,—,Bronce,False,False,True,1,0,0.0,61,8,10,False
31982,Colombia,Bogotá D.C.,Bronce,True,False,True,0,0,0.0,25,7,7,False
31983,Perú,—,Bronce,False,False,False,1,0,0.0,28,3,9,True
31984,México,—,Bronce,True,False,False,5,4,1549.0,62,4,7,True
31985,México,—,Plata,True,True,False,12,10,5174.0,30,8,7,False
31986,México,—,Bronce,False,False,True,3,2,870.0,5,0,7,True
31987,México,—,Bronce,False,True,True,2,1,670.0,25,1,7,True
31988,México,—,Bronce,True,True,True,0,0,0.0,12,7,7,False
31989,Colombia,Cali,Bronce,False,False,True,4,3,1304.0,32,4,10,True
31990,Colombia,Medellín,Plata,True,False,True,16,9,3723.0,24,8,10,False
31991,Colombia,Cali,Bronce,True,False,False,1,0,0.0,32,2,8,True
31992,Colombia,Bogotá D.C.,Bronce,False,False,True,2,1,459.0,28,7,6,False
31993,Colombia,Cali,Bronce,True,False,True,4,3,1907.0,22,1,2,True
31994,Colombia,Medellín,Bronce,True,False,True,6,5,2068.0,4,25,10,False
31995,Colombia,Pereira,Bronce,False,False,True,0,0,0.0,61,10,10,False
31996,Colombia,Cali,Bronce,True,False,True,1,0,0.0,32,1,9,True
31997,México,—,Bronce,False,True,True,0,0,0.0,14,16,7,False
31998,Colombia,Barranquilla,Bronce,False,False,True,4,3,1524.0,33,4,10,True
31999,Colombia,Medellín,Plata,True,True,True,15,9,4605.0,42,15,7,False
32000,Uruguay,—,Bronce,True,False,True,0,0,0.0,50,29,9,False
32001,Colombia,Cali,Plata,False,True,True,8,6,3471.0,15,5,10,True
32002,Colombia,Bogotá D.C.,Bronce,False,False,False,1,0,0.0,16,3,7,True
32003,Ecuador,—,Bronce,False,False,False,0,0,0.0,60,0,10,True
32004,México,—,Bronce,False,True,True,5,3,702.0,26,2,8,True
32005,Colombia,Barranquilla,Bronce,True,False,True,1,0,0.0,49,10,8,False
32006,Colombia,Pasto,Platino,False,False,False,63,39,22041.0,36,4,7,True
32007,Colombia,Bogotá D.C.,Bronce,True,True,True,0,0,0.0,37,6,10,True
32008,Colombia,Medellín,Bronce,True,False,False,0,0,0.0,40,9,9,False
32009,Colombia,Medellín,Bronce,False,False,True,6,4,2207.0,37,3,8,True
32010,Ecuador,—,Bronce,False,True,False,1,0,0.0,26,7,7,False
32011,Ecuador,—,Bronce,False,False,True,1,0,0.0,9,9,7,False
32012,Colombia,Montería,Plata,False,False,True,15,12,6689.0,7,7,9,False
32013,Colombia,Ibagué,Bronce,False,False,True,0,0,0.0,32,2,6,True
32014,México,—,Bronce,True,True,True,0,0,0.0,11,1,5,True
32015,Colombia,Barranquilla,Bronce,False,False,True,1,0,0.0,22,7,9,False
32016,Colombia,Bogotá D.C.,Bronce,False,False,True,3,2,1088.0,12,0,9,True
32017,Ecuador,—,Bronce,True,False,True,4,3,1638.0,25,1,6,True
32018,Colombia,Cartagena,Bronce,False,False,True,1,0,0.0,6,1,10,True
32019,Ecuador,—,Bronce,False,False,True,3,2,1319.0,16,13,8,False
32020,Ecuador,—,Bronce,False,False,True,3,2,1135.0,7,3,9,True
32021,Colombia,Bogotá D.C.,Bronce,True,False,True,1,0,0.0,12,20,6,False
32022,Colombia,Bucaramanga,Bronce,False,True,True,1,0,0.0,10,3,5,True
32023,Colombia,Bogotá D.C.,Bronce,False,False,True,0,0,0.0,17,6,9,True
32024,Colombia,Armenia,Bronce,False,False,True,0,0,0.0,19,3,4,True
32025,Perú,—,Bronce,True,False,False,3,2,1263.0,18,3,6,True
32026,Colombia,Medellín,Bronce,False,False,True,0,0,0.0,14,4,5,True
32027,Perú,—,Bronce,False,True,True,2,1,463.0,6,1,10,True
32028,Ecuador,—,Bronce,False,False,True,3,2,832.0,23,0,9,True
32029,México,—,Bronce,True,True,True,4,3,2090.0,12,4,10,True
32030,Colombia,Bogotá D.C.,Bronce,True,False,False,0,0,0.0,75,17,6,False
32031,Colombia,Medellín,Bronce,True,False,True,2,1,430.0,3,9,4,False
32032,Colombia,Bogotá D.C.,Oro,True,False,False,25,20,9382.0,20,1,6,True
32033,Colombia,Neiva,Bronce,True,True,True,0,0,0.0,56,1,6,True
32034,Ecuador,—,Oro,True,False,False,44,35,20869.0,3,18,6,False
32035,Colombia,Bogotá D.C.,Bronce,True,True,True,3,2,1232.0,35,0,4,True
32036,Colombia,Bucaramanga,Bronce,False,False,True,0,0,0.0,107,3,4,True
32037,Colombia,Cali,Bronce,True,True,True,0,0,0.0,12,4,10,True
32038,Colombia,Bogotá D.C.,Bronce,True,False,True,0,0,0.0,25,10,7,False
32039,Colombia,Ibagué,Bronce,False,False,True,3,2,1137.0,45,2,7,True
32040,Colombia,Pereira,Bronce,False,False,True,5,4,2381.0,34,6,9,True
32041,Colombia,Bogotá D.C.,Plata,False,True,True,23,13,7065.0,74,3,9,True
32042,Colombia,Bogotá D.C.,Bronce,True,False,True,1,0,0.0,35,0,3,True
32043,Colombia,Cartagena,Bronce,True,False,True,1,0,0.0,29,8,10,False
32044,Colombia,Ibagué,Plata,True,False,True,20,13,7655.0,26,0,9,True
32045,Colombia,Bogotá D.C.,Bronce,False,False,True,1,0,0.0,15,2,2,True
32046,Colombia,Bogotá D.C.,Bronce,True,False,True,2,1,573.0,19,2,9,True
32047,Colombia,Medellín,Bronce,False,True,True,1,0,0.0,45,15,8,False
32048,Colombia,Bogotá D.C.,Plata,True,False,True,17,10,5122.0,35,2,8,True
32049,Colombia,Cartagena,Bronce,False,True,True,0,0,0.0,2,14,8,False
32050,Colombia,Cali,Bronce,True,False,True,4,3,2004.0,8,5,9,True
32051,Colombia,Medellín,Bronce,True,False,True,3,2,1029.0,74,2,10,True
32052,Uruguay,—,Bronce,False,False,True,2,1,424.0,20,1,4,True
32053,Colombia,Bogotá D.C.,Plata,True,False,False,14,9,4212.0,20,3,10,True
32054,Colombia,Cali,Bronce,True,False,True,0,0,0.0,81,7,3,False
32055,Colombia,Medellín,Bronce,False,False,False,5,4,2217.0,2,2,2,True
32056,México,—,Bronce,False,False,True,3,2,857.0,29,2,9,True
32057,Colombia,Bogotá D.C.,Bronce,True,False,False,0,0,0.0,50,5,7,True
32058,Ecuador,—,Bronce,False,True,True,0,0,0.0,4,3,10,True
32059,Colombia,Cali,Bronce,False,False,True,0,0,0.0,46,3,7,True
32060,Colombia,Bogotá D.C.,Bronce,False,False,True,1,0,0.0,18,11,7,False
32061,Chile,—,Bronce,False,False,True,2,1,531.0,19,3,6,True
32062,México,—,Bronce,False,True,True,3,2,1309.0,46,29,5,False
32063,Colombia,Otras ciudades,Plata,False,True,True,17,13,8414.0,37,11,3,False
32064,México,—,Bronce,False,False,True,1,0,0.0,14,17,7,False
32065,Colombia,Cali,Bronce,True,False,True,2,1,698.0,32,2,8,True
32066,Ecuador,—,Bronce,True,False,True,6,4,2097.0,39,3,9,True
32067,Perú,—,Bronce,False,True,False,5,3,746.0,48,12,5,False
32068,Ecuador,—,Bronce,True,False,True,2,1,494.0,2,6,7,True
32069,Colombia,Medellín,Bronce,False,False,True,6,5,2340.0,84,11,10,False
32070,México,—,Bronce,True,False,False,2,1,468.0,6,14,8,False
32071,Colombia,Cali,Bronce,True,False,True,0,0,0.0,20,10,6,False
32072,Colombia,Bogotá D.C.,Bronce,False,True,False,0,0,0.0,14,9,8,False
32073,Colombia,Medellín,Bronce,False,True,True,7,4,1250.0,39,4,10,True
32074,México,—,Bronce,True,False,True,3,1,346.0,45,3,8,True
32075,Colombia,Ibagué,Bronce,True,False,True,3,2,1000.0,6,6,10,True
32076,Colombia,Valledupar,Bronce,True,False,True,0,0,0.0,4,1,7,True
32077,Colombia,Pereira,Bronce,True,False,True,0,0,0.0,2,3,8,True
32078,Colombia,Bucaramanga,Bronce,False,False,True,0,0,0.0,6,20,3,False
32079,Colombia,Cali,Bronce,True,False,True,0,0,0.0,11,4,7,True
32080,Colombia,Bogotá D.C.,Bronce,True,False,True,1,0,0.0,18,1,10,True
32081,Colombia,Sincelejo,Bronce,False,False,True,0,0,0.0,30,2,10,True
32082,México,—,Bronce,True,False,True,5,3,1497.0,1,0,10,True
32083,México,—,Bronce,False,False,True,0,0,0.0,141,3,7,True
32084,Chile,—,Plata,True,False,True,19,13,5660.0,26,1,7,True
32085,Colombia,Armenia,Bronce,False,True,True,2,1,423.0,44,25,8,False
32086,Perú,—,Bronce,False,False,True,1,0,0.0,31,0,5,True
32087,Ecuador,—,Bronce,False,False,True,1,0,0.0,37,6,7,True
32088,Perú,—,Bronce,False,False,True,0,0,0.0,27,4,6,True
32089,Colombia,Santa Marta,Plata,False,True,True,11,9,5059.0,16,10,9,False
32090,Colombia,Pasto,Bronce,False,False,True,1,0,0.0,66,2,7,True
32091,México,—,Plata,False,True,True,16,15,6030.0,14,2,2,True
32092,Colombia,Cartagena,Bronce,False,False,True,1,0,0.0,25,11,6,False
32093,Colombia,Bogotá D.C.,Bronce,False,False,False,4,2,837.0,20,5,8,True
32094,Perú,—,Plata,True,True,True,12,9,4248.0,26,6,9,True
32095,México,—,Bronce,False,True,True,3,2,1366.0,38,0,6,True
32096,Colombia,Medellín,Bronce,False,False,True,1,0,0.0,3,0,6,True
32097,Colombia,Cali,Bronce,False,False,True,0,0,0.0,17,4,10,True
32098,Colombia,Otras ciudades,Plata,True,False,True,9,7,3758.0,79,8,6,False
32099,México,—,Bronce,False,False,True,0,0,0.0,25,6,5,True
32100,Colombia,Bogotá D.C.,Bronce,False,True,False,3,1,589.0,32,0,8,True
32101,Perú,—,Bronce,True,False,True,3,2,893.0,8,13,7,False
32102,Colombia,Cúcuta,Bronce,True,False,True,5,2,1043.0,75,7,10,False
32103,México,—,Bronce,True,False,True,6,4,1894.0,31,0,5,True
32104,Colombia,Medellín,Bronce,True,False,True,1,0,0.0,11,4,8,True
32105,Uruguay,—,Bronce,False,True,True,0,0,0.0,10,2,7,True
32106,México,—,Bronce,False,False,True,2,1,763.0,19,17,9,False
32107,Ecuador,—,Bronce,False,False,False,1,0,0.0,34,10,8,False
32108,México,—,Bronce,True,False,True,0,0,0.0,9,6,7,True
32109,Colombia,Cali,Bronce,True,False,False,3,2,896.0,20,6,10,True
32110,Colombia,Bogotá D.C.,Plata,True,True,True,13,7,4274.0,17,5,9,True
32111,México,—,Bronce,False,False,False,0,0,0.0,54,6,9,True
32112,Colombia,Bogotá D.C.,Bronce,True,False,False,0,0,0.0,10,3,9,True
32113,Colombia,Medellín,Bronce,False,False,True,2,1,490.0,28,2,3,True
32114,Colombia,Otras ciudades,Bronce,True,True,True,1,0,0.0,11,5,10,True
32115,Ecuador,—,Bronce,True,False,True,1,0,0.0,5,2,7,True
32116,Colombia,Neiva,Bronce,False,False,True,5,4,2374.0,42,10,7,False
32117,México,—,Bronce,False,False,True,7,6,2856.0,30,2,10,True
32118,Colombia,Bogotá D.C.,Bronce,True,False,False,1,0,0.0,16,18,4,False
32119,Colombia,Barranquilla,Bronce,True,False,True,1,0,0.0,96,2,5,True
32120,Colombia,Bogotá D.C.,Bronce,True,True,True,0,0,0.0,4,5,10,True
32121,México,—,Bronce,False,True,False,1,0,0.0,16,2,7,True
32122,México,—,Bronce,False,False,True,2,1,555.0,46,3,3,True
32123,Colombia,Bucaramanga,Bronce,True,False,True,0,0,0.0,42,1,6,True
32124,Colombia,Bogotá D.C.,Bronce,False,False,True,1,0,0.0,57,5,9,True
32125,México,—,Bronce,False,False,True,4,2,999.0,12,6,8,True
32126,México,—,Bronce,False,False,True,0,0,0.0,79,5,8,True
32127,Colombia,Bogotá D.C.,Bronce,True,False,True,1,0,0.0,12,5,6,True
32128,Ecuador,—,Oro,False,False,False,26,16,9936.0,25,7,8,False
32129,Colombia,Barranquilla,Bronce,False,True,True,1,0,0.0,28,16,7,False
32130,Ecuador,—,Bronce,True,True,True,1,0,0.0,12,6,9,True
32131,Colombia,Santa Marta,Plata,False,False,True,10,7,4382.0,36,13,7,False
32132,Colombia,Medellín,Bronce,False,False,True,1,0,0.0,47,1,9,True
32133,Colombia,Cali,Plata,False,False,False,11,9,4913.0,45,10,8,False
32134,Colombia,Bogotá D.C.,Bronce,True,False,True,0,0,0.0,6,7,7,False
32135,México,—,Bronce,True,False,True,2,1,450.0,10,0,8,True
32136,Perú,—,Bronce,True,False,True,2,1,377.0,81,8,8,False
32137,Colombia,Cali,Bronce,True,False,True,0,0,0.0,44,17,10,False
32138,Colombia,Bogotá D.C.,Bronce,False,True,True,5,4,2000.0,43,2,8,True
32139,Uruguay,—,Bronce,False,False,True,0,0,0.0,46,9,4,False
32140,Colombia,Pasto,Plata,False,False,True,11,9,3900.0,29,1,9,True
32141,Colombia,Bogotá D.C.,Bronce,False,False,True,1,0,0.0,83,6,10,True
32142,Perú,—,Bronce,False,False,True,2,1,558.0,7,2,7,True
32143,Perú,—,Bronce,False,False,True,0,0,0.0,20,5,4,True
32144,Colombia,Ibagué,Bronce,False,True,True,0,0,0.0,5,6,10,True
32145,Ecuador,—,Bronce,False,False,True,2,1,394.0,71,2,10,True
32146,Colombia,Medellín,Bronce,False,False,True,2,1,512.0,15,15,5,False
32147,Colombia,Montería,Bronce,False,False,True,5,4,2256.0,25,1,6,True
32148,Colombia,Medellín,Bronce,False,False,True,2,1,509.0,4,0,10,True
32149,Colombia,Villavicencio,Bronce,False,True,False,1,0,0.0,24,1,8,True
32150,Colombia,Ibagué,Bronce,False,True,True,0,0,0.0,6,1,7,True
32151,Colombia,Medellín,Plata,True,False,True,9,7,4765.0,22,1,10,True
32152,Colombia,Popayán,Bronce,True,True,True,0,0,0.0,14,1,8,True
32153,México,—,Bronce,True,False,False,0,0,0.0,17,4,4,True
32154,Colombia,Cúcuta,Plata,False,False,True,11,7,2543.0,7,10,6,False
32155,Colombia,Cali,Bronce,False,False,True,5,3,1755.0,76,3,5,True
32156,Colombia,Bogotá D.C.,Bronce,False,True,True,1,0,0.0,62,6,3,True
32157,Ecuador,—,Bronce,False,False,True,0,0,0.0,5,11,6,False
32158,Ecuador,—,Bronce,False,False,True,0,0,0.0,35,7,7,False
32159,Colombia,Bogotá D.C.,Bronce,False,True,True,0,0,0.0,25,1,4,True
32160,Colombia,Barranquilla,Plata,False,False,True,19,12,5460.0,25,16,9,False
32161,Colombia,Bogotá D.C.,Bronce,True,True,True,1,0,0.0,72,13,5,False
32162,Colombia,Bogotá D.C.,Bronce,False,False,True,0,0,0.0,48,5,10,True
32163,Colombia,Otras ciudades,Bronce,False,False,False,0,0,0.0,21,11,8,False
32164,Colombia,Cali,Bronce,True,True,True,1,0,0.0,8,10,8,False
32165,Colombia,Medellín,Bronce,False,False,False,0,0,0.0,30,1,7,True
32166,Colombia,Otras ciudades,Bronce,False,False,True,0,0,0.0,55,7,7,False
32167,Colombia,Ibagué,Plata,True,True,False,16,12,7582.0,74,6,6,True
32168,México,—,Bronce,False,False,True,3,2,1048.0,6,16,8,False
32169,Colombia,Ibagué,Bronce,True,False,True,2,1,691.0,16,5,9,True
32170,Colombia,Bogotá D.C.,Bronce,False,False,True,7,6,3846.0,9,12,4,False
32171,México,—,Bronce,True,True,True,4,3,1561.0,80,12,9,False
32172,Colombia,Cali,Bronce,True,True,False,2,1,629.0,10,3,9,True
32173,Colombia,Medellín,Bronce,False,False,False,0,0,0.0,10,4,6,True
32174,Colombia,Montería,Bronce,True,False,True,3,2,849.0,14,5,7,True
32175,Colombia,Bucaramanga,Bronce,True,False,True,0,0,0.0,70,3,5,True
32176,Uruguay,—,Bronce,False,True,True,1,0,0.0,78,1,7,True
32177,Colombia,Cali,Bronce,True,False,True,0,0,0.0,11,17,5,False
32178,México,—,Bronce,True,False,True,0,0,0.0,30,8,8,False
32179,Colombia,Pereira,Bronce,False,False,False,4,3,1609.0,151,1,7,True
32180,Colombia,Cúcuta,Bronce,True,False,True,1,0,0.0,28,11,8,False
32181,Colombia,Villavicencio,Bronce,False,False,True,0,0,0.0,6,8,8,False
32182,Colombia,Cartagena,Bronce,False,True,True,0,0,0.0,50,6,5,True
32183,Colombia,Cali,Bronce,True,False,True,0,0,0.0,22,2,6,True
32184,Colombia,Medellín,Bronce,False,False,True,0,0,0.0,5,4,6,True
32185,Colombia,Montería,Oro,True,True,False,32,25,10504.0,6,2,6,True
32186,Colombia,Popayán,Platino,True,False,True,123,81,46659.0,23,6,7,True
32187,Colombia,Otras ciudades,Bronce,True,True,True,2,1,520.0,65,9,8,False
32188,Colombia,Bucaramanga,Bronce,False,False,True,0,0,0.0,15,3,9,True
32189,Colombia,Otras ciudades,Bronce,True,True,True,5,4,2031.0,23,9,10,False
32190,Colombia,Otras ciudades,Bronce,True,False,True,0,0,0.0,19,3,5,True
32191,Colombia,Pereira,Bronce,True,False,False,0,0,0.0,77,8,10,False
32192,Colombia,Medellín,Bronce,True,False,True,0,0,0.0,18,5,8,True
32193,México,—,Bronce,True,False,True,0,0,0.0,55,7,8,False
32194,Colombia,Bogotá D.C.,Plata,False,False,True,15,10,5287.0,10,10,10,False
32195,Colombia,Cartagena,Bronce,False,False,True,0,0,0.0,35,8,6,False
32196,Perú,—,Bronce,False,False,True,1,0,0.0,8,4,4,True
32197,Chile,—,Bronce,True,True,True,0,0,0.0,7,11,5,False
32198,México,—,Bronce,False,False,True,6,4,1952.0,25,2,6,True
32199,Perú,—,Bronce,False,True,True,2,1,613.0,29,3,9,True
32200,Colombia,Bogotá D.C.,Bronce,False,False,True,1,0,0.0,11,7,4,False
32201,Uruguay,—,Bronce,True,False,True,0,0,0.0,43,4,2,True
32202,Colombia,Armenia,Bronce,False,False,True,1,0,0.0,12,9,4,False
32203,Colombia,Santa Marta,Bronce,False,False,False,1,0,0.0,44,12,10,False
32204,Colombia,Montería,Plata,False,False,False,10,6,3048.0,64,5,9,True
32205,Colombia,Otras ciudades,Bronce,False,False,False,1,0,0.0,76,2,9,True
32206,Uruguay,—,Bronce,False,True,True,0,0,0.0,71,14,9,False
32207,Colombia,Manizales,Bronce,False,True,True,2,1,453.0,3,0,5,True
32208,Colombia,Otras ciudades,Bronce,False,False,False,6,4,2448.0,14,4,5,True
32209,Perú,—,Plata,True,False,True,11,8,3696.0,53,1,7,True
32210,Colombia,Barranquilla,Bronce,False,False,True,0,0,0.0,14,12,5,False
32211,México,—,Bronce,True,True,True,0,0,0.0,14,0,9,True
32212,Colombia,Pereira,Bronce,False,False,True,5,3,1660.0,5,14,10,False
32213,Colombia,Medellín,Bronce,True,False,True,3,2,1140.0,17,1,4,True
32214,Colombia,Otras ciudades,Bronce,True,False,True,5,4,2090.0,15,11,9,False
32215,Uruguay,—,Bronce,True,True,True,0,0,0.0,63,5,9,True
32216,Perú,—,Bronce,False,False,True,3,2,512.0,24,28,10,False
32217,Colombia,Barranquilla,Bronce,False,True,True,0,0,0.0,7,3,8,True
32218,Chile,—,Bronce,False,False,True,3,2,1011.0,9,24,7,False
32219,Perú,—,Bronce,True,True,True,0,0,0.0,17,6,8,True
32220,Perú,—,Bronce,False,False,True,0,0,0.0,3,2,8,True
32221,Colombia,Villavicencio,Bronce,True,False,True,1,0,0.0,65,13,8,False
32222,Uruguay,—,Plata,False,False,False,11,7,4557.0,51,6,8,True
32223,Colombia,Cali,Bronce,False,False,True,0,0,0.0,17,0,10,True
32224,Ecuador,—,Bronce,False,False,True,1,0,0.0,16,7,6,False
32225,México,—,Bronce,False,False,True,1,0,0.0,22,22,5,False
32226,Colombia,Cali,Bronce,True,True,True,0,0,0.0,25,6,9,True
32227,Ecuador,—,Bronce,True,False,True,5,4,2026.0,13,3,8,True
32228,Colombia,Sincelejo,Bronce,True,False,True,7,6,2954.0,69,4,5,True
32229,Colombia,Sincelejo,Bronce,False,False,True,5,3,1151.0,11,12,9,False
32230,Colombia,Bucaramanga,Bronce,True,True,False,1,0,0.0,91,2,10,True
32231,Colombia,Popayán,Bronce,True,False,True,1,0,0.0,41,6,8,True
32232,Colombia,Medellín,Bronce,True,False,True,0,0,0.0,15,8,4,False
32233,Ecuador,—,Bronce,True,False,True,0,0,0.0,24,8,10,False
32234,Ecuador,—,Bronce,False,True,True,2,1,598.0,7,3,9,True
32235,Colombia,Medellín,Bronce,False,False,True,0,0,0.0,23,3,8,True
32236,México,—,Plata,True,True,True,13,9,3712.0,16,8,8,False
32237,Colombia,Barranquilla,Bronce,False,False,True,0,0,0.0,22,0,8,True
32238,Colombia,Sincelejo,Bronce,True,True,True,2,1,412.0,24,5,9,True
32239,Colombia,Bogotá D.C.,Bronce,False,False,True,5,2,1456.0,4,7,7,False
32240,Ecuador,—,Plata,False,False,True,13,11,5646.0,14,4,4,True
32241,México,—,Bronce,False,False,True,7,5,2357.0,36,7,6,False
32242,Colombia,Bogotá D.C.,Bronce,False,False,True,0,0,0.0,21,0,9,True
32243,Ecuador,—,Bronce,False,False,True,1,0,0.0,45,1,7,True
32244,Uruguay,—,Bronce,True,True,True,4,2,1270.0,26,3,10,True
32245,Perú,—,Bronce,False,False,False,3,1,509.0,10,16,8,False
32246,Colombia,Cali,Bronce,False,True,True,4,3,1511.0,15,4,6,True
32247,Perú,—,Bronce,False,False,True,2,1,338.0,64,11,10,False
32248,Colombia,Medellín,Plata,True,False,True,18,10,5910.0,42,6,4,True
32249,Colombia,Bogotá D.C.,Bronce,False,False,True,1,0,0.0,6,1,10,True
32250,Colombia,Bogotá D.C.,Bronce,False,False,True,1,0,0.0,12,4,8,True
32251,Colombia,Barranquilla,Oro,True,False,True,27,18,11583.0,5,3,6,True
32252,Perú,—,Bronce,True,False,True,1,0,0.0,2,4,5,True
32253,Colombia,Barranquilla,Bronce,True,False,True,2,1,457.0,12,3,10,True
32254,Colombia,Medellín,Bronce,False,False,True,1,0,0.0,10,4,10,True
32255,Colombia,Cali,Bronce,True,False,True,2,1,516.0,22,1,8,True
32256,Ecuador,—,Bronce,False,False,False,0,0,0.0,23,3,8,True
32257,Colombia,Bogotá D.C.,Bronce,False,False,True,7,5,957.0,18,8,6,False
32258,Ecuador,—,Bronce,False,False,True,0,0,0.0,55,9,5,False
32259,Colombia,Bogotá D.C.,Bronce,True,False,False,4,2,892.0,22,8,10,False
32260,Ecuador,—,Bronce,False,False,True,0,0,0.0,10,0,9,True
32261,Colombia,Barranquilla,Bronce,False,False,True,6,4,1446.0,21,11,9,False
32262,México,—,Bronce,True,True,True,0,0,0.0,3,0,8,True
32263,Colombia,Bucaramanga,Bronce,False,False,True,1,0,0.0,9,0,8,True
32264,Colombia,Manizales,Plata,True,False,True,19,13,7537.0,98,4,6,True
32265,Ecuador,—,Bronce,True,False,True,0,0,0.0,19,5,5,True
32266,Colombia,Otras ciudades,Bronce,False,False,True,1,0,0.0,31,6,7,True
32267,Colombia,Popayán,Bronce,False,False,True,0,0,0.0,18,10,6,False
32268,Colombia,Bogotá D.C.,Bronce,True,True,True,1,0,0.0,21,6,10,True
32269,Colombia,Cartagena,Plata,False,False,True,14,8,4692.0,40,17,9,False
32270,Colombia,Cartagena,Bronce,False,False,True,7,4,2064.0,54,7,5,False
32271,Colombia,Barranquilla,Oro,True,False,True,57,52,29478.0,13,8,8,False
32272,Colombia,Cartagena,Bronce,True,False,True,4,3,1403.0,109,14,9,False
32273,Ecuador,—,Bronce,False,False,True,1,0,0.0,19,6,5,True
32274,México,—,Bronce,True,False,True,1,0,0.0,19,3,9,True
32275,Colombia,Cali,Bronce,False,False,True,1,0,0.0,69,29,3,False
32276,Colombia,Pasto,Bronce,False,False,True,3,1,651.0,105,2,6,True
32277,Perú,—,Bronce,False,True,True,0,0,0.0,96,3,7,True
32278,Colombia,Bogotá D.C.,Bronce,False,False,True,0,0,0.0,33,1,10,True
32279,Uruguay,—,Bronce,False,False,True,0,0,0.0,11,12,10,False
32280,Colombia,Bogotá D.C.,Bronce,True,False,True,6,4,2085.0,84,3,5,True
32281,Perú,—,Bronce,False,True,False,0,0,0.0,5,5,6,True
32282,Colombia,Bogotá D.C.,Bronce,False,False,True,1,0,0.0,13,6,6,True
32283,Colombia,Medellín,Bronce,False,False,True,1,0,0.0,50,0,8,True
32284,México,—,Bronce,False,False,True,3,2,704.0,50,2,4,True
32285,Colombia,Bogotá D.C.,Oro,True,False,False,33,25,12212.0,7,5,8,True
32286,Colombia,Otras ciudades,Plata,False,False,True,8,5,2293.0,27,9,10,False
32287,Ecuador,—,Bronce,False,False,True,0,0,0.0,7,4,7,True
32288,Colombia,Bogotá D.C.,Bronce,True,False,True,2,1,530.0,23,8,10,False
32289,México,—,Bronce,True,True,False,3,2,1084.0,35,2,6,True
32290,Colombia,Otras ciudades,Plata,False,False,True,8,5,2604.0,5,1,10,True
32291,Colombia,Barranquilla,Plata,False,False,True,18,15,6096.0,31,8,8,False
32292,Perú,—,Bronce,False,False,True,4,2,1060.0,33,1,8,True
32293,Colombia,Manizales,Bronce,True,True,False,0,0,0.0,57,6,10,True
32294,Uruguay,—,Plata,True,False,True,10,6,2744.0,48,1,7,True
32295,México,—,Bronce,True,False,False,0,0,0.0,81,0,8,True
32296,México,—,Bronce,True,False,True,0,0,0.0,70,2,7,True
32297,México,—,Bronce,True,False,True,0,0,0.0,20,8,4,False
32298,Colombia,Bogotá D.C.,Bronce,True,True,True,1,0,0.0,31,5,9,True
32299,Colombia,Cali,Bronce,False,False,True,0,0,0.0,40,4,9,True
32300,México,—,Bronce,False,False,True,0,0,0.0,10,3,7,True
32301,Perú,—,Bronce,True,False,False,0,0,0.0,38,14,10,False
32302,Colombia,Cali,Bronce,False,False,True,2,1,519.0,11,1,10,True
32303,México,—,Bronce,True,True,True,1,0,0.0,25,2,8,True
32304,Colombia,Villavicencio,Bronce,True,False,True,2,1,633.0,28,8,7,False
32305,Colombia,Montería,Bronce,False,False,True,0,0,0.0,31,2,8,True
32306,Colombia,Bogotá D.C.,Bronce,False,True,False,3,2,470.0,9,16,5,False
32307,Ecuador,—,Bronce,False,False,True,0,0,0.0,27,8,6,False
32308,Ecuador,—,Oro,False,True,False,52,45,24088.0,30,13,8,False
32309,Colombia,Medellín,Oro,False,False,True,33,25,15340.0,1,6,7,True
32310,Colombia,Bogotá D.C.,Bronce,True,False,True,0,0,0.0,44,5,7,True
32311,Perú,—,Bronce,True,False,False,7,4,2070.0,7,1,6,True
32312,México,—,Bronce,False,True,True,0,0,0.0,15,1,6,True
32313,Uruguay,—,Plata,True,False,True,9,5,3269.0,42,4,6,True
32314,Colombia,Bogotá D.C.,Bronce,True,True,True,6,3,2240.0,5,21,5,False
32315,Uruguay,—,Bronce,True,False,True,0,0,0.0,4,6,6,True
32316,México,—,Bronce,False,False,False,2,1,584.0,32,8,5,False
32317,Ecuador,—,Bronce,True,False,True,1,0,0.0,75,7,8,False
32318,Colombia,Ibagué,Bronce,False,False,True,2,1,416.0,4,2,6,True
32319,México,—,Bronce,True,False,True,0,0,0.0,42,9,4,False
32320,Ecuador,—,Bronce,False,False,False,0,0,0.0,10,16,6,False
32321,Colombia,Cúcuta,Bronce,False,False,False,4,2,724.0,26,10,7,False
32322,Uruguay,—,Bronce,False,False,True,0,0,0.0,14,6,5,True
32323,México,—,Bronce,True,True,False,0,0,0.0,20,7,10,False
32324,Colombia,Bogotá D.C.,Bronce,True,False,True,4,3,1525.0,32,2,5,True
32325,Colombia,Bogotá D.C.,Bronce,True,False,True,1,0,0.0,17,1,7,True
32326,México,—,Bronce,False,False,True,2,1,450.0,42,8,5,False
32327,Colombia,Cali,Bronce,True,False,True,3,2,1249.0,31,11,9,False
32328,Colombia,Bogotá D.C.,Bronce,False,False,True,3,2,1138.0,67,11,10,False
32329,Colombia,Villavicencio,Bronce,False,True,True,1,0,0.0,10,15,7,False
32330,Colombia,Manizales,Plata,False,True,True,20,12,6442.0,55,4,7,True
32331,Ecuador,—,Bronce,False,False,True,0,0,0.0,139,6,5,True
32332,México,—,Bronce,False,False,True,1,0,0.0,72,1,3,True
32333,Colombia,Medellín,Bronce,True,False,False,1,0,0.0,28,6,10,True
32334,Colombia,Cali,Bronce,True,True,True,2,1,353.0,37,3,8,True
32335,México,—,Bronce,False,True,True,2,1,463.0,124,5,9,True
32336,Colombia,Bogotá D.C.,Bronce,False,False,True,0,0,0.0,35,11,5,False
32337,Ecuador,—,Platino,True,False,False,258,208,98939.0,4,5,9,True
32338,México,—,Bronce,False,False,True,0,0,0.0,6,0,8,True
32339,Colombia,Cali,Bronce,True,False,True,0,0,0.0,7,5,4,True
32340,Ecuador,—,Bronce,True,False,True,1,0,0.0,26,1,6,True
32341,Perú,—,Plata,False,True,False,16,12,6856.0,8,5,4,True
32342,Colombia,Cali,Bronce,True,True,False,4,3,955.0,76,4,10,True
32343,Colombia,Popayán,Bronce,False,False,True,0,0,0.0,25,5,10,True
32344,Colombia,Bogotá D.C.,Bronce,False,False,True,0,0,0.0,39,2,10,True
32345,Colombia,Bogotá D.C.,Bronce,False,False,True,4,3,968.0,36,11,7,False
32346,Colombia,Cali,Bronce,False,True,True,3,2,1079.0,22,15,4,False
32347,Uruguay,—,Bronce,True,False,False,0,0,0.0,19,5,10,True
32348,Colombia,Cali,Bronce,False,False,True,2,1,502.0,16,7,9,False
32349,Colombia,Medellín,Oro,True,False,True,29,21,8606.0,52,3,8,True
32350,Ecuador,—,Bronce,False,False,True,1,0,0.0,8,0,9,True
32351,Colombia,Bogotá D.C.,Bronce,False,True,True,6,4,2598.0,33,4,6,True
32352,Colombia,Bucaramanga,Bronce,False,True,True,0,0,0.0,27,2,5,True
32353,México,—,Bronce,False,True,True,0,0,0.0,66,5,7,True
32354,Colombia,Bogotá D.C.,Bronce,True,True,False,1,0,0.0,3,5,7,True
32355,Colombia,Bogotá D.C.,Bronce,True,False,True,3,1,467.0,16,2,7,True
32356,Colombia,Bogotá D.C.,Bronce,True,True,False,5,4,2025.0,22,0,5,True
32357,Colombia,Ibagué,Oro,False,False,True,32,23,16587.0,37,4,8,True
32358,Colombia,Bogotá D.C.,Bronce,True,False,True,0,0,0.0,68,1,6,True
32359,México,—,Bronce,False,True,True,2,1,516.0,25,1,4,True
32360,Colombia,Cali,Bronce,True,False,True,1,0,0.0,5,4,7,True
32361,México,—,Bronce,True,False,True,3,2,1173.0,23,8,5,False
32362,Colombia,Bogotá D.C.,Bronce,True,True,True,0,0,0.0,49,13,5,False
32363,Colombia,Cartagena,Bronce,True,False,False,3,1,493.0,6,16,9,False
32364,Uruguay,—,Bronce,False,False,False,1,0,0.0,48,0,8,True
32365,México,—,Plata,False,False,True,12,9,4657.0,104,2,7,True
32366,Uruguay,—,Bronce,True,False,True,0,0,0.0,39,9,6,False
32367,Ecuador,—,Bronce,True,False,True,0,0,0.0,39,6,10,True
32368,Colombia,Cali,Bronce,False,True,True,2,1,468.0,32,5,7,True
32369,Colombia,Cali,Bronce,False,True,True,2,1,286.0,2,0,8,True
32370,Colombia,Pasto,Bronce,False,False,True,4,3,1843.0,49,5,8,True
32371,México,—,Bronce,False,False,True,2,1,421.0,13,12,5,False
32372,Colombia,Cali,Bronce,False,True,True,0,0,0.0,45,3,10,True
32373,Colombia,Bucaramanga,Bronce,False,False,True,3,2,1184.0,27,0,4,True
32374,Colombia,Neiva,Bronce,False,True,True,7,5,2705.0,39,3,6,True
32375,Chile,—,Bronce,True,False,True,0,0,0.0,20,12,10,False
32376,Colombia,Medellín,Bronce,False,False,True,0,0,0.0,27,3,7,True
32377,Colombia,Medellín,Bronce,False,True,True,2,1,611.0,28,9,7,False
32378,Ecuador,—,Bronce,False,True,True,0,0,0.0,20,1,8,True
32379,Colombia,Cúcuta,Bronce,True,True,True,6,5,2081.0,2,3,9,True
32380,Colombia,Armenia,Bronce,False,True,False,1,0,0.0,19,18,6,False
32381,Colombia,Bucaramanga,Plata,False,False,False,13,11,4709.0,16,9,9,False
32382,Colombia,Cartagena,Bronce,True,True,True,0,0,0.0,44,5,6,True
32383,Colombia,Bogotá D.C.,Bronce,True,False,True,2,1,504.0,51,1,10,True
32384,Colombia,Cúcuta,Bronce,False,True,True,0,0,0.0,37,6,8,True
32385,Colombia,Cali,Bronce,True,True,True,2,1,529.0,31,9,6,False
32386,Colombia,Bogotá D.C.,Bronce,True,False,True,1,0,0.0,66,5,9,True
32387,Colombia,Cali,Plata,True,False,True,8,6,3069.0,56,12,5,False
32388,México,—,Platino,False,False,True,95,56,35921.0,58,9,9,False
32389,Colombia,Cali,Bronce,True,False,False,0,0,0.0,11,2,10,True
32390,Colombia,Armenia,Bronce,False,False,True,1,0,0.0,62,6,5,True
32391,Colombia,Bogotá D.C.,Bronce,False,False,True,4,2,1060.0,5,1,3,True
32392,Colombia,Ibagué,Bronce,True,True,True,2,1,469.0,1,4,10,True
32393,Ecuador,—,Bronce,False,False,True,0,0,0.0,47,22,10,False
32394,Uruguay,—,Bronce,False,True,True,0,0,0.0,52,9,4,False
32395,Colombia,Sincelejo,Bronce,False,True,True,2,1,527.0,10,9,7,False
32396,México,—,Bronce,True,False,True,0,0,0.0,81,5,9,True
32397,Colombia,Cartagena,Bronce,False,False,True,2,1,682.0,7,6,8,True
32398,Colombia,Cúcuta,Oro,False,True,True,27,16,7751.0,10,18,6,False
32399,Colombia,Bogotá D.C.,Bronce,False,False,True,0,0,0.0,44,3,6,True
32400,Colombia,Bucaramanga,Bronce,True,True,True,2,1,582.0,28,5,10,True
32401,Colombia,Pereira,Bronce,False,False,True,0,0,0.0,20,25,10,False
32402,Ecuador,—,Plata,True,True,True,8,7,2877.0,25,23,7,False
32403,Colombia,Bogotá D.C.,Bronce,False,False,True,1,0,0.0,2,2,4,True
32404,Colombia,Pasto,Bronce,False,False,True,5,3,1121.0,34,18,6,False
32405,Colombia,Bogotá D.C.,Bronce,False,False,True,1,0,0.0,39,6,10,True
32406,Colombia,Cali,Bronce,False,True,True,2,1,563.0,30,5,7,True
32407,Colombia,Villavicencio,Bronce,True,False,True,4,3,1379.0,14,9,10,False
32408,Colombia,Pereira,Bronce,False,True,True,4,2,549.0,39,6,5,True
32409,Colombia,Bogotá D.C.,Bronce,True,False,True,3,1,497.0,25,0,10,True
32410,Colombia,Otras ciudades,Bronce,True,False,True,1,0,0.0,41,13,5,False
32411,México,—,Plata,True,False,True,20,16,8275.0,51,0,7,True
32412,Colombia,Cartagena,Plata,False,False,True,11,7,4920.0,40,14,8,False
32413,Colombia,Barranquilla,Bronce,False,True,False,0,0,0.0,16,3,7,True
32414,Colombia,Otras ciudades,Bronce,False,False,True,0,0,0.0,13,20,9,False
32415,México,—,Plata,True,False,True,19,14,6585.0,82,8,6,False
32416,Colombia,Manizales,Bronce,False,True,True,5,4,2230.0,17,1,10,True
32417,Colombia,Cali,Bronce,True,False,False,1,0,0.0,38,2,8,True
32418,Colombia,Barranquilla,Bronce,True,False,True,1,0,0.0,5,7,9,False
32419,Ecuador,—,Bronce,True,False,True,1,0,0.0,9,5,10,True
32420,Uruguay,—,Bronce,True,False,True,7,5,3802.0,17,0,9,True
32421,Colombia,Armenia,Bronce,False,False,True,0,0,0.0,17,3,5,True
32422,Uruguay,—,Bronce,True,False,True,1,0,0.0,104,3,10,True
32423,Colombia,Armenia,Bronce,False,False,True,0,0,0.0,3,2,10,True
32424,Colombia,Bogotá D.C.,Bronce,False,True,False,3,1,391.0,14,12,5,False
32425,Colombia,Medellín,Bronce,True,False,True,5,3,963.0,1,8,5,False
32426,Colombia,Barranquilla,Bronce,True,False,True,2,1,390.0,20,8,6,False
32427,Perú,—,Bronce,True,False,True,1,0,0.0,27,18,10,False
32428,Colombia,Bucaramanga,Bronce,False,True,True,2,1,497.0,16,1,8,True
32429,Colombia,Bogotá D.C.,Bronce,True,False,False,3,1,616.0,24,1,9,True
32430,México,—,Bronce,True,True,False,1,0,0.0,14,13,6,False
32431,Perú,—,Bronce,False,False,True,1,0,0.0,13,3,8,True
32432,Colombia,Bogotá D.C.,Plata,False,False,True,8,6,3568.0,6,0,10,True
32433,Colombia,Medellín,Bronce,False,True,True,0,0,0.0,52,5,5,True
32434,Ecuador,—,Bronce,False,False,True,1,0,0.0,9,6,7,True
32435,México,—,Bronce,False,True,True,2,1,439.0,20,3,4,True
32436,Colombia,Bogotá D.C.,Bronce,True,False,False,0,0,0.0,31,1,10,True
32437,México,—,Bronce,False,False,False,1,0,0.0,64,6,9,True
32438,Colombia,Pereira,Plata,True,False,True,15,10,6517.0,9,1,8,True
32439,Colombia,Santa Marta,Bronce,True,True,False,1,0,0.0,63,1,7,True
32440,Colombia,Bogotá D.C.,Bronce,True,False,True,0,0,0.0,27,7,8,False
32441,México,—,Bronce,True,False,True,0,0,0.0,34,5,9,True
32442,Colombia,Bogotá D.C.,Bronce,False,False,False,2,1,657.0,91,1,7,True
32443,Perú,—,Bronce,True,True,True,1,0,0.0,59,3,10,True
32444,Uruguay,—,Plata,False,False,True,15,13,6922.0,48,2,6,True
32445,Colombia,Cali,Bronce,True,False,False,4,2,1026.0,12,0,10,True
32446,México,—,Bronce,False,False,True,0,0,0.0,18,0,10,True
32447,Colombia,Bogotá D.C.,Bronce,False,False,True,2,1,514.0,101,0,9,True
32448,Ecuador,—,Bronce,False,False,True,4,2,976.0,38,1,7,True
32449,México,—,Bronce,False,False,True,0,0,0.0,48,3,7,True
32450,Colombia,Santa Marta,Bronce,True,False,True,2,1,436.0,3,5,7,True
32451,Colombia,Bogotá D.C.,Bronce,False,False,False,1,0,0.0,13,4,7,True
32452,Colombia,Cúcuta,Bronce,False,False,True,0,0,0.0,30,3,10,True
32453,México,—,Bronce,False,True,True,0,0,0.0,69,7,5,False
32454,Colombia,Bogotá D.C.,Bronce,True,True,False,0,0,0.0,17,1,7,True
32455,Colombia,Bogotá D.C.,Bronce,False,False,True,0,0,0.0,4,10,10,False
32456,Ecuador,—,Plata,False,False,True,9,8,3117.0,29,13,7,False
32457,México,—,Bronce,True,False,True,1,0,0.0,9,1,5,True
32458,Perú,—,Bronce,False,True,True,1,0,0.0,16,8,5,False
32459,Colombia,Medellín,Bronce,False,True,True,0,0,0.0,5,3,5,True
32460,Colombia,Medellín,Bronce,False,False,False,1,0,0.0,19,0,7,True
32461,Colombia,Cartagena,Plata,False,True,True,11,8,4688.0,31,8,4,False
32462,Colombia,Cartagena,Bronce,False,True,True,0,0,0.0,13,5,8,True
32463,Colombia,Pereira,Bronce,True,False,True,0,0,0.0,50,2,10,True
32464,Ecuador,—,Bronce,False,False,False,0,0,0.0,65,2,7,True
32465,Colombia,Bogotá D.C.,Bronce,True,False,True,0,0,0.0,9,4,6,True
32466,México,—,Bronce,True,False,True,1,0,0.0,20,5,6,True
32467,Colombia,Medellín,Bronce,False,False,True,2,1,369.0,120,11,5,False
32468,Ecuador,—,Bronce,False,True,True,0,0,0.0,20,2,7,True
32469,Ecuador,—,Bronce,False,False,True,3,2,1040.0,27,2,10,True
32470,Ecuador,—,Bronce,False,False,False,0,0,0.0,1,6,7,True
32471,Colombia,Medellín,Bronce,False,True,True,0,0,0.0,18,11,6,False
32472,México,—,Plata,True,False,True,18,16,9227.0,21,7,8,False
32473,Colombia,Pereira,Oro,True,True,False,28,16,10261.0,43,5,6,True
32474,Colombia,Bogotá D.C.,Bronce,False,False,True,1,0,0.0,22,6,10,True
32475,Uruguay,—,Plata,False,False,True,8,5,1684.0,10,14,10,False
32476,México,—,Plata,False,False,True,19,17,11801.0,52,4,6,True
32477,Colombia,Barranquilla,Bronce,False,False,True,0,0,0.0,45,12,2,False
32478,Colombia,Medellín,Oro,True,True,False,27,18,8230.0,3,8,4,False
32479,Colombia,Cali,Bronce,True,False,True,0,0,0.0,70,3,6,True
32480,Colombia,Medellín,Plata,False,False,True,9,6,2869.0,21,4,6,True
32481,Colombia,Medellín,Bronce,True,False,True,1,0,0.0,30,6,9,True
32482,Colombia,Medellín,Bronce,False,True,True,1,0,0.0,26,3,7,True
32483,Colombia,Cúcuta,Bronce,True,False,True,2,1,559.0,43,0,7,True
32484,Colombia,Bogotá D.C.,Bronce,True,False,True,3,2,526.0,1,2,6,True
32485,Colombia,Otras ciudades,Bronce,False,True,True,5,4,2037.0,66,7,5,False
32486,Ecuador,—,Bronce,False,False,True,0,0,0.0,11,7,7,False
32487,Colombia,Cúcuta,Bronce,False,True,True,0,0,0.0,67,17,5,False
32488,Colombia,Bogotá D.C.,Bronce,True,True,True,0,0,0.0,10,1,9,True
32489,Colombia,Valledupar,Bronce,True,False,True,4,3,1583.0,9,6,7,True
32490,Ecuador,—,Bronce,False,False,True,0,0,0.0,19,1,9,True
32491,Perú,—,Bronce,False,False,True,6,3,1102.0,33,2,8,True
32492,México,—,Bronce,False,False,True,2,1,775.0,55,1,10,True
32493,Colombia,Medellín,Bronce,False,False,False,0,0,0.0,14,0,8,True
32494,Uruguay,—,Bronce,False,True,True,7,5,2701.0,3,9,8,False
32495,México,—,Bronce,False,True,True,1,0,0.0,32,3,6,True
32496,Colombia,Otras ciudades,Bronce,False,False,True,2,1,436.0,20,3,7,True
32497,México,—,Bronce,False,False,False,0,0,0.0,51,11,4,False
32498,Colombia,Pereira,Bronce,True,False,True,3,2,775.0,2,13,6,False
32499,Colombia,Ibagué,Bronce,False,False,True,1,0,0.0,13,1,4,True
32500,Uruguay,—,Bronce,True,True,True,0,0,0.0,21,1,8,True
32501,Colombia,Medellín,Bronce,False,False,True,0,0,0.0,6,1,9,True
32502,México,—,Bronce,False,False,False,0,0,0.0,14,6,7,True
32503,Colombia,Neiva,Bronce,True,False,True,1,0,0.0,8,8,5,False
32504,Colombia,Sincelejo,Bronce,True,True,True,1,0,0.0,21,16,9,False
32505,Colombia,Bucaramanga,Oro,False,False,False,32,21,9272.0,31,5,8,True
32506,Colombia,Cartagena,Bronce,False,False,False,1,0,0.0,8,9,9,False
32507,Ecuador,—,Bronce,False,False,True,2,1,463.0,24,9,10,False
32508,Colombia,Bogotá D.C.,Bronce,False,True,False,0,0,0.0,52,12,8,False
32509,Colombia,Cartagena,Bronce,False,True,True,2,1,598.0,35,8,8,False
32510,Colombia,Bucaramanga,Bronce,False,False,True,2,1,415.0,27,4,8,True
32511,Perú,—,Bronce,False,False,True,0,0,0.0,33,1,6,True
32512,Colombia,Valledupar,Bronce,False,False,True,3,2,712.0,12,4,8,True
32513,Colombia,Manizales,Platino,False,False,True,70,65,37500.0,24,11,8,False
32514,Colombia,Bogotá D.C.,Bronce,False,False,True,0,0,0.0,23,2,6,True
32515,Colombia,Bucaramanga,Bronce,False,False,False,1,0,0.0,16,10,4,False
32516,Colombia,Cartagena,Bronce,False,True,True,0,0,0.0,91,2,3,True
32517,Perú,—,Bronce,True,False,True,0,0,0.0,15,1,7,True
32518,Perú,—,Bronce,True,True,True,2,1,299.0,30,1,10,True
32519,Colombia,Bucaramanga,Bronce,False,True,True,2,1,487.0,16,0,6,True
32520,México,—,Plata,True,False,True,17,11,4971.0,38,4,9,True
32521,México,—,Bronce,True,False,True,1,0,0.0,35,14,7,False
32522,México,—,Bronce,True,False,True,0,0,0.0,22,5,9,True
32523,Colombia,Medellín,Plata,False,False,True,8,4,2030.0,41,9,10,False
32524,Chile,—,Bronce,False,False,True,1,0,0.0,22,2,9,True
32525,Perú,—,Bronce,True,True,True,0,0,0.0,13,12,10,False
32526,México,—,Bronce,False,False,True,0,0,0.0,12,4,10,True
32527,Colombia,Bogotá D.C.,Bronce,False,False,True,1,0,0.0,41,3,7,True
32528,Colombia,Bogotá D.C.,Bronce,False,False,True,1,0,0.0,35,3,4,True
32529,Colombia,Medellín,Bronce,False,False,True,7,6,3231.0,12,4,4,True
32530,Colombia,Montería,Bronce,True,False,False,1,0,0.0,24,2,9,True
32531,Colombia,Santa Marta,Bronce,False,False,True,0,0,0.0,10,6,6,True
32532,Colombia,Bogotá D.C.,Bronce,False,False,True,5,3,1639.0,7,0,5,True
32533,México,—,Bronce,False,False,True,2,1,479.0,8,4,8,True
32534,México,—,Plata,False,False,True,12,9,4473.0,11,1,4,True
32535,Colombia,Bucaramanga,Bronce,False,False,True,0,0,0.0,34,12,10,False
32536,Colombia,Bogotá D.C.,Bronce,False,False,True,0,0,0.0,30,0,9,True
32537,Ecuador,—,Plata,False,False,True,8,5,1956.0,9,1,5,True
32538,México,—,Bronce,False,False,False,0,0,0.0,29,6,8,True
32539,Colombia,Medellín,Bronce,False,False,True,3,1,429.0,28,2,10,True
32540,Colombia,Bogotá D.C.,Bronce,False,False,True,1,0,0.0,28,1,7,True
32541,Colombia,Cali,Plata,False,True,True,16,9,5129.0,30,2,8,True
32542,México,—,Bronce,False,True,True,0,0,0.0,9,3,10,True
32543,Colombia,Cúcuta,Bronce,True,False,True,1,0,0.0,23,1,9,True
32544,Colombia,Bogotá D.C.,Bronce,False,False,True,1,0,0.0,37,2,3,True
32545,Colombia,Bogotá D.C.,Bronce,False,False,True,0,0,0.0,29,5,5,True
32546,México,—,Bronce,False,False,True,2,1,726.0,37,3,9,True
32547,Perú,—,Bronce,False,False,True,1,0,0.0,18,8,6,False
32548,México,—,Bronce,True,False,True,6,4,1947.0,23,2,8,True
32549,Colombia,Bogotá D.C.,Bronce,False,True,False,1,0,0.0,17,3,7,True
32550,Colombia,Barranquilla,Bronce,False,False,True,0,0,0.0,19,8,10,False
32551,Colombia,Bogotá D.C.,Bronce,True,False,True,1,0,0.0,7,9,10,False
32552,Ecuador,—,Bronce,True,False,False,0,0,0.0,16,10,7,False
32553,Colombia,Cali,Bronce,False,True,True,3,2,495.0,24,6,6,True
32554,México,—,Bronce,False,False,True,0,0,0.0,24,6,10,True
32555,México,—,Bronce,True,True,True,6,4,1832.0,28,13,1,False
32556,Perú,—,Bronce,False,False,True,2,1,642.0,56,4,10,True
32557,Colombia,Cali,Bronce,False,False,True,0,0,0.0,35,4,7,True
32558,Colombia,Bogotá D.C.,Bronce,True,False,True,3,1,443.0,9,13,4,False
32559,México,—,Bronce,True,True,False,0,0,0.0,26,12,5,False
32560,Colombia,Barranquilla,Plata,True,False,True,15,11,7437.0,15,13,4,False
32561,Colombia,Bucaramanga,Bronce,True,False,True,0,0,0.0,14,1,8,True
32562,Colombia,Bogotá D.C.,Plata,True,True,False,22,12,4515.0,29,7,5,False
32563,Colombia,Otras ciudades,Bronce,False,True,True,0,0,0.0,16,0,8,True
32564,Colombia,Cali,Bronce,False,False,True,1,0,0.0,42,4,5,True
32565,Chile,—,Bronce,True,False,True,4,2,1051.0,18,4,6,True
32566,Perú,—,Bronce,False,False,True,4,2,1297.0,24,9,10,False
32567,Colombia,Bogotá D.C.,Bronce,False,False,True,1,0,0.0,10,2,4,True
32568,México,—,Bronce,True,True,True,5,3,1531.0,47,1,6,True
32569,Colombia,Manizales,Bronce,True,True,True,0,0,0.0,27,3,9,True
32570,Colombia,Cartagena,Bronce,True,False,True,1,0,0.0,14,1,7,True
32571,México,—,Bronce,False,False,True,6,4,1814.0,4,0,7,True
32572,México,—,Bronce,False,True,True,2,1,442.0,9,1,10,True
32573,Colombia,Villavicencio,Bronce,False,False,True,0,0,0.0,5,2,6,True
32574,Colombia,Otras ciudades,Bronce,False,False,True,0,0,0.0,14,13,7,False
32575,Colombia,Cúcuta,Bronce,True,True,True,3,2,1527.0,10,2,5,True
32576,Colombia,Otras ciudades,Bronce,True,True,False,4,3,1647.0,5,9,9,False
32577,Colombia,Bogotá D.C.,Bronce,True,False,True,2,1,642.0,60,3,4,True
32578,Colombia,Ibagué,Bronce,False,True,True,0,0,0.0,64,3,5,True
32579,México,—,Plata,True,False,False,10,7,3953.0,82,1,6,True
32580,Colombia,Barranquilla,Plata,True,False,True,14,9,4908.0,19,6,5,True
32581,Colombia,Bogotá D.C.,Bronce,False,True,True,0,0,0.0,12,3,8,True
32582,México,—,Bronce,False,False,True,1,0,0.0,1,1,7,True
32583,México,—,Bronce,True,False,True,0,0,0.0,47,17,7,False
32584,Colombia,Medellín,Bronce,True,False,True,0,0,0.0,28,10,10,False
32585,Colombia,Manizales,Bronce,False,False,True,0,0,0.0,8,2,7,True
32586,Colombia,Bogotá D.C.,Plata,True,False,True,11,6,1460.0,15,3,6,True
32587,Colombia,Pasto,Bronce,False,False,True,0,0,0.0,64,11,10,False
32588,Colombia,Medellín,Bronce,False,False,False,0,0,0.0,9,4,9,True
32589,Colombia,Bogotá D.C.,Bronce,False,False,True,0,0,0.0,113,14,8,False
32590,Ecuador,—,Bronce,True,False,False,6,4,1826.0,28,9,6,False
32591,Colombia,Medellín,Bronce,False,False,True,6,3,2458.0,13,2,4,True
32592,México,—,Bronce,True,True,True,2,1,393.0,28,9,9,False
32593,Colombia,Bogotá D.C.,Bronce,False,False,True,0,0,0.0,30,9,8,False
32594,México,—,Bronce,False,False,False,4,2,1046.0,22,0,4,True
32595,México,—,Bronce,False,False,True,0,0,0.0,30,3,6,True
32596,México,—,Bronce,False,True,True,1,0,0.0,23,7,7,False
32597,Colombia,Bogotá D.C.,Plata,False,True,False,18,12,6454.0,5,11,7,False
32598,México,—,Bronce,True,False,True,1,0,0.0,29,7,4,False
32599,Colombia,Barranquilla,Plata,True,True,True,10,8,4857.0,16,0,3,True
32600,Colombia,Medellín,Bronce,True,True,True,0,0,0.0,22,5,7,True
32601,Colombia,Bogotá D.C.,Bronce,True,True,False,3,2,1076.0,6,11,8,False
32602,Colombia,Bogotá D.C.,Bronce,False,False,True,4,2,1102.0,57,7,5,False
32603,México,—,Platino,False,True,True,317,223,112994.0,1,5,10,True
32604,Ecuador,—,Bronce,True,True,True,5,4,2402.0,20,10,7,False
32605,Colombia,Bogotá D.C.,Bronce,False,False,True,2,1,411.0,26,6,9,True
32606,México,—,Bronce,True,False,True,2,1,581.0,19,10,6,False
32607,Colombia,Medellín,Plata,True,False,True,8,5,2739.0,14,7,10,False
32608,México,—,Bronce,False,True,False,1,0,0.0,10,2,3,True
32609,México,—,Plata,False,False,True,11,7,3386.0,25,3,6,True
32610,Ecuador,—,Bronce,False,False,False,1,0,0.0,5,1,8,True
32611,Colombia,Bogotá D.C.,Bronce,False,False,False,0,0,0.0,33,4,7,True
32612,México,—,Bronce,False,True,True,0,0,0.0,11,5,9,True
32613,Colombia,Bogotá D.C.,Bronce,False,False,True,0,0,0.0,77,7,10,False
32614,Colombia,Pereira,Plata,True,False,True,22,17,8386.0,59,3,7,True
32615,Colombia,Cartagena,Bronce,True,False,True,0,0,0.0,40,1,8,True
32616,Colombia,Bogotá D.C.,Bronce,False,False,True,5,4,2784.0,17,10,2,False
32617,Colombia,Bogotá D.C.,Bronce,True,True,True,0,0,0.0,66,0,5,True
32618,Perú,—,Bronce,True,True,True,1,0,0.0,32,3,10,True
32619,Colombia,Otras ciudades,Bronce,True,False,True,2,1,643.0,19,7,6,False
32620,Colombia,Santa Marta,Oro,True,False,False,33,23,10900.0,6,8,8,False
32621,México,—,Plata,True,False,True,19,14,6904.0,22,3,8,True
32622,Perú,—,Bronce,False,False,False,1,0,0.0,8,5,8,True
32623,México,—,Bronce,False,False,True,5,4,2410.0,9,3,10,True
32624,Colombia,Medellín,Plata,False,False,True,17,11,4510.0,10,5,10,True
32625,Ecuador,—,Bronce,False,False,False,0,0,0.0,1,3,10,True
32626,Perú,—,Bronce,True,True,False,1,0,0.0,4,1,7,True
32627,Colombia,Ibagué,Bronce,True,False,True,1,0,0.0,71,13,7,False
32628,Colombia,Armenia,Bronce,True,False,True,0,0,0.0,24,6,10,True
32629,México,—,Bronce,False,False,True,2,1,447.0,79,3,10,True
32630,Colombia,Medellín,Bronce,True,False,True,2,1,427.0,23,5,8,True
32631,Ecuador,—,Plata,False,True,True,9,5,2374.0,43,2,9,True
32632,México,—,Bronce,False,False,True,1,0,0.0,65,12,10,False
32633,Colombia,Bogotá D.C.,Bronce,True,True,True,3,2,877.0,67,1,6,True
32634,México,—,Bronce,False,False,False,2,1,538.0,23,4,5,True
32635,Perú,—,Bronce,False,False,True,0,0,0.0,4,11,7,False
32636,México,—,Bronce,False,False,True,0,0,0.0,4,8,5,False
32637,Colombia,Ibagué,Bronce,False,False,True,1,0,0.0,11,3,6,True
32638,Colombia,Bogotá D.C.,Bronce,False,True,True,5,4,2138.0,23,4,6,True
32639,Colombia,Cúcuta,Bronce,False,True,True,1,0,0.0,29,22,7,False
32640,México,—,Bronce,False,False,True,0,0,0.0,55,0,7,True
32641,Colombia,Bogotá D.C.,Bronce,True,False,True,2,1,461.0,14,0,3,True
32642,Colombia,Medellín,Bronce,False,False,True,0,0,0.0,35,4,8,True
32643,México,—,Bronce,True,False,True,0,0,0.0,13,4,10,True
32644,Colombia,Medellín,Bronce,False,True,True,0,0,0.0,7,3,7,True
32645,México,—,Bronce,False,True,False,0,0,0.0,30,9,7,False
32646,Colombia,Barranquilla,Bronce,False,False,True,0,0,0.0,8,1,9,True
32647,Colombia,Cali,Bronce,False,True,False,4,2,979.0,29,1,10,True
32648,Perú,—,Bronce,False,False,True,1,0,0.0,22,4,9,True
32649,Colombia,Bogotá D.C.,Bronce,False,True,False,0,0,0.0,124,3,9,True
32650,Colombia,Pereira,Bronce,False,False,True,4,3,1710.0,33,4,9,True
32651,Colombia,Bucaramanga,Oro,False,False,True,26,17,7219.0,21,12,4,False
32652,Perú,—,Bronce,False,False,True,0,0,0.0,45,2,10,True
32653,Colombia,Otras ciudades,Bronce,True,True,True,3,2,822.0,28,11,7,False
32654,Colombia,Ibagué,Bronce,False,True,True,1,0,0.0,15,7,8,False
32655,Colombia,Medellín,Oro,False,False,True,38,33,16138.0,76,1,9,True
32656,Colombia,Villavicencio,Bronce,False,False,True,0,0,0.0,23,7,9,False
32657,México,—,Plata,False,False,True,11,9,4103.0,39,12,9,False
32658,México,—,Bronce,False,True,True,1,0,0.0,37,2,5,True
32659,Colombia,Bogotá D.C.,Bronce,False,True,True,3,2,1050.0,20,11,8,False
32660,Colombia,Bogotá D.C.,Plata,True,False,False,10,8,3336.0,38,20,8,False
32661,Colombia,Cartagena,Bronce,False,True,True,0,0,0.0,42,7,10,False
32662,Colombia,Bogotá D.C.,Bronce,True,False,False,0,0,0.0,22,5,6,True
32663,Colombia,Cali,Bronce,False,False,True,1,0,0.0,27,0,6,True
32664,Colombia,Bogotá D.C.,Bronce,True,True,True,3,2,1107.0,15,13,8,False
32665,México,—,Oro,True,False,True,41,36,18091.0,28,4,6,True
32666,Perú,—,Bronce,True,True,True,0,0,0.0,28,9,6,False
32667,Colombia,Pereira,Bronce,False,False,True,0,0,0.0,16,2,10,True
32668,Colombia,Bogotá D.C.,Bronce,False,False,True,4,3,1097.0,16,7,6,False
32669,Colombia,Bogotá D.C.,Bronce,True,False,False,2,1,646.0,5,2,10,True
32670,Colombia,Medellín,Bronce,False,True,False,4,3,949.0,43,1,8,True
32671,Colombia,Cali,Bronce,False,True,False,0,0,0.0,8,9,10,False
32672,Colombia,Montería,Bronce,False,True,True,0,0,0.0,25,7,6,False
32673,Colombia,Bogotá D.C.,Bronce,False,False,True,5,3,1714.0,9,3,4,True
32674,Colombia,Ibagué,Plata,False,False,False,8,5,2904.0,46,1,5,True
32675,México,—,Bronce,False,False,True,2,1,371.0,44,5,6,True
32676,Colombia,Cali,Bronce,False,True,False,1,0,0.0,55,3,10,True
32677,Colombia,Bogotá D.C.,Bronce,False,False,False,1,0,0.0,11,4,10,True
32678,Perú,—,Oro,False,False,True,29,23,9053.0,31,4,4,True
32679,Colombia,Cali,Bronce,True,False,True,4,3,1118.0,59,8,8,False
32680,Uruguay,—,Bronce,False,True,True,1,0,0.0,10,12,8,False
32681,Colombia,Barranquilla,Bronce,False,False,True,5,4,1830.0,18,10,7,False
32682,Colombia,Bogotá D.C.,Bronce,False,True,True,0,0,0.0,66,2,8,True
32683,Colombia,Bogotá D.C.,Bronce,True,True,True,1,0,0.0,9,12,5,False
32684,Perú,—,Bronce,False,False,True,1,0,0.0,29,36,4,False
32685,Colombia,Cúcuta,Bronce,True,False,True,0,0,0.0,11,4,6,True
32686,México,—,Bronce,False,True,True,2,1,309.0,32,2,7,True
32687,Uruguay,—,Bronce,True,True,False,0,0,0.0,1,11,10,False
32688,México,—,Bronce,False,True,False,0,0,0.0,54,3,5,True
32689,Ecuador,—,Bronce,True,False,True,7,5,3369.0,13,2,8,True
32690,Ecuador,—,Bronce,False,True,True,0,0,0.0,33,13,6,False
32691,Ecuador,—,Bronce,True,True,True,0,0,0.0,40,10,10,False
32692,Perú,—,Bronce,False,False,True,7,4,2308.0,61,9,5,False
32693,Perú,—,Bronce,True,False,True,4,3,1262.0,32,3,7,True
32694,Colombia,Medellín,Plata,False,True,True,12,10,6714.0,63,15,7,False
32695,Colombia,Cartagena,Bronce,False,False,True,6,4,1430.0,8,9,10,False
32696,Colombia,Neiva,Bronce,False,False,True,0,0,0.0,16,0,8,True
32697,Chile,—,Bronce,False,False,True,6,4,1713.0,6,2,7,True
32698,Colombia,Otras ciudades,Plata,True,False,True,11,8,4926.0,32,1,8,True
32699,Colombia,Pereira,Bronce,True,True,True,0,0,0.0,21,7,9,False
32700,Colombia,Cúcuta,Plata,True,False,False,8,7,3617.0,41,8,9,False
32701,México,—,Bronce,True,False,True,1,0,0.0,11,8,4,False
32702,México,—,Bronce,True,True,True,0,0,0.0,13,8,9,False
32703,Colombia,Cali,Bronce,True,False,True,3,2,802.0,104,2,10,True
32704,Colombia,Medellín,Bronce,True,False,True,5,3,1746.0,43,13,5,False
32705,Colombia,Medellín,Bronce,False,True,True,0,0,0.0,58,15,8,False
32706,Colombia,Bogotá D.C.,Oro,False,False,False,35,31,21575.0,30,1,6,True
32707,Colombia,Bogotá D.C.,Plata,True,True,True,9,8,2878.0,18,8,9,False
32708,Ecuador,—,Plata,True,False,True,13,7,2861.0,38,6,8,True
32709,Colombia,Cali,Bronce,False,True,True,2,1,522.0,21,1,7,True
32710,Colombia,Medellín,Platino,False,True,False,178,156,76410.0,49,1,8,True
32711,Chile,—,Bronce,True,False,False,5,4,2169.0,26,6,8,True
32712,Colombia,Bogotá D.C.,Bronce,True,False,True,1,0,0.0,36,9,8,False
32713,Colombia,Manizales,Bronce,False,False,True,1,0,0.0,42,6,5,True
32714,México,—,Bronce,False,True,True,0,0,0.0,33,5,8,True
32715,Colombia,Bogotá D.C.,Bronce,False,False,True,1,0,0.0,41,4,3,True
32716,México,—,Bronce,True,True,True,4,3,1254.0,9,6,8,True
32717,Colombia,Bogotá D.C.,Bronce,True,True,False,3,2,750.0,30,6,10,True
32718,Colombia,Cali,Bronce,False,False,True,0,0,0.0,7,2,5,True
32719,Colombia,Bucaramanga,Plata,True,False,True,11,6,2131.0,16,3,7,True
32720,Colombia,Barranquilla,Bronce,False,False,True,3,1,405.0,4,5,7,True
32721,Colombia,Sincelejo,Bronce,False,False,True,1,0,0.0,5,4,7,True
32722,México,—,Plata,True,False,True,13,8,4782.0,8,2,5,True
32723,Colombia,Bogotá D.C.,Bronce,True,True,True,1,0,0.0,74,11,8,False
32724,Ecuador,—,Bronce,False,False,True,1,0,0.0,34,5,8,True
32725,Colombia,Neiva,Bronce,False,False,True,1,0,0.0,23,10,10,False
32726,México,—,Bronce,False,False,True,1,0,0.0,64,1,10,True
32727,Uruguay,—,Bronce,True,False,True,1,0,0.0,50,2,6,True
32728,Colombia,Bogotá D.C.,Plata,False,True,True,8,6,2960.0,11,5,7,True
32729,Colombia,Otras ciudades,Bronce,False,False,False,0,0,0.0,30,0,10,True
32730,Uruguay,—,Bronce,True,False,True,4,2,1013.0,44,1,4,True
32731,México,—,Bronce,False,False,True,4,3,1673.0,23,0,8,True
32732,Colombia,Bogotá D.C.,Oro,False,False,True,35,21,8086.0,2,27,6,False
32733,Ecuador,—,Bronce,True,False,True,0,0,0.0,91,11,4,False
32734,Colombia,Bogotá D.C.,Plata,False,True,True,17,10,4514.0,124,0,4,True
32735,Perú,—,Bronce,False,True,True,0,0,0.0,19,8,7,False
32736,Colombia,Bucaramanga,Bronce,False,True,True,1,0,0.0,62,6,7,True
32737,Colombia,Bucaramanga,Bronce,False,False,True,3,2,1156.0,18,1,10,True
32738,Colombia,Bogotá D.C.,Bronce,True,False,True,4,3,1384.0,13,2,5,True
32739,Colombia,Bogotá D.C.,Bronce,False,True,False,2,1,386.0,68,3,6,True
32740,Uruguay,—,Oro,False,False,True,44,30,11866.0,24,10,8,False
32741,Uruguay,—,Bronce,False,False,True,4,2,1347.0,6,14,7,False
32742,México,—,Bronce,False,True,True,4,2,1066.0,13,4,6,True
32743,Colombia,Bogotá D.C.,Bronce,False,False,False,0,0,0.0,61,1,7,True
32744,Colombia,Montería,Bronce,False,True,False,1,0,0.0,11,6,10,True
32745,México,—,Plata,True,True,True,10,6,3087.0,33,14,7,False
32746,Colombia,Bogotá D.C.,Bronce,False,False,True,0,0,0.0,54,11,4,False
32747,Colombia,Bogotá D.C.,Bronce,False,False,False,3,2,788.0,16,5,9,True
32748,Colombia,Otras ciudades,Bronce,True,False,True,0,0,0.0,43,2,7,True
32749,Colombia,Otras ciudades,Bronce,True,True,True,7,5,2084.0,55,2,8,True
32750,Ecuador,—,Bronce,False,False,True,5,3,1738.0,25,12,10,False
32751,Colombia,Medellín,Bronce,True,True,True,0,0,0.0,41,1,8,True
32752,Colombia,Pasto,Bronce,False,False,True,4,3,1800.0,8,2,10,True
32753,Colombia,Bogotá D.C.,Bronce,True,False,True,0,0,0.0,18,7,6,False
32754,Colombia,Cali,Bronce,False,False,True,7,5,1725.0,22,0,7,True
32755,Colombia,Bogotá D.C.,Plata,False,False,True,8,7,4365.0,5,5,5,True
32756,Colombia,Bogotá D.C.,Bronce,False,False,True,6,3,1840.0,6,1,9,True
32757,Perú,—,Bronce,True,False,True,2,1,492.0,30,4,8,True
32758,Colombia,Bogotá D.C.,Bronce,True,False,True,5,4,1580.0,36,2,8,True
32759,Uruguay,—,Bronce,False,True,False,1,0,0.0,44,17,6,False
32760,Colombia,Bogotá D.C.,Bronce,True,True,False,3,1,545.0,6,3,6,True
32761,Colombia,Bogotá D.C.,Bronce,False,False,True,0,0,0.0,44,7,7,False
32762,Perú,—,Bronce,False,False,True,0,0,0.0,35,15,8,False
32763,Colombia,Bogotá D.C.,Plata,False,False,True,9,6,3400.0,25,5,8,True
32764,México,—,Plata,True,False,True,24,16,7966.0,13,7,9,False
32765,México,—,Bronce,False,False,True,3,2,1379.0,45,2,9,True
32766,Colombia,Otras ciudades,Bronce,False,False,True,6,3,1078.0,35,4,5,True
32767,Perú,—,Bronce,True,False,False,3,1,536.0,31,3,6,True
32768,Colombia,Medellín,Bronce,False,True,True,2,1,386.0,13,4,10,True
32769,Colombia,Bucaramanga,Bronce,False,False,True,2,1,368.0,46,3,8,True
32770,Colombia,Bogotá D.C.,Bronce,False,True,False,2,1,444.0,32,2,9,True
32771,México,—,Oro,False,False,True,25,18,10942.0,29,3,8,True
32772,Colombia,Otras ciudades,Bronce,True,True,True,3,2,1236.0,38,6,9,True
32773,Colombia,Manizales,Bronce,False,False,True,5,3,1977.0,43,5,10,True
32774,Colombia,Ibagué,Bronce,False,False,True,1,0,0.0,51,5,5,True
32775,Colombia,Bogotá D.C.,Plata,False,False,False,19,17,13356.0,37,2,7,True
32776,Colombia,Cúcuta,Bronce,False,False,True,5,4,2150.0,14,8,4,False
32777,México,—,Bronce,False,True,True,5,3,1793.0,7,8,9,False
32778,México,—,Bronce,True,True,True,2,1,569.0,38,4,6,True
32779,México,—,Bronce,True,True,True,0,0,0.0,8,3,6,True
32780,Colombia,Bogotá D.C.,Bronce,False,True,True,4,3,1953.0,52,7,7,False
32781,Colombia,Barranquilla,Bronce,True,False,True,0,0,0.0,6,4,6,True
32782,Colombia,Manizales,Bronce,False,True,True,3,2,1217.0,5,6,7,True
32783,Ecuador,—,Bronce,False,False,True,4,3,1749.0,32,15,8,False
32784,Colombia,Medellín,Bronce,False,False,True,5,3,1626.0,29,3,7,True
32785,México,—,Bronce,False,False,True,0,0,0.0,37,2,10,True
32786,Colombia,Medellín,Plata,True,False,True,8,5,2766.0,77,12,7,False
32787,Colombia,Cali,Platino,True,True,True,96,87,37843.0,13,5,9,True
32788,Colombia,Ibagué,Bronce,False,False,True,0,0,0.0,31,13,9,False
32789,Colombia,Barranquilla,Bronce,False,False,True,1,0,0.0,9,4,6,True
32790,Colombia,Cali,Bronce,True,False,True,6,5,2170.0,16,8,10,False
32791,México,—,Bronce,False,False,False,3,2,582.0,1,13,4,False
32792,Ecuador,—,Plata,False,False,True,11,9,2863.0,6,9,10,False
32793,Colombia,Bogotá D.C.,Bronce,True,False,True,5,2,885.0,14,13,7,False
32794,Ecuador,—,Bronce,False,False,False,4,2,887.0,14,2,2,True
32795,Colombia,Armenia,Plata,True,False,True,17,13,7883.0,7,12,8,False
32796,Colombia,Bogotá D.C.,Bronce,False,False,True,0,0,0.0,20,3,2,True
32797,Colombia,Bogotá D.C.,Bronce,True,True,True,6,5,2305.0,44,10,10,False
32798,México,—,Bronce,False,False,True,0,0,0.0,33,23,3,False
32799,Colombia,Cartagena,Bronce,False,True,False,1,0,0.0,38,3,9,True
32800,México,—,Bronce,True,True,False,1,0,0.0,8,6,9,True
32801,Colombia,Bogotá D.C.,Plata,False,False,True,8,7,2769.0,29,4,8,True
32802,Colombia,Pereira,Bronce,False,False,True,2,1,507.0,7,12,3,False
32803,Colombia,Bogotá D.C.,Bronce,False,False,True,7,4,2105.0,31,9,7,False
32804,Uruguay,—,Bronce,False,False,True,3,2,962.0,13,2,7,True
32805,Chile,—,Plata,True,False,True,8,6,3318.0,22,0,3,True
32806,Colombia,Medellín,Bronce,False,False,True,4,2,614.0,25,15,8,False
32807,Colombia,Bogotá D.C.,Plata,False,False,True,21,19,11049.0,40,5,8,True
32808,Ecuador,—,Bronce,False,False,True,0,0,0.0,26,5,8,True
32809,Colombia,Popayán,Bronce,True,True,True,7,6,2365.0,13,5,5,True
32810,Colombia,Bucaramanga,Bronce,False,False,True,0,0,0.0,8,6,10,True
32811,Colombia,Bogotá D.C.,Bronce,False,False,True,0,0,0.0,46,6,10,True
32812,Colombia,Bogotá D.C.,Bronce,False,False,True,0,0,0.0,28,7,9,False
32813,Colombia,Bogotá D.C.,Plata,False,False,True,11,6,3512.0,31,4,7,True
32814,Colombia,Ibagué,Bronce,True,False,True,1,0,0.0,50,3,7,True
32815,Colombia,Bogotá D.C.,Bronce,True,False,True,0,0,0.0,35,4,5,True
32816,Colombia,Bucaramanga,Bronce,True,False,True,3,2,1118.0,6,6,6,True
32817,Colombia,Pasto,Bronce,False,False,True,0,0,0.0,13,0,4,True
32818,México,—,Bronce,False,True,True,2,1,522.0,52,3,9,True
32819,México,—,Bronce,False,False,False,3,2,536.0,22,0,8,True
32820,Colombia,Bogotá D.C.,Plata,False,False,True,14,10,4932.0,11,11,6,False
32821,México,—,Bronce,False,True,True,3,2,1021.0,22,10,5,False
32822,Colombia,Bogotá D.C.,Bronce,False,True,True,3,2,810.0,18,5,6,True
32823,Colombia,Pereira,Bronce,False,False,True,2,1,538.0,21,3,9,True
32824,Chile,—,Bronce,False,False,True,2,1,678.0,27,8,9,False
32825,Colombia,Otras ciudades,Plata,False,False,True,8,5,2184.0,20,3,10,True
32826,Uruguay,—,Bronce,False,False,True,0,0,0.0,38,7,6,False
32827,Colombia,Cali,Bronce,True,False,True,1,0,0.0,17,6,10,True
32828,Colombia,Otras ciudades,Plata,False,False,True,12,9,4311.0,40,19,7,False
32829,México,—,Bronce,False,False,True,1,0,0.0,8,6,8,True
32830,Colombia,Bogotá D.C.,Plata,False,True,False,8,6,2765.0,32,8,8,False
32831,Colombia,Bogotá D.C.,Bronce,False,True,True,2,1,472.0,25,2,9,True
32832,México,—,Bronce,True,True,False,2,1,439.0,5,4,7,True
32833,Colombia,Pasto,Bronce,False,False,True,5,4,2026.0,49,1,6,True
32834,Colombia,Armenia,Plata,True,True,True,14,12,8141.0,4,1,6,True
32835,Colombia,Villavicencio,Bronce,True,False,True,2,1,358.0,49,5,7,True
32836,Colombia,Medellín,Bronce,False,True,True,0,0,0.0,10,18,10,False
32837,Colombia,Medellín,Bronce,False,False,True,0,0,0.0,8,2,9,True
32838,Colombia,Bogotá D.C.,Bronce,True,False,True,2,1,448.0,19,10,10,False
32839,Colombia,Bogotá D.C.,Bronce,False,False,True,1,0,0.0,20,14,8,False
32840,Colombia,Otras ciudades,Bronce,False,False,True,2,1,402.0,9,15,9,False
32841,Colombia,Bogotá D.C.,Bronce,False,True,True,1,0,0.0,5,7,7,False
32842,Colombia,Cali,Bronce,True,True,True,3,2,610.0,55,7,8,False
32843,México,—,Bronce,True,False,True,1,0,0.0,9,0,7,True
32844,Colombia,Neiva,Platino,True,False,True,79,52,31006.0,24,10,4,False
32845,Colombia,Barranquilla,Bronce,True,False,True,0,0,0.0,7,4,7,True
32846,México,—,Bronce,False,False,True,1,0,0.0,50,6,9,True
32847,Uruguay,—,Bronce,True,False,True,6,4,1497.0,7,3,9,True
32848,Colombia,Pereira,Bronce,True,False,True,1,0,0.0,66,5,7,True
32849,Colombia,Cali,Plata,False,True,True,10,9,5125.0,31,5,8,True
32850,Colombia,Bogotá D.C.,Bronce,True,False,True,0,0,0.0,46,16,5,False
32851,Colombia,Bogotá D.C.,Bronce,True,False,True,4,2,697.0,4,0,8,True
32852,Colombia,Cúcuta,Bronce,True,False,True,2,1,617.0,58,0,5,True
32853,Chile,—,Bronce,True,False,True,3,2,819.0,94,9,10,False
32854,Colombia,Popayán,Bronce,True,True,True,2,1,562.0,27,9,7,False
32855,Colombia,Barranquilla,Oro,True,False,True,54,38,14499.0,24,1,10,True
32856,Colombia,Bucaramanga,Bronce,True,True,True,1,0,0.0,29,3,9,True
32857,Uruguay,—,Bronce,True,True,True,0,0,0.0,47,21,8,False
32858,Ecuador,—,Bronce,True,False,True,3,2,1218.0,3,5,4,True
32859,Uruguay,—,Bronce,False,False,True,5,3,1584.0,16,1,9,True
32860,Colombia,Ibagué,Bronce,True,False,True,0,0,0.0,31,2,7,True
32861,Ecuador,—,Plata,False,False,True,22,17,9070.0,18,7,4,False
32862,México,—,Bronce,False,False,False,6,3,1781.0,71,6,9,True
32863,Colombia,Bogotá D.C.,Bronce,True,False,True,1,0,0.0,19,6,4,True
32864,Colombia,Otras ciudades,Bronce,False,True,True,0,0,0.0,11,4,5,True
32865,Colombia,Manizales,Plata,False,False,True,13,12,4346.0,43,10,9,False
32866,Colombia,Ibagué,Bronce,True,False,True,1,0,0.0,39,16,7,False
32867,México,—,Bronce,True,True,True,5,3,1405.0,21,1,6,True
32868,Colombia,Bogotá D.C.,Bronce,True,False,True,6,4,2327.0,35,6,6,True
32869,México,—,Bronce,False,True,True,2,1,569.0,48,20,4,False
32870,Colombia,Bogotá D.C.,Plata,True,True,True,19,14,5619.0,15,1,8,True
32871,Colombia,Barranquilla,Bronce,False,True,True,1,0,0.0,27,3,8,True
32872,Uruguay,—,Plata,True,True,True,10,8,2453.0,31,3,8,True
32873,Colombia,Bogotá D.C.,Bronce,True,False,True,0,0,0.0,28,9,7,False
32874,Colombia,Cali,Bronce,False,False,True,3,1,472.0,9,4,7,True
32875,Colombia,Barranquilla,Platino,False,False,True,113,89,54502.0,18,5,5,True
32876,Colombia,Cúcuta,Bronce,False,False,False,2,1,611.0,10,7,7,False
32877,México,—,Bronce,False,False,False,0,0,0.0,47,2,10,True
32878,Ecuador,—,Bronce,False,False,True,0,0,0.0,8,1,9,True
32879,Colombia,Bogotá D.C.,Bronce,False,False,True,1,0,0.0,11,6,8,True
32880,Colombia,Cali,Plata,True,False,True,11,8,2846.0,34,3,7,True
32881,México,—,Bronce,False,False,True,4,2,879.0,9,6,8,True
32882,Colombia,Bogotá D.C.,Bronce,False,False,True,0,0,0.0,6,1,6,True
32883,Colombia,Medellín,Bronce,False,False,True,6,3,722.0,32,11,4,False
32884,Colombia,Bogotá D.C.,Bronce,True,False,True,5,4,2993.0,26,7,7,False
32885,México,—,Plata,True,False,True,8,6,3436.0,8,11,2,False
32886,México,—,Bronce,False,False,True,3,2,819.0,22,11,8,False
32887,Colombia,Villavicencio,Bronce,False,False,True,0,0,0.0,13,8,10,False
32888,Perú,—,Bronce,False,False,True,0,0,0.0,8,4,5,True
32889,Colombia,Medellín,Plata,False,True,True,8,5,3418.0,48,6,7,True
32890,Ecuador,—,Oro,True,False,False,32,25,13158.0,1,4,10,True
32891,Colombia,Bogotá D.C.,Bronce,False,False,True,0,0,0.0,6,3,8,True
32892,Colombia,Cúcuta,Bronce,False,False,True,0,0,0.0,18,1,8,True
32893,Colombia,Popayán,Bronce,True,True,True,1,0,0.0,37,11,10,False
32894,México,—,Bronce,True,False,True,4,2,956.0,21,2,10,True
32895,Ecuador,—,Bronce,False,False,True,2,1,601.0,11,11,8,False
32896,Colombia,Montería,Bronce,False,True,True,2,1,509.0,43,12,6,False
32897,Colombia,Cali,Bronce,False,False,True,1,0,0.0,20,8,9,False
32898,Perú,—,Bronce,False,False,True,2,1,543.0,27,3,3,True
32899,Colombia,Neiva,Bronce,False,True,True,1,0,0.0,1,4,10,True
32900,Colombia,Bogotá D.C.,Bronce,False,True,True,0,0,0.0,10,10,10,False
32901,México,—,Bronce,True,True,False,7,5,2236.0,13,7,8,False
32902,Chile,—,Bronce,False,False,False,2,1,464.0,38,20,7,False
32903,Colombia,Bogotá D.C.,Bronce,False,False,False,3,1,345.0,35,10,8,False
32904,Colombia,Medellín,Platino,False,False,False,299,209,109240.0,19,11,6,False
32905,México,—,Bronce,False,False,True,0,0,0.0,46,7,7,False
32906,Colombia,Medellín,Bronce,True,False,True,1,0,0.0,33,6,5,True
32907,México,—,Bronce,False,False,True,1,0,0.0,16,2,9,True
32908,Colombia,Bogotá D.C.,Bronce,False,False,True,0,0,0.0,39,7,8,False
32909,México,—,Bronce,False,True,True,0,0,0.0,32,2,8,True
32910,Colombia,Bogotá D.C.,Bronce,True,False,False,0,0,0.0,46,10,10,False
32911,Colombia,Neiva,Bronce,True,True,True,4,3,1485.0,33,3,6,True
32912,Perú,—,Bronce,True,True,False,2,1,330.0,41,0,5,True
32913,Colombia,Valledupar,Bronce,True,False,True,3,1,436.0,35,2,8,True
32914,Colombia,Cartagena,Bronce,True,False,True,1,0,0.0,21,1,7,True
32915,Chile,—,Plata,True,False,True,14,11,5747.0,5,9,10,False
32916,México,—,Bronce,False,True,False,1,0,0.0,36,5,7,True
32917,Colombia,Otras ciudades,Bronce,False,False,True,2,1,371.0,10,2,9,True
32918,Colombia,Cali,Bronce,False,False,True,0,0,0.0,21,2,7,True
32919,Colombia,Barranquilla,Bronce,True,False,False,6,4,1700.0,95,12,9,False
32920,México,—,Bronce,False,True,False,2,1,568.0,40,11,9,False
32921,Colombia,Bogotá D.C.,Bronce,False,False,True,0,0,0.0,28,0,5,True
32922,Colombia,Cartagena,Bronce,False,False,False,7,6,3077.0,45,5,4,True
32923,Colombia,Otras ciudades,Bronce,False,False,True,0,0,0.0,17,24,8,False
32924,Colombia,Medellín,Bronce,True,True,False,0,0,0.0,7,9,8,False
32925,Colombia,Santa Marta,Bronce,True,False,True,0,0,0.0,59,9,4,False
32926,Colombia,Bogotá D.C.,Bronce,True,False,True,5,3,958.0,21,7,6,False
32927,Colombia,Bucaramanga,Bronce,False,True,True,0,0,0.0,4,11,9,False
32928,Ecuador,—,Bronce,False,False,False,0,0,0.0,48,4,9,True
32929,México,—,Bronce,False,True,True,5,3,1278.0,10,18,7,False
32930,Ecuador,—,Bronce,True,False,True,0,0,0.0,15,0,5,True
32931,Colombia,Villavicencio,Bronce,True,True,True,7,4,1659.0,45,2,5,True
32932,Colombia,Bogotá D.C.,Bronce,False,True,False,2,1,539.0,62,14,8,False
32933,Colombia,Pasto,Bronce,False,False,True,1,0,0.0,30,2,5,True
32934,México,—,Bronce,True,False,True,2,1,697.0,24,3,8,True
32935,Colombia,Santa Marta,Plata,False,False,True,8,7,2547.0,5,11,6,False
32936,Colombia,Sincelejo,Bronce,False,False,True,1,0,0.0,66,7,5,False
32937,Colombia,Medellín,Bronce,True,False,True,6,4,2624.0,6,6,5,True
32938,Colombia,Neiva,Bronce,True,False,False,2,1,446.0,52,20,4,False
32939,Colombia,Cúcuta,Bronce,False,True,True,0,0,0.0,11,1,10,True
32940,Colombia,Otras ciudades,Bronce,True,False,True,1,0,0.0,65,11,6,False
32941,Colombia,Medellín,Bronce,False,True,True,6,4,1499.0,8,2,4,True
32942,Colombia,Bogotá D.C.,Bronce,False,False,True,0,0,0.0,14,6,6,True
32943,Colombia,Medellín,Bronce,False,False,True,5,3,1361.0,7,7,6,False
32944,Colombia,Bogotá D.C.,Bronce,True,True,True,2,1,412.0,10,4,4,True
32945,Colombia,Bogotá D.C.,Bronce,False,False,True,0,0,0.0,20,16,6,False
32946,Colombia,Barranquilla,Bronce,True,False,True,0,0,0.0,3,16,9,False
32947,Ecuador,—,Bronce,False,True,True,3,2,1049.0,23,4,7,True
32948,Colombia,Medellín,Bronce,True,True,True,3,2,1320.0,20,9,7,False
32949,Colombia,Cali,Bronce,True,False,True,6,4,1969.0,25,24,9,False
32950,Colombia,Medellín,Bronce,True,False,True,1,0,0.0,23,1,10,True
32951,Colombia,Otras ciudades,Bronce,True,True,True,0,0,0.0,58,16,5,False
32952,México,—,Plata,False,False,True,11,7,3209.0,26,16,7,False
32953,México,—,Bronce,False,False,True,2,1,582.0,58,4,3,True
32954,Perú,—,Oro,True,False,True,26,22,10119.0,89,2,10,True
32955,Colombia,Bogotá D.C.,Oro,False,False,True,35,25,13386.0,24,5,8,True
32956,México,—,Bronce,False,True,True,4,3,1560.0,28,0,9,True
32957,Colombia,Medellín,Bronce,False,True,True,2,1,450.0,34,2,9,True
32958,México,—,Bronce,False,False,True,1,0,0.0,20,10,6,False
32959,Perú,—,Bronce,False,False,True,1,0,0.0,5,5,7,True
32960,Ecuador,—,Bronce,False,False,True,1,0,0.0,50,4,5,True
32961,México,—,Bronce,True,True,True,0,0,0.0,12,1,5,True
32962,Uruguay,—,Bronce,True,False,False,1,0,0.0,4,13,4,False
32963,Colombia,Medellín,Bronce,False,False,True,2,1,449.0,13,4,5,True
32964,México,—,Bronce,True,False,True,0,0,0.0,20,5,10,True
32965,Colombia,Manizales,Bronce,False,True,True,0,0,0.0,9,3,10,True
32966,México,—,Bronce,True,False,True,1,0,0.0,65,1,10,True
32967,México,—,Bronce,False,True,True,0,0,0.0,23,8,10,False
32968,México,—,Bronce,True,False,True,2,1,610.0,1,8,10,False
32969,Colombia,Bogotá D.C.,Bronce,True,False,True,1,0,0.0,1,0,6,True
32970,Colombia,Medellín,Bronce,False,False,True,0,0,0.0,8,6,5,True
32971,Colombia,Pereira,Bronce,True,True,True,6,4,2274.0,32,5,8,True
32972,Colombia,Otras ciudades,Bronce,False,True,True,0,0,0.0,5,12,8,False
32973,México,—,Bronce,True,False,True,2,1,520.0,9,2,8,True
32974,Colombia,Cali,Plata,False,True,True,19,14,5260.0,40,0,10,True
32975,Colombia,Villavicencio,Bronce,True,False,True,0,0,0.0,14,4,7,True
32976,Colombia,Bogotá D.C.,Bronce,False,True,True,1,0,0.0,34,4,6,True
32977,Colombia,Neiva,Bronce,True,False,True,0,0,0.0,32,9,4,False
32978,Perú,—,Bronce,False,False,True,1,0,0.0,17,3,6,True
32979,Colombia,Barranquilla,Bronce,True,True,True,0,0,0.0,31,14,6,False
32980,Colombia,Cali,Bronce,False,False,True,0,0,0.0,34,15,8,False
32981,Perú,—,Bronce,True,False,True,2,1,353.0,38,2,7,True
32982,Colombia,Bogotá D.C.,Bronce,True,False,True,5,2,1215.0,1,6,9,True
32983,Colombia,Medellín,Platino,False,False,True,152,106,73987.0,36,6,4,True
32984,Colombia,Bogotá D.C.,Bronce,False,True,True,0,0,0.0,9,6,7,True
32985,Chile,—,Bronce,True,False,True,1,0,0.0,22,2,7,True
32986,Colombia,Medellín,Bronce,True,True,True,3,2,845.0,35,2,5,True
32987,México,—,Bronce,True,False,False,0,0,0.0,13,4,8,True
32988,Colombia,Medellín,Bronce,True,False,True,1,0,0.0,28,7,6,False
32989,México,—,Bronce,False,False,True,6,3,1467.0,11,2,6,True
32990,Colombia,Barranquilla,Bronce,False,False,True,2,1,585.0,43,4,10,True
32991,Ecuador,—,Bronce,False,False,False,4,3,1299.0,66,10,5,False
32992,Ecuador,—,Bronce,True,False,True,4,3,1861.0,35,2,8,True
32993,Colombia,Bogotá D.C.,Bronce,False,False,True,1,0,0.0,49,7,6,False
32994,México,—,Bronce,False,False,True,0,0,0.0,28,0,10,True
32995,Colombia,Barranquilla,Oro,False,False,True,43,25,8031.0,3,24,9,False
32996,México,—,Bronce,False,False,True,1,0,0.0,11,21,10,False
32997,Ecuador,—,Bronce,True,False,False,2,1,594.0,14,7,10,False
32998,Colombia,Neiva,Bronce,True,True,True,3,2,1018.0,32,3,9,True
32999,Colombia,Pasto,Plata,False,False,False,11,9,5701.0,11,6,9,True
33000,Colombia,Bucaramanga,Bronce,False,False,False,6,4,1716.0,9,0,8,True
33001,México,—,Bronce,False,True,False,2,1,560.0,37,2,10,True
33002,Colombia,Bogotá D.C.,Plata,False,False,True,11,10,4604.0,83,16,7,False
33003,Colombia,Villavicencio,Bronce,False,False,True,1,0,0.0,59,1,6,True
33004,Colombia,Medellín,Plata,False,True,True,23,15,11017.0,17,5,10,True
33005,Colombia,Villavicencio,Bronce,True,True,True,0,0,0.0,69,1,10,True
33006,México,—,Bronce,False,False,True,3,1,625.0,56,13,10,False
33007,México,—,Plata,True,True,False,16,14,7666.0,28,8,10,False
33008,Colombia,Bogotá D.C.,Bronce,False,False,True,7,6,2600.0,50,0,8,True
33009,Ecuador,—,Bronce,False,False,True,2,1,516.0,18,5,9,True
33010,Colombia,Pereira,Bronce,False,True,False,0,0,0.0,65,2,7,True
33011,Colombia,Bogotá D.C.,Bronce,True,False,True,1,0,0.0,33,3,5,True
33012,Colombia,Barranquilla,Bronce,False,False,False,0,0,0.0,44,4,3,True
33013,Colombia,Santa Marta,Plata,True,False,True,8,6,2620.0,17,10,10,False
33014,Colombia,Bucaramanga,Platino,False,True,True,158,114,63032.0,59,0,9,True
33015,Colombia,Bogotá D.C.,Bronce,False,True,True,2,1,538.0,21,7,4,False
33016,Colombia,Otras ciudades,Bronce,True,True,False,1,0,0.0,43,11,7,False
33017,Colombia,Bogotá D.C.,Plata,True,False,True,14,10,3491.0,40,5,9,True
33018,Colombia,Otras ciudades,Bronce,False,True,False,1,0,0.0,31,3,7,True
33019,Perú,—,Bronce,False,True,True,2,1,561.0,65,7,8,False
33020,Colombia,Armenia,Bronce,False,False,True,0,0,0.0,44,1,4,True
33021,Colombia,Barranquilla,Plata,True,True,True,14,12,8189.0,69,2,8,True
33022,Colombia,Bogotá D.C.,Bronce,True,False,True,2,1,594.0,9,5,5,True
33023,Chile,—,Platino,True,False,True,62,43,16763.0,50,4,7,True
33024,Colombia,Manizales,Bronce,True,False,True,0,0,0.0,45,4,9,True
33025,Perú,—,Bronce,False,False,True,3,1,343.0,28,6,7,True
33026,Colombia,Medellín,Plata,False,False,True,17,13,7949.0,5,1,7,True
33027,Colombia,Bucaramanga,Bronce,False,False,True,0,0,0.0,26,8,9,False
33028,Ecuador,—,Bronce,True,False,False,1,0,0.0,18,2,7,True
33029,Perú,—,Bronce,False,False,True,1,0,0.0,46,7,6,False
33030,Colombia,Bogotá D.C.,Bronce,True,False,True,2,1,599.0,20,7,7,False
33031,México,—,Bronce,False,False,True,1,0,0.0,4,2,6,True
33032,Colombia,Cali,Bronce,True,True,True,0,0,0.0,21,2,6,True
33033,México,—,Plata,True,False,True,12,8,3531.0,37,7,6,False
33034,Colombia,Bogotá D.C.,Bronce,True,True,True,0,0,0.0,5,7,4,False
33035,Colombia,Barranquilla,Bronce,True,True,True,4,3,1598.0,44,3,6,True
33036,Colombia,Bogotá D.C.,Bronce,False,True,True,0,0,0.0,36,6,7,True
33037,Colombia,Bogotá D.C.,Bronce,True,False,True,0,0,0.0,41,4,4,True
33038,Ecuador,—,Bronce,False,True,True,0,0,0.0,10,2,7,True
33039,Uruguay,—,Bronce,True,False,True,1,0,0.0,8,9,7,False
33040,Colombia,Bogotá D.C.,Bronce,True,False,True,5,3,1437.0,57,3,7,True
33041,Colombia,Bogotá D.C.,Bronce,False,False,True,0,0,0.0,41,0,7,True
33042,Colombia,Bogotá D.C.,Bronce,True,False,True,5,3,1534.0,13,14,9,False
33043,Colombia,Bogotá D.C.,Bronce,True,False,True,0,0,0.0,68,3,7,True
33044,Perú,—,Bronce,False,False,True,2,1,375.0,58,19,7,False
33045,Colombia,Medellín,Plata,False,True,True,15,9,3747.0,29,7,5,False
33046,Colombia,Medellín,Bronce,False,False,True,1,0,0.0,17,6,7,True
33047,Colombia,Montería,Bronce,False,False,True,0,0,0.0,17,3,5,True
33048,Colombia,Otras ciudades,Bronce,True,False,True,5,3,1423.0,76,0,8,True
33049,Uruguay,—,Bronce,True,False,False,6,4,1950.0,5,5,10,True
33050,Colombia,Bogotá D.C.,Bronce,True,True,True,5,4,2259.0,13,2,5,True
33051,Colombia,Otras ciudades,Bronce,False,False,False,3,2,1272.0,80,9,7,False
33052,Colombia,Villavicencio,Bronce,False,True,False,0,0,0.0,46,10,8,False
33053,Colombia,Medellín,Plata,True,False,True,18,15,6171.0,16,6,6,True
33054,Colombia,Bogotá D.C.,Bronce,False,True,True,0,0,0.0,12,3,8,True
33055,Colombia,Cali,Bronce,False,False,True,2,1,474.0,48,6,7,True
33056,Colombia,Bogotá D.C.,Bronce,False,True,True,6,4,1538.0,6,24,8,False
33057,México,—,Bronce,False,True,True,5,3,1957.0,8,7,7,False
33058,Colombia,Bogotá D.C.,Plata,False,False,False,8,6,2913.0,9,21,10,False
33059,Colombia,Bogotá D.C.,Bronce,False,False,True,0,0,0.0,5,2,10,True
33060,México,—,Bronce,False,True,True,0,0,0.0,22,12,7,False
33061,Colombia,Bogotá D.C.,Bronce,False,False,False,2,1,386.0,37,3,9,True
33062,Colombia,Manizales,Bronce,False,True,True,0,0,0.0,81,0,8,True
33063,Colombia,Otras ciudades,Bronce,False,False,True,2,1,542.0,39,1,6,True
33064,Uruguay,—,Plata,True,False,True,24,21,8293.0,12,0,4,True
33065,México,—,Plata,False,False,True,10,9,4935.0,6,7,10,False
33066,Colombia,Santa Marta,Bronce,True,False,True,4,2,520.0,23,6,8,True
33067,México,—,Plata,False,False,True,8,6,3152.0,31,1,7,True
33068,Perú,—,Bronce,True,False,True,1,0,0.0,35,7,9,False
33069,Colombia,Pereira,Bronce,False,True,True,1,0,0.0,21,1,7,True
33070,Colombia,Medellín,Bronce,True,False,True,0,0,0.0,6,11,7,False
33071,Colombia,Pereira,Bronce,False,True,False,0,0,0.0,67,7,7,False
33072,Colombia,Otras ciudades,Bronce,True,False,True,2,1,279.0,86,4,5,True
33073,Colombia,Bucaramanga,Bronce,False,False,True,1,0,0.0,27,7,7,False
33074,Colombia,Barranquilla,Bronce,False,False,True,0,0,0.0,93,7,6,False
33075,Colombia,Otras ciudades,Bronce,True,False,True,1,0,0.0,62,2,1,True
33076,Colombia,Pereira,Bronce,True,False,True,1,0,0.0,32,8,8,False
33077,Ecuador,—,Bronce,True,False,True,5,3,1408.0,17,1,8,True
33078,Colombia,Bogotá D.C.,Bronce,False,False,True,0,0,0.0,19,2,9,True
33079,Colombia,Barranquilla,Bronce,False,False,True,2,1,577.0,5,6,5,True
33080,Colombia,Bogotá D.C.,Bronce,False,True,True,1,0,0.0,42,3,10,True
33081,Ecuador,—,Bronce,True,False,False,0,0,0.0,49,8,7,False
33082,Colombia,Bogotá D.C.,Bronce,False,False,False,2,1,559.0,2,12,5,False
33083,Colombia,Bogotá D.C.,Plata,True,False,True,8,5,2145.0,40,11,10,False
33084,Colombia,Bogotá D.C.,Bronce,False,True,True,0,0,0.0,41,4,4,True
33085,Colombia,Cali,Bronce,False,False,True,0,0,0.0,23,16,10,False
33086,Colombia,Bogotá D.C.,Bronce,True,False,True,3,2,863.0,37,5,6,True
33087,Colombia,Bogotá D.C.,Bronce,False,True,False,0,0,0.0,32,10,9,False
33088,Colombia,Cúcuta,Platino,False,True,True,64,57,23605.0,7,6,5,True
33089,Colombia,Neiva,Bronce,False,False,True,0,0,0.0,80,4,7,True
33090,Uruguay,—,Bronce,False,True,True,3,2,1158.0,22,4,8,True
33091,Colombia,Valledupar,Bronce,False,False,True,0,0,0.0,7,8,6,False
33092,Colombia,Popayán,Bronce,False,False,True,0,0,0.0,17,4,9,True
33093,Colombia,Cali,Bronce,False,True,True,4,3,1521.0,14,2,5,True
33094,México,—,Plata,True,False,True,8,5,1599.0,22,10,10,False
33095,Colombia,Cartagena,Bronce,False,False,True,0,0,0.0,22,5,6,True
33096,México,—,Bronce,False,False,True,2,1,280.0,44,2,7,True
33097,Colombia,Cartagena,Bronce,True,False,True,2,1,572.0,43,8,2,False
33098,Perú,—,Bronce,True,False,False,5,3,1398.0,10,3,6,True
33099,Chile,—,Bronce,True,False,True,4,2,927.0,30,5,5,True
33100,Colombia,Cali,Bronce,False,False,True,0,0,0.0,59,4,9,True
33101,Colombia,Cali,Plata,False,True,False,8,5,2678.0,37,14,5,False
33102,Colombia,Medellín,Bronce,False,False,True,2,1,427.0,10,4,8,True
33103,Colombia,Santa Marta,Bronce,False,False,False,0,0,0.0,35,1,5,True
33104,Colombia,Otras ciudades,Bronce,False,True,True,3,2,751.0,87,4,10,True
33105,Colombia,Bogotá D.C.,Bronce,True,False,True,0,0,0.0,70,4,5,True
33106,Colombia,Otras ciudades,Bronce,True,True,True,0,0,0.0,15,0,2,True
33107,Colombia,Ibagué,Bronce,True,True,True,1,0,0.0,22,3,7,True
33108,Colombia,Bogotá D.C.,Bronce,False,False,False,1,0,0.0,6,23,5,False
33109,Colombia,Medellín,Bronce,True,False,True,0,0,0.0,20,1,3,True
33110,Colombia,Bogotá D.C.,Bronce,False,True,True,0,0,0.0,20,1,10,True
33111,México,—,Bronce,True,False,True,0,0,0.0,16,0,8,True
33112,Colombia,Pereira,Bronce,False,True,False,1,0,0.0,23,10,8,False
33113,Colombia,Otras ciudades,Plata,False,False,True,17,10,5106.0,24,3,9,True
33114,México,—,Bronce,False,False,True,3,1,449.0,22,8,5,False
33115,Ecuador,—,Bronce,False,False,True,4,2,730.0,10,0,7,True
33116,Colombia,Otras ciudades,Bronce,True,False,True,1,0,0.0,60,7,5,False
33117,México,—,Bronce,False,False,True,0,0,0.0,3,14,7,False
33118,Perú,—,Bronce,False,False,True,4,3,1698.0,6,4,7,True
33119,Colombia,Medellín,Bronce,True,True,True,1,0,0.0,8,3,5,True
33120,Colombia,Medellín,Plata,True,True,True,9,6,3231.0,23,8,4,False
33121,Colombia,Medellín,Bronce,False,True,True,2,1,483.0,5,13,8,False
33122,Colombia,Cartagena,Bronce,False,False,True,2,1,346.0,37,2,7,True
33123,Perú,—,Bronce,True,False,False,1,0,0.0,10,6,5,True
33124,Ecuador,—,Bronce,False,False,False,0,0,0.0,29,22,4,False
33125,Colombia,Popayán,Bronce,False,False,True,3,2,848.0,17,0,7,True
33126,México,—,Bronce,True,False,True,5,4,1356.0,33,13,9,False
33127,México,—,Plata,False,False,True,12,8,4356.0,39,15,2,False
33128,Colombia,Villavicencio,Bronce,False,False,False,4,2,1147.0,7,0,3,True
33129,Ecuador,—,Bronce,False,False,True,6,5,2546.0,5,4,7,True
33130,Colombia,Medellín,Bronce,False,False,True,1,0,0.0,24,6,4,True
33131,Colombia,Cali,Plata,True,True,True,22,15,7810.0,58,6,6,True
33132,Colombia,Medellín,Bronce,False,False,False,0,0,0.0,35,6,7,True
33133,Colombia,Cúcuta,Bronce,False,False,True,0,0,0.0,1,18,10,False
33134,Colombia,Medellín,Bronce,False,True,True,1,0,0.0,16,1,10,True
33135,Perú,—,Bronce,False,False,True,5,4,1175.0,30,10,7,False
33136,Colombia,Bogotá D.C.,Bronce,False,False,True,5,4,1466.0,30,17,10,False
33137,Colombia,Medellín,Bronce,False,True,False,0,0,0.0,21,0,10,True
33138,Colombia,Cúcuta,Bronce,False,False,True,1,0,0.0,37,4,8,True
33139,Colombia,Bogotá D.C.,Bronce,True,False,True,0,0,0.0,11,3,4,True
33140,Colombia,Montería,Bronce,False,False,True,0,0,0.0,42,1,9,True
33141,Colombia,Medellín,Oro,False,True,True,49,29,13417.0,31,6,10,True
33142,Ecuador,—,Bronce,False,True,True,0,0,0.0,29,10,3,False
33143,Colombia,Otras ciudades,Platino,True,True,True,67,40,24078.0,30,2,8,True
33144,Colombia,Bogotá D.C.,Bronce,True,False,False,0,0,0.0,16,1,2,True
33145,Uruguay,—,Bronce,False,False,False,1,0,0.0,10,1,9,True
33146,México,—,Bronce,True,False,True,1,0,0.0,7,8,5,False
33147,Colombia,Bogotá D.C.,Bronce,False,False,False,3,2,1067.0,41,1,9,True
33148,Uruguay,—,Bronce,False,False,True,0,0,0.0,13,4,9,True
33149,Ecuador,—,Bronce,True,False,False,0,0,0.0,13,12,7,False
33150,Colombia,Bogotá D.C.,Bronce,False,True,True,0,0,0.0,24,3,7,True
33151,Colombia,Medellín,Bronce,False,False,False,1,0,0.0,5,4,8,True
33152,Colombia,Medellín,Bronce,True,True,True,3,1,431.0,25,1,9,True
33153,Colombia,Barranquilla,Plata,False,False,True,23,17,5795.0,30,2,10,True
33154,Colombia,Ibagué,Bronce,False,True,True,3,2,1171.0,12,1,8,True
33155,Colombia,Bogotá D.C.,Plata,False,False,True,8,7,4346.0,12,3,8,True
33156,Colombia,Medellín,Bronce,False,True,True,2,1,453.0,55,3,10,True
33157,Uruguay,—,Bronce,False,False,False,3,2,762.0,7,4,6,True
33158,Uruguay,—,Bronce,True,False,False,0,0,0.0,9,11,7,False
33159,Colombia,Bogotá D.C.,Plata,False,False,True,9,7,3758.0,3,3,4,True
33160,Colombia,Cúcuta,Bronce,False,False,False,2,1,383.0,17,9,9,False
33161,Colombia,Manizales,Bronce,False,True,True,0,0,0.0,123,3,5,True
33162,Ecuador,—,Bronce,True,False,True,0,0,0.0,17,3,10,True
33163,Colombia,Barranquilla,Bronce,False,False,True,0,0,0.0,16,9,8,False
33164,Colombia,Bogotá D.C.,Platino,True,False,True,74,48,18131.0,30,6,3,True
33165,Colombia,Bogotá D.C.,Bronce,False,False,True,4,3,1833.0,95,7,7,False
33166,Colombia,Otras ciudades,Plata,False,True,True,16,12,7653.0,43,5,10,True
33167,México,—,Bronce,True,False,True,4,3,1516.0,38,3,9,True
33168,Chile,—,Bronce,False,False,True,1,0,0.0,49,0,6,True
33169,Colombia,Medellín,Bronce,False,False,False,1,0,0.0,2,5,7,True
33170,Colombia,Otras ciudades,Bronce,True,True,True,1,0,0.0,39,11,9,False
33171,Colombia,Bogotá D.C.,Bronce,True,False,True,1,0,0.0,37,21,7,False
33172,Colombia,Otras ciudades,Bronce,False,False,True,0,0,0.0,18,4,7,True
33173,Colombia,Bogotá D.C.,Bronce,True,True,True,2,1,688.0,28,2,7,True
33174,México,—,Plata,False,True,True,23,21,12033.0,47,2,2,True
33175,México,—,Plata,True,False,False,18,13,7783.0,12,4,10,True
33176,Colombia,Bogotá D.C.,Bronce,False,False,True,1,0,0.0,52,9,9,False
33177,México,—,Bronce,False,False,False,1,0,0.0,23,2,10,True
33178,Colombia,Bogotá D.C.,Bronce,True,True,True,0,0,0.0,6,3,10,True
33179,Colombia,Bogotá D.C.,Plata,False,False,True,9,6,2044.0,16,6,7,True
33180,México,—,Bronce,True,False,True,4,3,1337.0,75,19,6,False
33181,Uruguay,—,Bronce,True,False,True,0,0,0.0,2,9,7,False
33182,Colombia,Otras ciudades,Bronce,False,False,True,1,0,0.0,20,5,7,True
33183,Colombia,Cartagena,Bronce,False,True,False,3,2,734.0,30,16,8,False
33184,Uruguay,—,Bronce,True,False,False,4,3,1443.0,63,4,10,True
33185,Colombia,Medellín,Bronce,True,True,True,0,0,0.0,9,25,5,False
33186,Colombia,Bucaramanga,Bronce,True,False,False,1,0,0.0,46,3,5,True
33187,Colombia,Bogotá D.C.,Bronce,False,False,False,0,0,0.0,109,1,8,True
33188,Ecuador,—,Bronce,False,True,True,0,0,0.0,9,5,3,True
33189,Colombia,Bogotá D.C.,Bronce,False,False,False,0,0,0.0,25,6,10,True
33190,Colombia,Barranquilla,Plata,False,False,True,17,15,9722.0,25,1,8,True
33191,Colombia,Bucaramanga,Bronce,False,False,True,0,0,0.0,36,17,7,False
33192,Colombia,Bogotá D.C.,Bronce,True,False,False,2,1,451.0,9,7,7,False
33193,Colombia,Bogotá D.C.,Bronce,False,False,True,1,0,0.0,37,3,7,True
33194,Perú,—,Bronce,True,False,True,0,0,0.0,18,3,8,True
33195,Ecuador,—,Bronce,True,False,True,0,0,0.0,11,9,8,False
33196,Colombia,Cali,Plata,True,False,False,11,6,3052.0,7,0,8,True
33197,Colombia,Bogotá D.C.,Plata,False,False,False,9,6,2932.0,37,2,9,True
33198,México,—,Bronce,True,False,True,2,1,387.0,32,4,6,True
33199,Colombia,Bogotá D.C.,Bronce,True,False,False,5,3,1849.0,12,2,9,True
33200,Colombia,Bogotá D.C.,Bronce,True,True,True,2,1,457.0,12,1,7,True
33201,Colombia,Santa Marta,Bronce,False,True,False,4,3,1209.0,3,5,10,True
33202,Colombia,Cali,Bronce,True,False,True,0,0,0.0,1,9,7,False
33203,México,—,Bronce,True,False,True,0,0,0.0,39,4,5,True
33204,Colombia,Ibagué,Bronce,True,False,True,1,0,0.0,8,5,7,True
33205,Perú,—,Bronce,False,True,True,4,2,1158.0,46,0,10,True
33206,Colombia,Bogotá D.C.,Bronce,False,True,True,0,0,0.0,11,11,9,False
33207,Ecuador,—,Bronce,True,False,True,2,1,528.0,27,4,9,True
33208,México,—,Bronce,True,True,False,1,0,0.0,24,2,9,True
33209,México,—,Bronce,True,False,True,0,0,0.0,15,0,5,True
33210,Colombia,Bogotá D.C.,Bronce,True,False,True,0,0,0.0,28,5,5,True
33211,Ecuador,—,Bronce,True,False,True,0,0,0.0,25,0,6,True
33212,Colombia,Cartagena,Bronce,False,False,True,3,2,1308.0,13,3,7,True
33213,Uruguay,—,Bronce,False,False,True,2,1,328.0,10,7,9,False
33214,Ecuador,—,Plata,False,False,True,8,6,1938.0,23,21,8,False
33215,Colombia,Popayán,Oro,True,True,True,25,17,7676.0,12,8,10,False
33216,Ecuador,—,Plata,True,True,True,16,10,4812.0,10,17,10,False
33217,Ecuador,—,Bronce,False,False,True,0,0,0.0,30,1,10,True
33218,Colombia,Bogotá D.C.,Bronce,True,False,True,2,1,514.0,72,6,7,True
33219,Colombia,Bogotá D.C.,Bronce,False,False,False,0,0,0.0,25,3,9,True
33220,Colombia,Bogotá D.C.,Bronce,False,False,True,7,4,2113.0,16,8,7,False
33221,Colombia,Bogotá D.C.,Bronce,True,False,True,0,0,0.0,37,2,7,True
33222,México,—,Bronce,False,True,True,7,5,3153.0,3,1,3,True
33223,Colombia,Pereira,Bronce,False,True,True,0,0,0.0,67,19,5,False
33224,Colombia,Cali,Plata,False,False,True,8,5,2037.0,9,1,10,True
33225,México,—,Bronce,False,False,True,2,1,439.0,19,9,8,False
33226,Ecuador,—,Bronce,True,False,True,3,2,978.0,16,5,7,True
33227,Colombia,Bogotá D.C.,Bronce,False,False,False,0,0,0.0,15,3,10,True
33228,Ecuador,—,Bronce,False,False,True,0,0,0.0,13,1,7,True
33229,Colombia,Cali,Bronce,False,True,True,2,1,558.0,3,4,5,True
33230,Perú,—,Bronce,True,False,True,5,3,1240.0,52,1,10,True
33231,Colombia,Cartagena,Bronce,False,False,True,0,0,0.0,16,1,6,True
33232,Colombia,Medellín,Plata,False,False,True,11,9,4947.0,73,11,3,False
33233,Colombia,Medellín,Bronce,True,False,False,6,5,3395.0,62,5,7,True
33234,Colombia,Villavicencio,Plata,False,False,True,17,11,5203.0,12,6,6,True
33235,Colombia,Pasto,Bronce,True,False,False,0,0,0.0,47,6,4,True
33236,Colombia,Barranquilla,Bronce,True,False,True,0,0,0.0,17,6,5,True
33237,México,—,Bronce,False,False,True,0,0,0.0,8,6,7,True
33238,Colombia,Cali,Plata,True,False,True,12,7,3539.0,53,9,8,False
33239,Colombia,Bogotá D.C.,Bronce,False,False,True,5,4,1748.0,44,10,7,False
33240,Colombia,Montería,Bronce,True,False,True,0,0,0.0,37,11,8,False
33241,Colombia,Bucaramanga,Plata,True,True,False,9,5,2737.0,95,6,8,True
33242,Colombia,Medellín,Bronce,False,False,False,1,0,0.0,54,2,4,True
33243,Colombia,Neiva,Bronce,True,False,True,0,0,0.0,13,1,6,True
33244,Perú,—,Bronce,False,False,True,0,0,0.0,71,13,9,False
33245,México,—,Bronce,False,False,True,0,0,0.0,53,5,7,True
33246,Colombia,Barranquilla,Bronce,False,True,True,2,1,546.0,24,17,6,False
33247,México,—,Bronce,True,True,True,0,0,0.0,5,4,5,True
33248,Colombia,Barranquilla,Bronce,False,False,True,4,2,1280.0,6,5,8,True
33249,Ecuador,—,Platino,True,False,True,64,37,15529.0,16,11,9,False
33250,Ecuador,—,Bronce,True,True,False,0,0,0.0,63,4,7,True
33251,México,—,Bronce,False,True,True,7,4,1688.0,2,1,5,True
33252,Colombia,Santa Marta,Plata,True,False,True,15,13,3663.0,7,11,8,False
33253,México,—,Bronce,False,False,True,0,0,0.0,1,2,10,True
33254,Colombia,Medellín,Bronce,False,False,True,0,0,0.0,39,4,4,True
33255,Colombia,Bogotá D.C.,Bronce,True,True,False,3,2,820.0,16,6,9,True
33256,Ecuador,—,Oro,True,False,True,31,20,9224.0,76,3,7,True
33257,Perú,—,Bronce,True,True,True,0,0,0.0,13,6,10,True
33258,Colombia,Bogotá D.C.,Bronce,True,False,True,0,0,0.0,5,3,8,True
33259,Colombia,Santa Marta,Bronce,False,True,False,5,4,1720.0,1,10,8,False
33260,México,—,Plata,True,False,True,8,6,2393.0,10,12,9,False
33261,Colombia,Cartagena,Bronce,False,False,True,1,0,0.0,9,0,8,True
33262,Colombia,Bogotá D.C.,Bronce,False,False,True,2,1,453.0,3,3,10,True
33263,Colombia,Cali,Bronce,True,True,True,1,0,0.0,31,3,7,True
33264,México,—,Bronce,False,False,True,1,0,0.0,23,5,7,True
33265,Colombia,Villavicencio,Bronce,True,False,True,0,0,0.0,14,7,4,False
33266,Colombia,Otras ciudades,Bronce,False,False,True,2,1,510.0,6,5,6,True
33267,Colombia,Bogotá D.C.,Bronce,False,False,True,1,0,0.0,32,4,8,True
33268,Perú,—,Bronce,True,True,True,4,2,770.0,40,8,6,False
33269,México,—,Bronce,True,False,False,1,0,0.0,8,12,10,False
33270,Colombia,Bogotá D.C.,Bronce,False,False,True,0,0,0.0,18,4,6,True
33271,Perú,—,Bronce,True,False,True,0,0,0.0,84,8,6,False
33272,Colombia,Medellín,Bronce,True,False,True,1,0,0.0,147,3,4,True
33273,Colombia,Medellín,Bronce,True,False,True,0,0,0.0,66,0,8,True
33274,Chile,—,Plata,False,True,True,17,9,4269.0,20,3,7,True
33275,Uruguay,—,Bronce,True,False,True,0,0,0.0,17,7,8,False
33276,México,—,Bronce,False,False,True,2,1,486.0,29,2,5,True
33277,Colombia,Bogotá D.C.,Bronce,False,False,True,0,0,0.0,34,3,9,True
33278,Ecuador,—,Bronce,False,False,True,2,1,410.0,12,1,10,True
33279,Colombia,Cali,Bronce,False,False,True,0,0,0.0,49,6,5,True
33280,Colombia,Barranquilla,Bronce,False,False,True,0,0,0.0,48,6,9,True
33281,México,—,Bronce,False,False,True,1,0,0.0,22,1,9,True
33282,Colombia,Cali,Bronce,False,True,True,0,0,0.0,35,0,9,True
33283,México,—,Bronce,False,False,True,0,0,0.0,49,7,9,False
33284,Colombia,Bogotá D.C.,Bronce,True,False,True,0,0,0.0,7,9,4,False
33285,Colombia,Bogotá D.C.,Plata,False,True,True,20,16,7275.0,22,5,9,True
33286,Colombia,Barranquilla,Bronce,True,True,False,0,0,0.0,50,11,5,False
33287,Colombia,Bogotá D.C.,Bronce,True,False,True,2,1,398.0,22,8,7,False
33288,Colombia,Bogotá D.C.,Platino,False,True,True,99,67,28689.0,65,21,9,False
33289,Colombia,Medellín,Bronce,False,True,True,0,0,0.0,25,4,7,True
33290,Colombia,Otras ciudades,Bronce,False,True,True,0,0,0.0,52,3,10,True
33291,Colombia,Villavicencio,Bronce,True,True,True,0,0,0.0,66,11,1,False
33292,Uruguay,—,Bronce,True,False,True,1,0,0.0,2,2,7,True
33293,Ecuador,—,Bronce,True,False,True,0,0,0.0,2,0,5,True
33294,Ecuador,—,Oro,False,False,False,27,21,11192.0,42,8,9,False
33295,Colombia,Montería,Bronce,True,False,True,6,3,1713.0,42,5,10,True
33296,Colombia,Cartagena,Bronce,True,False,True,0,0,0.0,63,5,10,True
33297,Perú,—,Bronce,False,True,False,0,0,0.0,24,1,3,True
33298,Colombia,Cúcuta,Plata,False,False,True,14,11,5015.0,59,4,9,True
33299,Colombia,Bogotá D.C.,Bronce,True,False,True,1,0,0.0,12,6,7,True
33300,Colombia,Cali,Bronce,False,False,True,1,0,0.0,22,1,10,True
33301,México,—,Bronce,True,False,True,1,0,0.0,8,6,6,True
33302,Colombia,Medellín,Plata,False,True,True,9,7,2193.0,7,4,10,True
33303,México,—,Plata,False,False,True,14,9,3649.0,7,4,10,True
33304,Ecuador,—,Bronce,False,True,True,3,2,867.0,13,4,1,True
33305,Colombia,Otras ciudades,Bronce,False,False,True,6,5,2647.0,9,18,9,False
33306,Colombia,Bogotá D.C.,Bronce,False,False,False,1,0,0.0,48,7,10,False
33307,Colombia,Medellín,Bronce,False,False,True,1,0,0.0,20,8,5,False
33308,Colombia,Otras ciudades,Bronce,True,False,True,6,3,1046.0,13,2,5,True
33309,Colombia,Bogotá D.C.,Bronce,False,True,False,0,0,0.0,69,6,6,True
33310,Colombia,Medellín,Bronce,False,False,True,2,1,690.0,40,3,7,True
33311,Perú,—,Bronce,True,False,True,6,5,2468.0,108,4,10,True
33312,Colombia,Bogotá D.C.,Platino,False,False,True,113,74,32372.0,30,3,7,True
33313,México,—,Bronce,False,False,False,2,1,543.0,13,7,8,False
33314,Colombia,Bogotá D.C.,Bronce,False,False,True,1,0,0.0,39,6,6,True
33315,Colombia,Medellín,Plata,False,False,True,8,7,3577.0,20,6,6,True
33316,Colombia,Santa Marta,Bronce,True,True,True,0,0,0.0,11,3,9,True
33317,Colombia,Cali,Bronce,True,False,False,5,3,1522.0,5,2,10,True
33318,México,—,Bronce,False,False,True,0,0,0.0,33,1,5,True
33319,Colombia,Bogotá D.C.,Bronce,False,False,True,2,1,644.0,27,4,7,True
33320,México,—,Bronce,False,True,True,1,0,0.0,17,0,3,True
33321,México,—,Bronce,False,True,True,0,0,0.0,1,7,5,False
33322,Colombia,Bogotá D.C.,Oro,False,False,True,31,24,7835.0,9,3,8,True
33323,Colombia,Bogotá D.C.,Bronce,False,False,True,1,0,0.0,1,2,7,True
33324,Colombia,Bogotá D.C.,Bronce,True,False,True,4,3,1709.0,30,3,7,True
33325,Colombia,Santa Marta,Bronce,True,False,True,1,0,0.0,19,3,10,True
33326,México,—,Bronce,False,True,True,7,4,1861.0,43,3,8,True
33327,Ecuador,—,Bronce,True,False,True,1,0,0.0,10,2,7,True
33328,Ecuador,—,Plata,False,False,True,17,13,3485.0,23,12,7,False
33329,Chile,—,Bronce,True,False,True,1,0,0.0,26,2,10,True
33330,México,—,Bronce,False,False,False,5,3,1543.0,11,9,8,False
33331,Colombia,Bogotá D.C.,Bronce,False,True,True,0,0,0.0,59,6,2,True
33332,Perú,—,Bronce,False,True,True,1,0,0.0,9,2,5,True
33333,Colombia,Otras ciudades,Bronce,False,False,True,2,1,507.0,4,5,7,True
33334,Colombia,Medellín,Bronce,False,False,True,6,4,2033.0,59,4,7,True
33335,Colombia,Medellín,Bronce,False,False,True,0,0,0.0,39,29,8,False
33336,Colombia,Villavicencio,Bronce,False,False,True,7,5,2958.0,9,6,4,True
33337,México,—,Bronce,False,False,True,2,1,455.0,11,3,4,True
33338,México,—,Bronce,True,False,True,1,0,0.0,53,1,10,True
33339,Colombia,Barranquilla,Bronce,True,True,True,3,1,743.0,47,8,8,False
33340,Colombia,Medellín,Platino,False,False,True,130,106,55359.0,33,1,1,True
33341,Colombia,Bogotá D.C.,Bronce,False,False,True,2,1,378.0,19,2,8,True
33342,México,—,Bronce,False,True,True,0,0,0.0,28,16,8,False
33343,México,—,Bronce,False,False,True,0,0,0.0,8,13,10,False
33344,México,—,Bronce,False,False,True,0,0,0.0,14,4,10,True
33345,México,—,Bronce,False,True,True,3,1,533.0,16,9,9,False
33346,Colombia,Bucaramanga,Bronce,False,False,True,2,1,375.0,80,11,5,False
33347,Colombia,Otras ciudades,Bronce,True,True,True,0,0,0.0,33,1,9,True
33348,Colombia,Montería,Bronce,True,False,True,0,0,0.0,21,4,3,True
33349,Ecuador,—,Oro,False,False,False,31,25,10416.0,26,7,8,False
33350,Perú,—,Plata,True,True,True,18,12,6010.0,8,8,10,False
33351,Colombia,Bogotá D.C.,Bronce,False,False,True,0,0,0.0,16,0,9,True
33352,México,—,Bronce,False,True,True,1,0,0.0,10,10,3,False
33353,México,—,Bronce,False,False,False,0,0,0.0,5,4,7,True
33354,Colombia,Santa Marta,Bronce,False,False,True,5,3,1394.0,30,14,4,False
33355,Colombia,Bogotá D.C.,Bronce,True,False,False,2,1,558.0,13,1,8,True
33356,Colombia,Cali,Bronce,False,True,True,0,0,0.0,26,4,5,True
33357,Colombia,Bogotá D.C.,Bronce,True,False,True,1,0,0.0,19,10,3,False
33358,México,—,Bronce,True,False,True,1,0,0.0,12,1,8,True
33359,Colombia,Cali,Plata,True,True,True,12,7,3288.0,15,2,4,True
33360,Colombia,Medellín,Bronce,False,False,True,0,0,0.0,7,0,8,True
33361,Chile,—,Bronce,True,False,False,2,1,490.0,31,3,7,True
33362,Colombia,Otras ciudades,Bronce,False,True,True,0,0,0.0,26,6,8,True
33363,Colombia,Cali,Bronce,False,True,True,0,0,0.0,13,7,2,False
33364,Colombia,Montería,Bronce,False,False,True,2,1,621.0,28,14,7,False
33365,Colombia,Medellín,Bronce,False,False,True,0,0,0.0,53,1,4,True
33366,Perú,—,Bronce,True,False,True,4,3,1274.0,102,1,6,True
33367,Colombia,Bogotá D.C.,Bronce,True,False,True,1,0,0.0,26,7,8,False
33368,México,—,Bronce,False,False,False,3,2,1003.0,37,0,4,True
33369,Uruguay,—,Bronce,False,False,True,2,1,395.0,34,5,6,True
33370,Ecuador,—,Bronce,False,False,True,1,0,0.0,13,0,4,True
33371,Colombia,Manizales,Bronce,False,False,False,3,2,868.0,3,7,7,False
33372,Chile,—,Bronce,False,False,True,0,0,0.0,11,0,10,True
33373,Colombia,Cartagena,Bronce,False,False,True,3,2,1075.0,6,4,10,True
33374,México,—,Bronce,False,False,True,2,1,459.0,22,2,9,True
33375,Colombia,Bogotá D.C.,Bronce,False,False,True,3,2,579.0,45,2,5,True
33376,Colombia,Bucaramanga,Bronce,False,False,True,1,0,0.0,7,10,10,False
33377,México,—,Bronce,False,True,True,2,1,461.0,5,5,7,True
33378,Perú,—,Bronce,True,True,True,2,1,474.0,14,4,8,True
33379,Ecuador,—,Bronce,False,True,True,2,1,393.0,29,15,7,False
33380,Colombia,Cali,Bronce,True,False,True,5,3,2076.0,30,4,9,True
33381,Colombia,Neiva,Bronce,True,False,True,1,0,0.0,133,4,9,True
33382,Colombia,Otras ciudades,Bronce,False,False,True,7,5,2616.0,32,3,6,True
33383,México,—,Bronce,False,False,True,0,0,0.0,78,3,2,True
33384,México,—,Bronce,False,False,False,4,2,1248.0,19,7,8,False
33385,México,—,Bronce,True,True,True,1,0,0.0,17,4,8,True
33386,Colombia,Bogotá D.C.,Bronce,False,True,True,0,0,0.0,29,4,10,True
33387,Colombia,Cali,Bronce,False,False,True,2,1,492.0,18,2,9,True
33388,Colombia,Valledupar,Bronce,True,False,True,2,1,408.0,20,0,6,True
33389,Colombia,Bogotá D.C.,Bronce,False,False,True,0,0,0.0,15,6,5,True
33390,Colombia,Bogotá D.C.,Plata,True,False,True,10,7,3802.0,13,1,3,True
33391,Colombia,Bogotá D.C.,Bronce,False,False,True,0,0,0.0,33,1,10,True
33392,Ecuador,—,Bronce,True,False,True,2,1,419.0,68,1,10,True
33393,Colombia,Bucaramanga,Bronce,True,True,True,3,2,809.0,16,0,6,True
33394,Colombia,Bogotá D.C.,Bronce,True,False,True,0,0,0.0,17,1,10,True
33395,Colombia,Barranquilla,Bronce,True,True,False,3,2,1255.0,46,12,8,False
33396,Colombia,Villavicencio,Bronce,False,True,False,1,0,0.0,43,8,7,False
33397,México,—,Bronce,True,False,True,2,1,496.0,13,12,4,False
33398,Chile,—,Bronce,False,True,True,2,1,551.0,12,0,9,True
33399,México,—,Bronce,False,True,False,1,0,0.0,34,6,9,True
33400,Uruguay,—,Bronce,False,False,True,4,3,1131.0,1,16,6,False
33401,Perú,—,Plata,False,False,True,8,4,2185.0,3,5,9,True
33402,Colombia,Bogotá D.C.,Bronce,False,False,True,3,1,372.0,53,9,8,False
33403,Colombia,Cali,Bronce,True,False,True,0,0,0.0,3,10,6,False
33404,Uruguay,—,Bronce,True,False,True,1,0,0.0,28,11,8,False
33405,Colombia,Bogotá D.C.,Plata,True,False,False,9,5,2339.0,70,3,8,True
33406,Ecuador,—,Bronce,False,False,True,3,1,409.0,1,10,5,False
33407,Colombia,Otras ciudades,Bronce,False,True,True,1,0,0.0,44,0,7,True
33408,Colombia,Cartagena,Plata,False,False,True,11,9,4158.0,4,0,7,True
33409,Colombia,Medellín,Bronce,False,False,True,2,1,424.0,85,4,9,True
33410,Colombia,Santa Marta,Bronce,False,False,False,7,4,2243.0,32,1,10,True
33411,Colombia,Medellín,Bronce,True,False,True,0,0,0.0,6,2,4,True
33412,Colombia,Barranquilla,Bronce,True,False,True,7,4,1178.0,30,3,8,True
33413,Colombia,Bogotá D.C.,Bronce,True,True,True,0,0,0.0,40,3,8,True
33414,Colombia,Bogotá D.C.,Bronce,False,True,False,3,2,1145.0,45,8,6,False
33415,Colombia,Bogotá D.C.,Bronce,True,False,True,1,0,0.0,34,5,3,True
33416,Colombia,Bucaramanga,Bronce,False,False,True,0,0,0.0,46,14,8,False
33417,Colombia,Neiva,Bronce,True,False,True,2,1,492.0,9,4,8,True
33418,Colombia,Manizales,Plata,False,False,True,15,11,6884.0,4,3,7,True
33419,Ecuador,—,Bronce,True,False,True,5,4,2665.0,62,0,10,True
33420,Colombia,Bogotá D.C.,Bronce,True,False,True,3,2,1001.0,10,28,10,False
33421,México,—,Bronce,False,False,True,0,0,0.0,40,11,5,False
33422,Colombia,Pereira,Bronce,False,True,True,0,0,0.0,23,12,8,False
33423,Colombia,Pasto,Bronce,True,False,True,0,0,0.0,21,3,10,True
33424,Perú,—,Bronce,True,False,False,1,0,0.0,30,6,9,True
33425,México,—,Bronce,True,True,False,0,0,0.0,20,11,9,False
33426,Colombia,Cali,Bronce,True,True,True,7,6,2231.0,8,11,7,False
33427,Perú,—,Bronce,True,True,True,3,2,713.0,18,7,9,False
33428,Colombia,Valledupar,Bronce,False,False,True,0,0,0.0,11,6,8,True
33429,Colombia,Medellín,Bronce,True,False,True,0,0,0.0,14,15,6,False
33430,Perú,—,Bronce,False,False,True,0,0,0.0,41,2,7,True
33431,Colombia,Medellín,Bronce,False,False,True,0,0,0.0,5,3,8,True
33432,Colombia,Armenia,Bronce,True,True,True,0,0,0.0,26,2,7,True
33433,Ecuador,—,Bronce,True,False,True,5,4,2193.0,3,8,8,False
33434,Perú,—,Bronce,False,True,True,1,0,0.0,29,32,5,False
33435,Colombia,Bogotá D.C.,Bronce,True,True,False,2,1,520.0,33,5,6,True
33436,México,—,Oro,True,True,True,37,32,15421.0,10,3,9,True
33437,Ecuador,—,Bronce,False,False,True,0,0,0.0,24,4,10,True
33438,Ecuador,—,Bronce,True,False,True,2,1,462.0,17,0,2,True
33439,Colombia,Cali,Bronce,False,True,False,1,0,0.0,17,6,6,True
33440,México,—,Bronce,True,False,True,6,4,3428.0,33,1,4,True
33441,México,—,Bronce,True,False,True,2,1,457.0,15,1,5,True
33442,México,—,Bronce,True,False,True,0,0,0.0,51,3,5,True
33443,Colombia,Medellín,Bronce,False,True,True,1,0,0.0,53,5,5,True
33444,Colombia,Pasto,Bronce,False,False,True,0,0,0.0,49,1,9,True
33445,Colombia,Otras ciudades,Bronce,True,True,True,0,0,0.0,38,4,5,True
33446,Ecuador,—,Bronce,True,False,True,0,0,0.0,23,6,7,True
33447,Ecuador,—,Bronce,True,False,True,7,5,2054.0,7,5,8,True
33448,México,—,Bronce,True,False,True,1,0,0.0,21,6,8,True
33449,Colombia,Villavicencio,Bronce,True,False,True,3,1,491.0,12,4,6,True
33450,México,—,Bronce,True,True,False,1,0,0.0,14,2,7,True
33451,Colombia,Bogotá D.C.,Bronce,True,True,True,1,0,0.0,15,1,7,True
33452,Perú,—,Bronce,False,False,True,1,0,0.0,9,3,7,True
33453,Colombia,Medellín,Bronce,False,False,True,1,0,0.0,31,1,9,True
33454,México,—,Bronce,True,True,True,1,0,0.0,53,3,5,True
33455,Colombia,Cartagena,Bronce,True,True,True,1,0,0.0,11,10,6,False
33456,Colombia,Barranquilla,Bronce,False,True,True,1,0,0.0,4,6,7,True
33457,Ecuador,—,Bronce,True,False,True,5,4,1960.0,23,2,7,True
33458,Colombia,Barranquilla,Bronce,True,True,True,2,1,403.0,8,16,10,False
33459,México,—,Bronce,True,False,True,1,0,0.0,45,10,8,False
33460,Colombia,Otras ciudades,Plata,False,False,True,9,7,3385.0,14,11,10,False
33461,Colombia,Medellín,Bronce,True,False,True,0,0,0.0,14,1,7,True
33462,Colombia,Cali,Bronce,True,True,True,3,2,843.0,42,4,7,True
33463,Colombia,Bucaramanga,Bronce,False,False,True,0,0,0.0,34,8,4,False
33464,Colombia,Barranquilla,Bronce,False,False,True,0,0,0.0,34,8,9,False
33465,México,—,Bronce,False,False,True,4,3,1080.0,28,4,5,True
33466,México,—,Bronce,True,False,True,0,0,0.0,99,13,7,False
33467,Colombia,Medellín,Bronce,False,False,True,2,1,511.0,11,0,9,True
33468,Colombia,Cúcuta,Bronce,False,False,True,0,0,0.0,17,8,7,False
33469,Colombia,Bogotá D.C.,Bronce,True,False,True,0,0,0.0,63,9,10,False
33470,México,—,Bronce,False,False,True,0,0,0.0,5,2,8,True
33471,México,—,Bronce,False,True,True,1,0,0.0,48,3,7,True
33472,Colombia,Barranquilla,Bronce,True,True,False,4,3,1735.0,22,0,8,True
33473,Colombia,Medellín,Bronce,False,False,True,0,0,0.0,2,2,10,True
33474,Colombia,Bogotá D.C.,Bronce,True,False,False,4,3,1277.0,8,5,8,True
33475,México,—,Bronce,True,False,False,0,0,0.0,29,3,10,True
33476,México,—,Bronce,True,False,True,0,0,0.0,16,10,9,False
33477,México,—,Bronce,True,True,False,1,0,0.0,10,9,5,False
33478,Colombia,Bogotá D.C.,Bronce,True,False,False,1,0,0.0,36,4,8,True
33479,México,—,Bronce,True,False,False,2,1,397.0,31,15,7,False
33480,Colombia,Bogotá D.C.,Bronce,False,True,True,1,0,0.0,26,1,10,True
33481,Colombia,Bogotá D.C.,Bronce,True,False,True,0,0,0.0,37,2,10,True
33482,Ecuador,—,Bronce,True,True,True,0,0,0.0,38,8,5,False
33483,Colombia,Barranquilla,Bronce,True,False,False,4,2,1218.0,15,2,5,True
33484,México,—,Plata,False,False,True,17,9,5689.0,87,0,7,True
33485,Ecuador,—,Bronce,False,False,True,6,3,1232.0,119,12,9,False
33486,Colombia,Medellín,Bronce,False,False,True,6,5,1969.0,18,4,7,True
33487,México,—,Bronce,True,True,True,0,0,0.0,14,4,9,True
33488,Chile,—,Bronce,False,True,True,0,0,0.0,27,8,5,False
33489,México,—,Bronce,False,False,True,3,2,814.0,11,2,9,True
33490,Perú,—,Plata,False,False,True,16,11,7550.0,51,5,7,True
33491,Colombia,Pasto,Bronce,False,False,True,6,5,2565.0,12,0,7,True
33492,Chile,—,Bronce,False,False,True,5,3,1050.0,147,0,4,True
33493,México,—,Platino,True,False,False,88,62,35991.0,2,4,6,True
33494,Colombia,Bogotá D.C.,Plata,True,True,True,10,9,4856.0,1,1,6,True
33495,México,—,Bronce,True,False,True,4,2,733.0,5,1,5,True
33496,México,—,Bronce,False,False,True,0,0,0.0,67,8,10,False
33497,Colombia,Otras ciudades,Bronce,False,False,True,2,1,424.0,15,1,8,True
33498,México,—,Bronce,False,False,False,2,1,412.0,4,2,7,True
33499,Colombia,Bucaramanga,Plata,True,True,False,9,7,4378.0,25,4,10,True
33500,Colombia,Otras ciudades,Bronce,True,False,True,1,0,0.0,85,8,5,False
33501,Chile,—,Bronce,False,False,True,1,0,0.0,3,0,9,True
33502,Chile,—,Plata,True,False,True,14,11,5675.0,6,4,6,True
33503,Colombia,Bogotá D.C.,Bronce,False,True,False,0,0,0.0,6,3,9,True
33504,Colombia,Pasto,Bronce,True,False,True,0,0,0.0,24,4,9,True
33505,Perú,—,Bronce,True,False,False,2,1,544.0,20,0,9,True
33506,Colombia,Bucaramanga,Bronce,False,False,True,3,2,783.0,9,1,9,True
33507,Colombia,Medellín,Bronce,False,True,True,0,0,0.0,14,0,4,True
33508,Chile,—,Bronce,False,False,True,0,0,0.0,64,2,6,True
33509,Ecuador,—,Plata,False,False,True,8,5,1292.0,47,5,10,True
33510,Colombia,Medellín,Bronce,False,True,True,1,0,0.0,79,9,10,False
33511,México,—,Bronce,False,True,True,4,2,900.0,25,2,5,True
33512,Colombia,Medellín,Bronce,True,False,False,1,0,0.0,10,7,7,False
33513,Perú,—,Bronce,False,False,True,1,0,0.0,15,2,8,True
33514,Colombia,Bogotá D.C.,Bronce,False,False,True,4,2,1197.0,8,4,7,True
33515,Colombia,Otras ciudades,Plata,False,False,False,24,16,6411.0,37,14,7,False
33516,México,—,Oro,True,False,False,47,42,17172.0,19,18,6,False
33517,Colombia,Medellín,Bronce,False,True,False,0,0,0.0,24,12,8,False
33518,Colombia,Otras ciudades,Bronce,False,True,True,1,0,0.0,13,4,8,True
33519,Chile,—,Bronce,False,False,True,5,4,1094.0,19,1,6,True
33520,México,—,Bronce,False,False,True,0,0,0.0,63,2,7,True
33521,Colombia,Pereira,Bronce,False,False,True,3,2,822.0,21,10,4,False
33522,Colombia,Otras ciudades,Bronce,False,False,True,2,1,631.0,11,7,8,False
33523,Colombia,Bogotá D.C.,Bronce,False,False,True,1,0,0.0,47,1,8,True
33524,Perú,—,Bronce,True,False,True,3,2,1165.0,7,29,6,False
33525,Colombia,Santa Marta,Oro,True,False,True,28,22,8708.0,24,8,5,False
33526,Uruguay,—,Bronce,True,False,True,0,0,0.0,20,3,7,True
33527,Colombia,Medellín,Bronce,False,True,True,4,3,1824.0,16,1,8,True
33528,Colombia,Barranquilla,Bronce,True,False,True,3,2,999.0,11,8,10,False
33529,Colombia,Pasto,Bronce,False,False,False,4,3,1874.0,2,16,6,False
33530,Perú,—,Bronce,False,False,True,1,0,0.0,23,7,10,False
33531,Colombia,Bogotá D.C.,Bronce,False,False,True,2,1,549.0,6,2,6,True
33532,Colombia,Ibagué,Bronce,False,False,False,7,5,2577.0,48,24,7,False
33533,Colombia,Bogotá D.C.,Bronce,True,False,False,0,0,0.0,36,1,5,True
33534,Colombia,Cali,Bronce,True,False,True,0,0,0.0,39,6,3,True
33535,Colombia,Medellín,Bronce,False,True,True,1,0,0.0,13,4,9,True
33536,Colombia,Pereira,Bronce,False,False,True,7,5,2734.0,3,7,9,False
33537,Colombia,Medellín,Bronce,False,True,True,0,0,0.0,50,2,5,True
33538,México,—,Bronce,False,False,True,5,3,1634.0,12,4,4,True
33539,México,—,Bronce,True,True,False,2,1,650.0,72,6,9,True
33540,Ecuador,—,Bronce,True,False,True,1,0,0.0,20,2,4,True
33541,Colombia,Manizales,Bronce,True,False,True,2,1,429.0,35,2,7,True
33542,Perú,—,Bronce,False,False,False,2,1,460.0,11,1,10,True
33543,Colombia,Barranquilla,Bronce,True,False,True,0,0,0.0,23,6,0,True
33544,Colombia,Montería,Bronce,False,False,True,1,0,0.0,77,8,6,False
33545,Colombia,Cúcuta,Bronce,False,False,True,0,0,0.0,12,11,10,False
33546,Colombia,Pereira,Bronce,True,False,True,0,0,0.0,27,5,7,True
33547,Colombia,Pereira,Bronce,False,False,True,0,0,0.0,12,5,8,True
33548,Colombia,Bogotá D.C.,Bronce,False,False,True,0,0,0.0,51,9,6,False
33549,Ecuador,—,Bronce,True,False,True,0,0,0.0,41,7,7,False
33550,México,—,Bronce,False,False,True,0,0,0.0,95,9,9,False
33551,Colombia,Bogotá D.C.,Bronce,False,False,True,0,0,0.0,16,2,10,True
33552,México,—,Bronce,True,False,True,2,1,362.0,33,4,3,True
33553,México,—,Bronce,False,True,False,2,1,320.0,63,2,7,True
33554,Perú,—,Bronce,True,False,True,2,1,558.0,14,2,6,True
33555,Colombia,Bogotá D.C.,Bronce,False,True,False,1,0,0.0,9,2,9,True
33556,Colombia,Bogotá D.C.,Bronce,False,False,True,0,0,0.0,67,7,10,False
33557,Perú,—,Bronce,True,False,True,2,1,592.0,54,0,10,True
33558,Colombia,Pasto,Bronce,True,False,True,0,0,0.0,161,3,7,True
33559,Colombia,Valledupar,Bronce,True,False,True,1,0,0.0,36,10,10,False
33560,Colombia,Barranquilla,Plata,False,True,True,23,16,8529.0,18,3,8,True
33561,Colombia,Neiva,Bronce,False,False,True,1,0,0.0,20,7,2,False
33562,Ecuador,—,Plata,False,True,False,8,6,3370.0,39,2,8,True
33563,Colombia,Medellín,Bronce,True,False,False,4,3,1470.0,14,4,7,True
33564,Colombia,Bogotá D.C.,Bronce,False,True,True,0,0,0.0,66,3,10,True
33565,Colombia,Armenia,Bronce,False,True,True,1,0,0.0,8,8,7,False
33566,Ecuador,—,Bronce,False,False,True,0,0,0.0,4,5,3,True
33567,Perú,—,Bronce,True,False,True,4,2,1164.0,14,18,8,False
33568,Colombia,Bucaramanga,Bronce,True,False,True,0,0,0.0,59,0,8,True
33569,Colombia,Pasto,Bronce,True,False,True,2,1,447.0,16,5,10,True
33570,México,—,Bronce,False,False,True,0,0,0.0,6,0,7,True
33571,Uruguay,—,Bronce,True,False,True,2,1,486.0,21,0,2,True
33572,Ecuador,—,Bronce,False,False,True,0,0,0.0,3,1,7,True
33573,Colombia,Santa Marta,Bronce,False,False,True,0,0,0.0,4,3,5,True
33574,Colombia,Medellín,Bronce,False,False,True,0,0,0.0,16,7,2,False
33575,Colombia,Cali,Plata,True,True,True,14,9,6633.0,73,4,10,True
33576,Perú,—,Plata,True,False,False,14,10,3297.0,8,1,4,True
33577,Colombia,Cali,Bronce,False,False,True,5,2,1505.0,47,10,5,False
33578,Colombia,Bogotá D.C.,Bronce,True,True,True,6,5,1770.0,25,10,9,False
33579,Colombia,Medellín,Bronce,False,False,True,1,0,0.0,37,15,8,False
33580,México,—,Bronce,True,True,True,1,0,0.0,25,9,6,False
33581,Colombia,Cartagena,Bronce,False,False,True,1,0,0.0,19,5,10,True
33582,Colombia,Sincelejo,Bronce,False,False,True,1,0,0.0,27,1,6,True
33583,México,—,Plata,False,False,True,24,14,9269.0,2,6,8,True
33584,Uruguay,—,Bronce,False,False,True,0,0,0.0,17,3,10,True
33585,Colombia,Medellín,Bronce,False,True,True,0,0,0.0,46,1,7,True
33586,Uruguay,—,Bronce,True,False,False,0,0,0.0,17,5,6,True
33587,México,—,Bronce,True,True,True,3,2,1013.0,19,1,6,True
33588,México,—,Plata,False,True,True,13,11,6496.0,23,2,5,True
33589,Colombia,Medellín,Bronce,True,False,False,3,2,1089.0,46,3,8,True
33590,México,—,Bronce,True,False,True,0,0,0.0,31,17,7,False
33591,Colombia,Otras ciudades,Bronce,False,False,True,0,0,0.0,28,11,10,False
33592,Colombia,Cali,Bronce,False,True,True,0,0,0.0,25,4,10,True
33593,México,—,Bronce,False,False,True,0,0,0.0,115,2,7,True
33594,Colombia,Cali,Bronce,False,False,False,3,2,1181.0,25,9,8,False
33595,Colombia,Medellín,Bronce,False,True,False,1,0,0.0,32,1,10,True
33596,Uruguay,—,Bronce,True,True,False,5,3,1768.0,12,5,8,True
33597,Colombia,Bogotá D.C.,Bronce,False,True,False,3,1,266.0,25,1,10,True
33598,Perú,—,Bronce,True,False,True,3,1,522.0,29,12,8,False
33599,Colombia,Barranquilla,Plata,True,False,True,9,7,3016.0,26,13,5,False
33600,Colombia,Bogotá D.C.,Bronce,True,False,True,1,0,0.0,20,3,9,True
33601,Colombia,Bogotá D.C.,Bronce,True,False,True,1,0,0.0,18,7,7,False
33602,México,—,Bronce,True,False,True,0,0,0.0,26,12,10,False
33603,Colombia,Pereira,Bronce,True,False,True,0,0,0.0,31,2,6,True
33604,México,—,Bronce,True,False,True,0,0,0.0,15,1,10,True
33605,Colombia,Cali,Plata,True,False,True,11,7,3885.0,30,14,10,False
33606,Colombia,Pereira,Bronce,True,False,False,3,1,361.0,32,8,8,False
33607,Colombia,Bucaramanga,Bronce,False,False,True,1,0,0.0,48,3,9,True
33608,México,—,Oro,False,False,True,42,35,19169.0,5,8,8,False
33609,Colombia,Cartagena,Plata,False,False,True,18,15,6268.0,51,4,7,True
33610,Colombia,Pasto,Bronce,False,False,True,0,0,0.0,62,2,7,True
33611,Colombia,Barranquilla,Bronce,True,False,True,0,0,0.0,20,1,7,True
33612,Ecuador,—,Bronce,False,False,False,3,2,1349.0,11,4,9,True
33613,Ecuador,—,Bronce,True,True,True,5,4,1614.0,12,23,3,False
33614,México,—,Oro,False,False,False,32,20,10565.0,24,22,6,False
33615,Colombia,Medellín,Bronce,True,True,False,0,0,0.0,80,9,8,False
33616,México,—,Bronce,True,True,True,2,1,477.0,11,7,7,False
33617,Colombia,Bogotá D.C.,Platino,True,True,True,67,55,33831.0,23,5,6,True
33618,Ecuador,—,Bronce,True,False,True,0,0,0.0,13,3,10,True
33619,Uruguay,—,Bronce,True,False,False,2,1,598.0,18,7,10,False
33620,Colombia,Barranquilla,Bronce,False,False,False,0,0,0.0,20,7,7,False
33621,Colombia,Medellín,Bronce,True,False,True,5,4,2166.0,27,1,8,True
33622,México,—,Bronce,False,False,True,1,0,0.0,34,0,10,True
33623,Colombia,Otras ciudades,Bronce,True,True,True,2,1,525.0,10,1,8,True
33624,México,—,Oro,True,False,True,26,21,12305.0,53,1,5,True
33625,Colombia,Pereira,Bronce,True,False,True,2,1,473.0,44,3,6,True
33626,México,—,Plata,False,True,True,12,7,3643.0,22,5,9,True
33627,Ecuador,—,Bronce,False,False,True,0,0,0.0,26,3,7,True
33628,Colombia,Bogotá D.C.,Bronce,False,False,True,0,0,0.0,27,3,9,True
33629,Colombia,Bucaramanga,Bronce,True,False,True,0,0,0.0,11,2,8,True
33630,Colombia,Cúcuta,Bronce,False,True,True,0,0,0.0,3,11,9,False
33631,Colombia,Barranquilla,Bronce,False,True,True,5,3,1394.0,13,12,5,False
33632,Colombia,Bogotá D.C.,Bronce,False,False,True,0,0,0.0,25,2,9,True
33633,Colombia,Manizales,Oro,True,False,True,36,23,12183.0,34,12,10,False
33634,Colombia,Popayán,Bronce,False,False,True,7,4,1946.0,42,2,7,True
33635,Colombia,Medellín,Plata,False,False,True,10,8,4110.0,131,5,10,True
33636,Uruguay,—,Bronce,True,False,True,0,0,0.0,35,6,7,True
33637,Colombia,Popayán,Bronce,True,False,True,0,0,0.0,18,3,8,True
33638,Perú,—,Bronce,True,True,False,0,0,0.0,34,4,7,True
33639,Colombia,Cali,Bronce,True,True,True,3,2,1486.0,99,2,10,True
33640,Ecuador,—,Bronce,False,False,True,1,0,0.0,11,12,5,False
33641,Colombia,Pereira,Plata,False,False,True,8,5,3340.0,16,8,4,False
33642,México,—,Bronce,False,False,True,4,3,1439.0,4,10,4,False
33643,México,—,Bronce,True,False,True,0,0,0.0,108,6,8,True
33644,Perú,—,Plata,False,False,True,11,10,3735.0,19,5,4,True
33645,Colombia,Bucaramanga,Plata,True,True,True,8,6,2657.0,58,6,4,True
33646,México,—,Bronce,False,True,False,7,4,2738.0,39,3,9,True
33647,Colombia,Bogotá D.C.,Bronce,False,True,True,0,0,0.0,28,38,10,False
33648,Perú,—,Bronce,False,False,True,1,0,0.0,15,2,6,True
33649,Colombia,Otras ciudades,Bronce,True,True,True,1,0,0.0,11,4,8,True
33650,Colombia,Bucaramanga,Bronce,False,False,True,7,6,3396.0,30,1,9,True
33651,Colombia,Cali,Bronce,False,False,True,2,1,499.0,21,3,7,True
33652,Colombia,Bucaramanga,Bronce,True,False,True,4,3,1585.0,42,1,10,True
33653,Perú,—,Bronce,False,True,True,1,0,0.0,17,5,10,True
33654,Colombia,Otras ciudades,Bronce,False,False,True,1,0,0.0,32,10,8,False
33655,Colombia,Cartagena,Bronce,False,False,True,0,0,0.0,21,8,8,False
33656,Colombia,Bogotá D.C.,Plata,False,True,False,24,16,6882.0,41,2,7,True
33657,Colombia,Cúcuta,Bronce,True,True,True,3,2,1183.0,21,2,8,True
33658,México,—,Bronce,False,False,True,3,1,248.0,1,2,7,True
33659,México,—,Oro,False,False,True,28,17,10278.0,4,14,5,False
33660,Colombia,Barranquilla,Bronce,True,True,True,4,3,1498.0,8,9,7,False
33661,México,—,Bronce,True,False,True,4,2,1248.0,14,0,8,True
33662,México,—,Bronce,False,True,True,1,0,0.0,10,0,9,True
33663,Ecuador,—,Bronce,False,True,True,0,0,0.0,30,14,6,False
33664,Colombia,Medellín,Bronce,False,False,True,1,0,0.0,32,12,9,False
33665,Colombia,Medellín,Bronce,False,False,False,7,5,1305.0,11,1,7,True
33666,México,—,Bronce,False,False,True,2,1,469.0,6,10,2,False
33667,Colombia,Bogotá D.C.,Bronce,True,True,False,0,0,0.0,32,3,5,True
33668,Colombia,Medellín,Bronce,False,False,True,2,1,392.0,9,2,10,True
33669,México,—,Bronce,False,False,True,1,0,0.0,11,8,7,False
33670,Colombia,Bogotá D.C.,Bronce,False,True,True,2,1,389.0,40,6,6,True
33671,Colombia,Manizales,Bronce,False,False,False,2,1,477.0,23,2,9,True
33672,Ecuador,—,Bronce,False,False,True,0,0,0.0,27,4,4,True
33673,Uruguay,—,Bronce,True,False,True,1,0,0.0,4,8,7,False
33674,Colombia,Medellín,Bronce,False,False,True,1,0,0.0,88,20,10,False
33675,Colombia,Cali,Bronce,False,False,True,5,3,1127.0,5,2,10,True
33676,Colombia,Bogotá D.C.,Bronce,False,False,True,1,0,0.0,24,1,8,True
33677,México,—,Oro,False,False,True,30,26,11560.0,44,3,4,True
33678,México,—,Bronce,False,True,False,6,5,3300.0,15,8,8,False
33679,Ecuador,—,Bronce,True,False,False,1,0,0.0,26,4,4,True
33680,Colombia,Medellín,Bronce,False,False,True,2,1,465.0,29,1,7,True
33681,Colombia,Bucaramanga,Bronce,False,False,True,0,0,0.0,34,4,2,True
33682,Colombia,Bogotá D.C.,Bronce,False,True,False,1,0,0.0,11,0,9,True
33683,Colombia,Sincelejo,Bronce,True,False,True,0,0,0.0,23,2,10,True
33684,Colombia,Otras ciudades,Plata,False,True,True,9,8,4108.0,12,3,9,True
33685,Colombia,Otras ciudades,Bronce,True,False,True,0,0,0.0,50,0,8,True
33686,Colombia,Bogotá D.C.,Bronce,False,False,True,0,0,0.0,16,6,4,True
33687,México,—,Platino,True,False,True,86,61,30029.0,15,9,9,False
33688,Ecuador,—,Plata,True,False,True,19,15,7780.0,17,3,6,True
33689,Colombia,Santa Marta,Bronce,False,False,True,0,0,0.0,12,13,5,False
33690,Colombia,Sincelejo,Bronce,False,False,False,0,0,0.0,13,4,6,True
33691,Colombia,Bogotá D.C.,Bronce,True,False,True,0,0,0.0,3,3,2,True
33692,Colombia,Cali,Bronce,True,False,True,4,3,1737.0,48,5,8,True
33693,México,—,Bronce,False,True,True,0,0,0.0,12,8,9,False
33694,Colombia,Bogotá D.C.,Bronce,True,False,True,0,0,0.0,20,4,9,True
33695,Ecuador,—,Bronce,True,False,True,3,1,670.0,36,6,6,True
33696,Colombia,Pasto,Bronce,False,False,True,1,0,0.0,1,10,4,False
33697,México,—,Bronce,True,True,False,1,0,0.0,30,10,4,False
33698,Colombia,Bucaramanga,Bronce,True,True,False,0,0,0.0,13,7,5,False
33699,Colombia,Cali,Plata,True,True,True,17,12,6178.0,29,6,7,True
33700,Colombia,Bogotá D.C.,Bronce,True,False,False,0,0,0.0,19,7,10,False
33701,Ecuador,—,Bronce,True,False,True,1,0,0.0,37,10,4,False
33702,Colombia,Medellín,Plata,True,False,True,21,16,7250.0,43,7,9,False
33703,Colombia,Villavicencio,Bronce,False,True,False,0,0,0.0,30,0,8,True
33704,Ecuador,—,Oro,True,False,True,38,23,11417.0,47,21,5,False
33705,Colombia,Bogotá D.C.,Bronce,True,False,True,0,0,0.0,9,4,9,True
33706,Colombia,Cali,Bronce,False,False,True,0,0,0.0,9,4,9,True
33707,Colombia,Armenia,Bronce,False,False,True,0,0,0.0,10,6,5,True
33708,Ecuador,—,Bronce,False,True,True,0,0,0.0,18,5,5,True
33709,México,—,Bronce,False,True,True,1,0,0.0,44,7,8,False
33710,Colombia,Medellín,Bronce,True,False,False,1,0,0.0,25,4,10,True
33711,Colombia,Barranquilla,Bronce,True,True,True,2,1,382.0,5,7,9,False
33712,Colombia,Bogotá D.C.,Bronce,True,False,True,0,0,0.0,60,2,6,True
33713,México,—,Bronce,False,False,True,2,1,575.0,74,33,8,False
33714,México,—,Bronce,True,False,True,5,3,1715.0,7,3,6,True
33715,Colombia,Bogotá D.C.,Bronce,True,False,True,2,1,451.0,14,0,9,True
33716,Colombia,Bogotá D.C.,Bronce,False,False,True,5,4,1470.0,16,3,9,True
33717,Perú,—,Plata,True,False,True,9,6,3429.0,71,2,8,True
33718,Perú,—,Bronce,False,True,True,0,0,0.0,24,0,10,True
33719,Colombia,Otras ciudades,Bronce,False,False,True,1,0,0.0,12,10,8,False
33720,Colombia,Cali,Bronce,False,False,True,4,3,1647.0,9,7,8,False
33721,México,—,Bronce,False,False,True,1,0,0.0,56,2,8,True
33722,Colombia,Cali,Bronce,True,False,False,0,0,0.0,33,2,6,True
33723,Colombia,Medellín,Bronce,False,False,True,2,1,620.0,7,9,8,False
33724,Colombia,Bogotá D.C.,Bronce,True,True,True,5,3,1993.0,115,4,6,True
33725,Colombia,Montería,Bronce,True,False,True,2,1,365.0,8,12,2,False
33726,Colombia,Barranquilla,Bronce,False,False,True,1,0,0.0,46,1,6,True
33727,Perú,—,Bronce,False,False,True,2,1,604.0,47,13,5,False
33728,Colombia,Medellín,Bronce,True,True,True,0,0,0.0,47,11,8,False
33729,Colombia,Bucaramanga,Bronce,False,False,True,0,0,0.0,20,12,8,False
33730,Colombia,Barranquilla,Bronce,True,False,False,5,3,1734.0,35,0,10,True
33731,Colombia,Cali,Bronce,False,False,True,1,0,0.0,41,5,8,True
33732,Colombia,Bogotá D.C.,Bronce,False,False,False,0,0,0.0,18,18,7,False
33733,Colombia,Bogotá D.C.,Bronce,False,False,True,0,0,0.0,20,5,5,True
33734,Perú,—,Bronce,True,False,False,0,0,0.0,11,5,6,True
33735,Colombia,Bucaramanga,Bronce,True,True,True,0,0,0.0,35,5,5,True
33736,Colombia,Barranquilla,Bronce,True,False,True,4,3,1802.0,3,3,4,True
33737,Perú,—,Bronce,True,False,True,0,0,0.0,27,4,6,True
33738,Colombia,Bogotá D.C.,Bronce,False,False,False,0,0,0.0,11,15,7,False
33739,México,—,Bronce,True,False,True,0,0,0.0,49,9,8,False
33740,México,—,Bronce,False,False,True,2,1,480.0,8,11,4,False
33741,Perú,—,Bronce,True,True,True,1,0,0.0,10,9,4,False
33742,México,—,Oro,False,True,True,27,17,8803.0,16,1,4,True
33743,Colombia,Bogotá D.C.,Bronce,False,False,False,0,0,0.0,21,1,8,True
33744,Perú,—,Bronce,False,True,True,4,2,1166.0,7,5,7,True
33745,Perú,—,Bronce,True,True,True,0,0,0.0,6,5,9,True
33746,México,—,Bronce,False,True,True,0,0,0.0,43,1,3,True
33747,Colombia,Neiva,Bronce,True,False,True,4,3,1514.0,17,2,10,True
33748,Ecuador,—,Bronce,False,False,False,1,0,0.0,58,0,8,True
33749,Colombia,Otras ciudades,Bronce,False,True,True,0,0,0.0,43,5,6,True
33750,México,—,Bronce,True,False,True,2,1,588.0,59,20,9,False
33751,Colombia,Bogotá D.C.,Plata,False,False,True,13,11,6106.0,10,4,9,True
33752,México,—,Bronce,False,True,True,1,0,0.0,17,1,8,True
33753,Colombia,Barranquilla,Bronce,False,False,False,7,4,2338.0,61,8,9,False
33754,Colombia,Bogotá D.C.,Bronce,True,False,True,4,2,605.0,12,9,9,False
33755,Colombia,Medellín,Bronce,False,False,False,0,0,0.0,4,2,9,True
33756,Colombia,Otras ciudades,Bronce,False,False,True,7,6,1856.0,16,1,9,True
33757,Uruguay,—,Bronce,True,False,True,5,3,1912.0,17,3,10,True
33758,Colombia,Bogotá D.C.,Bronce,False,True,False,1,0,0.0,43,12,10,False
33759,México,—,Bronce,False,False,True,1,0,0.0,24,3,6,True
33760,México,—,Bronce,True,False,True,0,0,0.0,37,13,9,False
33761,Colombia,Villavicencio,Plata,False,True,True,11,8,2487.0,60,7,9,False
33762,Colombia,Bogotá D.C.,Bronce,False,True,True,0,0,0.0,17,3,3,True
33763,Colombia,Bogotá D.C.,Bronce,False,False,False,7,4,1493.0,8,9,8,False
33764,Colombia,Barranquilla,Bronce,True,False,True,1,0,0.0,10,8,7,False
33765,Colombia,Cartagena,Bronce,True,False,True,1,0,0.0,9,2,8,True
33766,Colombia,Bogotá D.C.,Plata,True,False,True,14,12,6863.0,19,1,10,True
33767,Colombia,Medellín,Bronce,False,True,False,2,1,443.0,21,6,3,True
33768,Colombia,Santa Marta,Bronce,False,False,False,0,0,0.0,8,5,5,True
33769,México,—,Bronce,False,False,True,3,2,1231.0,24,2,6,True
33770,Colombia,Medellín,Bronce,False,True,True,0,0,0.0,20,6,9,True
33771,Ecuador,—,Bronce,False,False,True,0,0,0.0,88,4,9,True
33772,Colombia,Bogotá D.C.,Bronce,False,False,True,2,1,739.0,24,13,6,False
33773,Ecuador,—,Bronce,True,False,True,1,0,0.0,14,4,10,True
33774,Colombia,Medellín,Plata,False,False,True,16,12,6857.0,30,6,10,True
33775,Colombia,Cali,Bronce,False,False,True,0,0,0.0,21,9,4,False
33776,Colombia,Bogotá D.C.,Bronce,False,False,True,3,2,1013.0,4,4,9,True
33777,Colombia,Cali,Bronce,True,False,True,1,0,0.0,11,4,9,True
33778,México,—,Oro,False,False,True,25,22,11358.0,24,5,10,True
33779,Colombia,Barranquilla,Bronce,True,True,False,2,1,444.0,15,18,9,False
33780,Chile,—,Bronce,True,False,True,3,2,659.0,47,9,10,False
33781,México,—,Bronce,True,False,False,0,0,0.0,18,3,7,True
33782,Colombia,Montería,Plata,True,True,True,22,17,5497.0,30,4,9,True
33783,México,—,Bronce,True,True,False,0,0,0.0,58,6,7,True
33784,Colombia,Otras ciudades,Bronce,False,False,True,0,0,0.0,32,6,8,True
33785,México,—,Bronce,True,True,True,0,0,0.0,27,7,8,False
33786,Colombia,Bogotá D.C.,Bronce,True,False,False,4,2,771.0,4,5,8,True
33787,México,—,Bronce,False,False,False,1,0,0.0,24,1,8,True
33788,Chile,—,Bronce,True,False,True,3,2,1064.0,41,3,4,True
33789,Colombia,Bogotá D.C.,Oro,False,True,False,27,23,7120.0,36,10,8,False
33790,Colombia,Bogotá D.C.,Plata,True,True,False,11,7,2842.0,28,5,10,True
33791,Colombia,Cartagena,Bronce,False,False,True,1,0,0.0,54,8,10,False
33792,Colombia,Bogotá D.C.,Bronce,True,False,False,7,5,2537.0,20,2,7,True
33793,México,—,Bronce,False,True,True,4,3,1236.0,77,1,7,True
33794,Colombia,Popayán,Bronce,True,False,True,1,0,0.0,23,10,9,False
33795,Colombia,Santa Marta,Bronce,False,True,True,7,4,2074.0,23,6,2,True
33796,México,—,Bronce,False,False,True,3,2,1184.0,9,4,8,True
33797,México,—,Bronce,False,True,False,1,0,0.0,15,6,8,True
33798,Ecuador,—,Bronce,True,True,True,3,2,882.0,64,5,8,True
33799,Colombia,Bogotá D.C.,Bronce,True,False,True,7,6,3527.0,32,4,9,True
33800,Colombia,Santa Marta,Bronce,False,False,True,0,0,0.0,35,20,7,False
33801,Colombia,Otras ciudades,Bronce,False,False,True,0,0,0.0,19,10,7,False
33802,Colombia,Montería,Bronce,False,True,True,4,3,1577.0,80,15,7,False
33803,Colombia,Bogotá D.C.,Bronce,False,False,True,2,1,422.0,24,3,9,True
33804,Colombia,Medellín,Bronce,False,False,True,0,0,0.0,53,1,10,True
33805,México,—,Bronce,True,False,False,3,2,693.0,45,1,9,True
33806,Colombia,Popayán,Bronce,True,False,True,0,0,0.0,82,0,8,True
33807,México,—,Bronce,False,False,False,0,0,0.0,61,4,8,True
33808,Colombia,Medellín,Bronce,False,False,False,6,4,2088.0,99,8,3,False
33809,Colombia,Sincelejo,Bronce,True,False,True,0,0,0.0,16,3,8,True
33810,Colombia,Bogotá D.C.,Bronce,False,True,True,0,0,0.0,29,8,10,False
33811,Perú,—,Bronce,True,True,True,2,1,473.0,18,2,6,True
33812,México,—,Bronce,True,False,True,2,1,573.0,50,1,9,True
33813,México,—,Bronce,True,True,True,5,4,1628.0,32,0,5,True
33814,Chile,—,Bronce,False,False,False,0,0,0.0,14,6,6,True
33815,Colombia,Medellín,Bronce,True,False,True,7,5,2253.0,17,7,7,False
33816,México,—,Bronce,False,False,True,1,0,0.0,10,3,7,True
33817,Perú,—,Bronce,False,False,True,3,1,204.0,23,4,6,True
33818,México,—,Bronce,True,True,True,2,1,441.0,67,1,8,True
33819,Colombia,Bogotá D.C.,Bronce,False,True,True,2,1,566.0,43,15,9,False
33820,Colombia,Bucaramanga,Bronce,True,False,True,1,0,0.0,1,4,9,True
33821,Perú,—,Bronce,False,False,False,0,0,0.0,35,1,10,True
33822,Ecuador,—,Bronce,True,False,False,1,0,0.0,26,13,7,False
33823,Colombia,Barranquilla,Bronce,True,False,True,3,1,286.0,7,16,10,False
33824,Colombia,Cali,Bronce,True,False,True,0,0,0.0,7,0,10,True
33825,Ecuador,—,Bronce,True,False,False,3,2,1135.0,22,7,6,False
33826,Colombia,Medellín,Bronce,False,False,False,0,0,0.0,11,1,7,True
33827,Colombia,Pereira,Bronce,False,True,True,0,0,0.0,14,4,6,True
33828,Colombia,Bogotá D.C.,Bronce,False,False,True,0,0,0.0,45,8,10,False
33829,Colombia,Medellín,Plata,True,False,True,13,9,5343.0,37,9,8,False
33830,Colombia,Valledupar,Bronce,True,False,True,6,5,2481.0,34,3,10,True
33831,Colombia,Bogotá D.C.,Bronce,True,False,True,3,2,1057.0,22,1,9,True
33832,Colombia,Otras ciudades,Bronce,False,False,True,0,0,0.0,3,13,4,False
33833,Uruguay,—,Plata,False,True,True,19,12,4488.0,17,14,10,False
33834,Colombia,Bucaramanga,Bronce,True,False,False,6,4,2226.0,73,1,9,True
33835,Colombia,Medellín,Oro,False,True,True,46,33,15273.0,38,0,9,True
33836,Uruguay,—,Bronce,True,False,True,2,1,762.0,28,1,9,True
33837,Colombia,Medellín,Bronce,True,False,True,2,1,423.0,22,1,8,True
33838,Colombia,Otras ciudades,Bronce,True,False,True,2,1,458.0,46,0,9,True
33839,Chile,—,Bronce,False,False,True,4,3,1450.0,25,10,6,False
33840,Colombia,Cali,Bronce,True,True,True,0,0,0.0,53,10,10,False
33841,Colombia,Cali,Bronce,False,False,True,0,0,0.0,23,7,6,False
33842,Colombia,Santa Marta,Bronce,True,False,False,2,1,523.0,18,4,6,True
33843,Colombia,Medellín,Bronce,True,False,True,4,2,923.0,12,2,8,True
33844,Perú,—,Bronce,False,False,True,1,0,0.0,9,8,9,False
33845,Colombia,Otras ciudades,Bronce,True,True,True,1,0,0.0,21,3,5,True
33846,Colombia,Medellín,Bronce,False,True,False,0,0,0.0,27,12,8,False
33847,Colombia,Bogotá D.C.,Bronce,False,True,True,2,1,609.0,42,0,0,True
33848,Colombia,Cali,Plata,False,False,True,10,7,2842.0,13,4,10,True
33849,Colombia,Otras ciudades,Plata,False,True,True,10,8,1839.0,46,2,5,True
33850,Colombia,Otras ciudades,Bronce,True,False,False,5,3,1106.0,27,0,7,True
33851,Colombia,Bogotá D.C.,Bronce,True,False,True,1,0,0.0,15,1,5,True
33852,México,—,Bronce,True,True,True,0,0,0.0,14,17,10,False
33853,Ecuador,—,Plata,False,False,True,11,8,4935.0,30,4,5,True
33854,Colombia,Villavicencio,Bronce,True,False,True,2,1,344.0,53,3,8,True
33855,México,—,Bronce,True,False,True,5,3,725.0,26,3,7,True
33856,Colombia,Montería,Bronce,False,False,True,0,0,0.0,2,7,4,False
33857,Colombia,Manizales,Bronce,True,True,True,3,2,537.0,17,7,10,False
33858,Colombia,Otras ciudades,Bronce,True,False,True,0,0,0.0,8,2,8,True
33859,Colombia,Medellín,Bronce,True,False,True,0,0,0.0,28,4,10,True
33860,Colombia,Bogotá D.C.,Bronce,False,True,True,1,0,0.0,50,2,7,True
33861,Ecuador,—,Bronce,False,False,True,0,0,0.0,7,6,7,True
33862,Colombia,Bogotá D.C.,Bronce,False,False,True,0,0,0.0,8,1,6,True
33863,Perú,—,Bronce,False,False,True,1,0,0.0,12,4,10,True
33864,Colombia,Cali,Plata,True,False,True,9,5,2149.0,11,1,9,True
33865,Colombia,Bogotá D.C.,Bronce,False,False,True,0,0,0.0,44,6,9,True
33866,Colombia,Bogotá D.C.,Bronce,False,True,True,6,3,1932.0,22,6,7,True
33867,Colombia,Cali,Bronce,False,False,True,1,0,0.0,16,0,8,True
33868,Colombia,Cartagena,Bronce,False,False,True,0,0,0.0,22,11,7,False
33869,Colombia,Bogotá D.C.,Bronce,False,False,True,7,6,3173.0,102,13,9,False
33870,México,—,Plata,True,True,True,18,16,8779.0,11,0,9,True
33871,Chile,—,Bronce,True,True,True,1,0,0.0,34,3,8,True
33872,Ecuador,—,Bronce,False,False,True,4,3,1148.0,37,0,10,True
33873,México,—,Oro,False,False,False,32,18,7646.0,11,2,8,True
33874,Colombia,Manizales,Bronce,True,False,True,2,1,598.0,53,5,5,True
33875,Ecuador,—,Bronce,True,False,True,7,6,2739.0,23,9,10,False
33876,Colombia,Barranquilla,Bronce,True,False,True,2,1,600.0,9,5,6,True
33877,Colombia,Bogotá D.C.,Bronce,False,False,True,0,0,0.0,55,7,8,False
33878,Colombia,Medellín,Bronce,False,False,True,0,0,0.0,2,1,10,True
33879,México,—,Bronce,False,True,True,0,0,0.0,39,9,6,False
33880,Ecuador,—,Bronce,False,False,False,1,0,0.0,23,9,6,False
33881,Colombia,Pasto,Bronce,False,False,True,0,0,0.0,45,5,9,True
33882,Colombia,Barranquilla,Plata,True,False,True,11,9,4707.0,52,2,9,True
33883,México,—,Bronce,True,False,True,4,2,746.0,26,10,6,False
33884,Colombia,Medellín,Bronce,True,True,False,3,2,738.0,19,2,3,True
33885,Uruguay,—,Bronce,False,False,False,0,0,0.0,29,23,8,False
33886,Colombia,Otras ciudades,Bronce,True,True,True,1,0,0.0,19,6,7,True
33887,Perú,—,Bronce,True,False,True,5,4,1864.0,27,6,8,True
33888,México,—,Platino,True,False,True,62,51,26541.0,26,1,8,True
33889,Colombia,Bogotá D.C.,Bronce,True,False,True,1,0,0.0,28,3,6,True
33890,Colombia,Bogotá D.C.,Bronce,False,True,False,0,0,0.0,17,1,4,True
33891,Colombia,Bogotá D.C.,Bronce,False,False,True,0,0,0.0,22,5,9,True
33892,Perú,—,Bronce,True,False,True,0,0,0.0,10,21,8,False
33893,México,—,Bronce,True,False,True,0,0,0.0,5,4,9,True
33894,Colombia,Otras ciudades,Bronce,True,False,False,1,0,0.0,34,12,9,False
33895,Colombia,Cartagena,Bronce,False,False,False,0,0,0.0,16,2,3,True
33896,Colombia,Popayán,Plata,False,False,True,8,7,3339.0,13,7,6,False
33897,Colombia,Bogotá D.C.,Bronce,False,False,True,0,0,0.0,11,2,8,True
33898,Colombia,Cali,Bronce,False,False,False,0,0,0.0,4,3,7,True
33899,México,—,Bronce,False,True,True,1,0,0.0,38,4,10,True
33900,México,—,Bronce,True,True,False,0,0,0.0,50,2,10,True
33901,Perú,—,Bronce,True,False,True,1,0,0.0,69,7,7,False
33902,Colombia,Barranquilla,Bronce,False,False,False,1,0,0.0,26,7,10,False
33903,Colombia,Bogotá D.C.,Oro,False,False,True,25,21,11578.0,24,4,6,True
33904,Colombia,Bogotá D.C.,Bronce,False,True,False,3,1,450.0,12,13,10,False
33905,Colombia,Bogotá D.C.,Plata,False,False,True,12,9,5864.0,11,0,7,True
33906,Colombia,Bogotá D.C.,Plata,False,False,False,10,6,1663.0,33,1,7,True
33907,Colombia,Otras ciudades,Bronce,True,False,True,0,0,0.0,25,3,10,True
33908,México,—,Bronce,False,True,True,1,0,0.0,62,6,8,True
33909,Colombia,Barranquilla,Bronce,False,False,True,3,1,377.0,20,2,10,True
33910,Colombia,Otras ciudades,Bronce,True,False,True,2,1,511.0,24,2,8,True
33911,Colombia,Bucaramanga,Bronce,False,False,False,2,1,719.0,28,4,10,True
33912,Colombia,Cali,Bronce,True,True,True,5,3,1918.0,25,4,10,True
33913,Colombia,Medellín,Bronce,False,False,True,0,0,0.0,19,6,8,True
33914,Colombia,Pasto,Oro,False,True,True,47,38,11896.0,19,3,5,True
33915,Colombia,Bogotá D.C.,Plata,False,False,True,10,9,6156.0,16,5,10,True
33916,Colombia,Cali,Bronce,True,False,True,0,0,0.0,9,7,8,False
33917,México,—,Plata,True,True,False,11,6,2794.0,26,5,6,True
33918,Colombia,Medellín,Bronce,True,True,True,1,0,0.0,21,6,6,True
33919,Colombia,Cali,Bronce,False,False,False,0,0,0.0,9,11,9,False
33920,Perú,—,Bronce,False,True,True,6,3,1104.0,17,2,6,True
33921,Colombia,Bogotá D.C.,Bronce,False,False,True,0,0,0.0,34,3,7,True
33922,Colombia,Valledupar,Bronce,True,False,True,0,0,0.0,14,3,7,True
33923,Colombia,Bogotá D.C.,Bronce,False,False,False,2,1,764.0,37,3,6,True
33924,Colombia,Bogotá D.C.,Bronce,True,True,True,0,0,0.0,18,5,10,True
33925,Colombia,Medellín,Bronce,True,False,True,3,1,581.0,13,6,5,True
33926,Colombia,Cali,Bronce,False,False,True,6,5,1421.0,49,1,7,True
33927,Colombia,Bogotá D.C.,Bronce,False,False,True,2,1,495.0,22,21,9,False
33928,Colombia,Cali,Bronce,False,False,True,3,2,905.0,74,4,6,True
33929,Colombia,Armenia,Bronce,False,True,True,3,1,499.0,27,12,4,False
33930,México,—,Bronce,False,False,True,1,0,0.0,9,1,8,True
33931,México,—,Bronce,False,False,True,0,0,0.0,25,0,8,True
33932,Colombia,Cartagena,Bronce,True,True,True,0,0,0.0,18,13,5,False
33933,Colombia,Bogotá D.C.,Bronce,True,True,True,0,0,0.0,55,0,7,True
33934,Ecuador,—,Bronce,False,False,True,6,4,1421.0,41,1,7,True
33935,Colombia,Neiva,Bronce,True,True,True,0,0,0.0,40,7,10,False
33936,Ecuador,—,Bronce,False,False,True,0,0,0.0,45,9,10,False
33937,Colombia,Bogotá D.C.,Bronce,False,False,False,3,2,1151.0,84,1,10,True
33938,Colombia,Bogotá D.C.,Bronce,False,False,True,2,1,480.0,75,10,9,False
33939,Colombia,Bogotá D.C.,Bronce,True,False,True,1,0,0.0,62,5,9,True
33940,Colombia,Barranquilla,Bronce,False,True,False,3,2,1266.0,2,0,5,True
33941,Colombia,Bogotá D.C.,Bronce,False,False,True,0,0,0.0,8,7,3,False
33942,México,—,Bronce,True,True,False,0,0,0.0,14,1,0,True
33943,México,—,Bronce,False,True,True,1,0,0.0,7,15,10,False
33944,México,—,Bronce,False,False,True,1,0,0.0,29,12,5,False
33945,Colombia,Barranquilla,Oro,False,True,True,43,33,16975.0,24,1,7,True
33946,México,—,Bronce,True,True,True,2,1,444.0,39,2,5,True
33947,México,—,Oro,False,False,True,29,26,15180.0,31,9,10,False
33948,Colombia,Cali,Bronce,False,True,True,4,3,1392.0,19,6,7,True
33949,Colombia,Cali,Bronce,False,False,True,0,0,0.0,30,2,8,True
33950,Colombia,Medellín,Bronce,True,False,True,2,1,426.0,52,2,8,True
33951,Colombia,Medellín,Bronce,False,True,True,1,0,0.0,18,5,3,True
33952,Colombia,Otras ciudades,Bronce,True,False,True,5,4,1830.0,35,1,10,True
33953,Colombia,Bogotá D.C.,Bronce,False,True,True,0,0,0.0,89,2,8,True
33954,Ecuador,—,Bronce,False,False,True,0,0,0.0,15,2,0,True
33955,México,—,Bronce,False,False,True,1,0,0.0,14,1,10,True
33956,Ecuador,—,Bronce,True,False,True,5,3,1263.0,53,3,8,True
33957,Colombia,Bucaramanga,Bronce,False,False,False,3,2,815.0,12,1,4,True
33958,Colombia,Medellín,Bronce,False,False,True,4,3,1272.0,3,6,8,True
33959,Colombia,Bogotá D.C.,Bronce,True,False,True,0,0,0.0,11,11,8,False
33960,México,—,Bronce,True,False,False,7,4,2454.0,40,5,7,True
33961,Colombia,Bogotá D.C.,Bronce,False,False,True,1,0,0.0,70,0,8,True
33962,Colombia,Otras ciudades,Bronce,True,False,True,1,0,0.0,17,0,6,True
33963,México,—,Bronce,True,False,True,0,0,0.0,75,7,9,False
33964,Colombia,Cali,Bronce,False,False,True,2,1,541.0,13,4,8,True
33965,México,—,Bronce,False,True,False,0,0,0.0,36,4,8,True
33966,Colombia,Medellín,Bronce,True,True,True,3,2,948.0,44,1,8,True
33967,Colombia,Bogotá D.C.,Bronce,False,True,True,0,0,0.0,19,5,6,True
33968,Perú,—,Bronce,True,False,True,1,0,0.0,20,2,10,True
33969,Colombia,Cartagena,Bronce,True,True,True,0,0,0.0,61,4,10,True
33970,Colombia,Bogotá D.C.,Bronce,False,True,True,2,1,635.0,11,6,3,True
33971,México,—,Bronce,False,False,True,0,0,0.0,14,3,5,True
33972,Colombia,Bogotá D.C.,Bronce,True,False,False,0,0,0.0,20,2,8,True
33973,Ecuador,—,Bronce,False,True,True,1,0,0.0,23,0,6,True
33974,Colombia,Bogotá D.C.,Plata,True,False,False,9,5,2384.0,32,10,5,False
33975,Colombia,Manizales,Bronce,False,False,True,0,0,0.0,31,4,10,True
33976,Colombia,Otras ciudades,Bronce,False,True,True,0,0,0.0,1,0,7,True
33977,Ecuador,—,Bronce,False,True,True,3,1,571.0,8,5,6,True
33978,México,—,Bronce,True,True,True,1,0,0.0,8,4,10,True
33979,Colombia,Bogotá D.C.,Bronce,True,False,True,0,0,0.0,14,6,8,True
33980,Colombia,Cúcuta,Bronce,True,False,True,2,1,558.0,13,0,9,True
33981,México,—,Bronce,False,False,True,1,0,0.0,25,21,9,False
33982,Colombia,Otras ciudades,Plata,True,True,True,11,8,4090.0,18,22,7,False
33983,Perú,—,Bronce,False,True,True,0,0,0.0,6,2,10,True
33984,Colombia,Neiva,Plata,False,False,True,19,15,11156.0,49,7,8,False
33985,Colombia,Bogotá D.C.,Bronce,False,False,True,4,2,1116.0,19,5,10,True
33986,Colombia,Medellín,Bronce,False,False,True,0,0,0.0,32,10,3,False
33987,Ecuador,—,Bronce,False,False,True,1,0,0.0,45,2,7,True
33988,Colombia,Otras ciudades,Plata,False,True,True,16,11,6950.0,18,4,5,True
33989,Colombia,Bogotá D.C.,Bronce,False,False,True,1,0,0.0,3,1,4,True
33990,Colombia,Cartagena,Bronce,False,True,False,0,0,0.0,13,0,7,True
33991,Colombia,Barranquilla,Bronce,True,False,True,0,0,0.0,139,0,9,True
33992,Ecuador,—,Bronce,True,True,True,3,1,515.0,37,4,4,True
33993,Ecuador,—,Bronce,False,False,True,0,0,0.0,17,3,10,True
33994,Colombia,Medellín,Bronce,False,False,True,1,0,0.0,29,9,9,False
33995,Colombia,Bogotá D.C.,Oro,False,True,True,48,42,16987.0,44,12,10,False
33996,Colombia,Manizales,Plata,True,False,True,8,5,2079.0,23,6,8,True
33997,México,—,Plata,False,False,True,12,9,3952.0,65,4,7,True
33998,Colombia,Barranquilla,Bronce,False,True,False,2,1,507.0,8,10,10,False
33999,Uruguay,—,Bronce,True,False,True,2,1,370.0,4,13,6,False
34000,Colombia,Cali,Bronce,False,False,True,1,0,0.0,31,7,10,False
34001,Colombia,Medellín,Bronce,False,False,True,2,1,501.0,12,14,9,False
34002,Colombia,Pereira,Bronce,True,False,True,0,0,0.0,25,1,3,True
34003,Colombia,Medellín,Bronce,False,False,True,5,4,2279.0,6,0,9,True
34004,Colombia,Otras ciudades,Plata,False,False,True,12,11,5523.0,17,21,9,False
34005,Colombia,Otras ciudades,Bronce,False,False,False,4,3,1337.0,19,0,8,True
34006,México,—,Bronce,False,False,False,0,0,0.0,29,9,9,False
34007,Colombia,Cali,Bronce,True,True,True,0,0,0.0,11,26,7,False
34008,México,—,Bronce,False,False,True,3,2,1132.0,57,4,10,True
34009,Colombia,Otras ciudades,Bronce,True,False,True,4,2,954.0,68,22,7,False
34010,México,—,Bronce,False,False,True,0,0,0.0,32,4,5,True
34011,Colombia,Bogotá D.C.,Bronce,True,True,True,0,0,0.0,58,1,3,True
34012,Colombia,Bucaramanga,Bronce,False,False,True,1,0,0.0,4,11,10,False
34013,Ecuador,—,Bronce,False,False,True,4,2,1098.0,17,1,9,True
34014,Colombia,Bogotá D.C.,Bronce,False,True,True,0,0,0.0,16,5,10,True
34015,Colombia,Cartagena,Plata,False,False,True,8,5,1827.0,154,2,9,True
34016,Colombia,Montería,Bronce,False,False,False,7,4,2063.0,27,20,9,False
34017,Ecuador,—,Bronce,True,True,False,3,1,445.0,5,4,1,True
34018,Perú,—,Plata,False,True,False,18,14,10040.0,5,4,8,True
34019,Colombia,Otras ciudades,Bronce,True,False,True,4,2,878.0,89,4,6,True
34020,Colombia,Otras ciudades,Bronce,False,True,True,3,2,1003.0,12,1,9,True
34021,Colombia,Ibagué,Bronce,False,False,False,5,4,1691.0,1,8,5,False
34022,Colombia,Cali,Platino,False,False,True,79,52,21070.0,38,9,7,False
34023,Colombia,Bogotá D.C.,Bronce,True,False,False,4,3,1124.0,62,12,8,False
34024,Colombia,Ibagué,Bronce,False,True,False,0,0,0.0,50,6,3,True
34025,Colombia,Pasto,Bronce,False,True,True,7,6,2944.0,35,6,9,True
34026,Colombia,Bogotá D.C.,Plata,True,False,True,8,6,3199.0,19,21,10,False
34027,Colombia,Cali,Oro,False,False,True,25,19,10666.0,33,1,6,True
34028,Perú,—,Bronce,True,False,True,1,0,0.0,19,10,10,False
34029,México,—,Bronce,False,True,True,2,1,367.0,20,4,7,True
34030,Ecuador,—,Bronce,False,False,True,0,0,0.0,1,4,10,True
34031,Uruguay,—,Bronce,False,False,True,2,1,581.0,11,5,8,True
34032,México,—,Bronce,False,True,True,1,0,0.0,11,2,7,True
34033,Colombia,Medellín,Bronce,False,False,False,2,1,444.0,23,7,6,False
34034,Colombia,Cali,Bronce,False,True,True,0,0,0.0,20,11,7,False
34035,Perú,—,Bronce,False,True,False,6,5,2106.0,11,1,5,True
34036,Colombia,Otras ciudades,Bronce,False,False,True,5,4,1902.0,6,2,5,True
34037,Ecuador,—,Bronce,False,False,False,2,1,521.0,24,2,7,True
34038,México,—,Bronce,False,False,False,6,3,1594.0,24,0,4,True
34039,México,—,Bronce,False,False,True,2,1,479.0,12,3,5,True
34040,Ecuador,—,Bronce,False,False,True,6,4,1917.0,26,8,9,False
34041,México,—,Bronce,False,True,True,1,0,0.0,17,6,10,True
34042,Colombia,Barranquilla,Bronce,False,True,True,3,2,823.0,12,13,6,False
34043,México,—,Bronce,False,True,True,0,0,0.0,33,1,7,True
34044,Colombia,Medellín,Bronce,True,False,True,0,0,0.0,30,9,2,False
34045,Colombia,Barranquilla,Bronce,False,True,True,4,3,1831.0,2,2,7,True
34046,Perú,—,Bronce,False,False,True,0,0,0.0,23,5,9,True
34047,Colombia,Bogotá D.C.,Bronce,False,True,True,1,0,0.0,36,5,5,True
34048,México,—,Bronce,True,False,True,1,0,0.0,10,4,7,True
34049,Colombia,Bucaramanga,Bronce,False,True,True,0,0,0.0,47,2,10,True
34050,Colombia,Ibagué,Bronce,True,False,True,2,1,592.0,10,0,7,True
34051,Colombia,Medellín,Bronce,False,False,True,2,1,429.0,53,0,6,True
34052,Ecuador,—,Bronce,False,False,True,1,0,0.0,5,6,3,True
34053,Colombia,Pereira,Bronce,True,False,True,1,0,0.0,3,5,8,True
34054,Colombia,Barranquilla,Oro,False,True,True,38,32,11955.0,16,5,6,True
34055,México,—,Bronce,True,True,True,5,3,1438.0,25,3,7,True
34056,Colombia,Bogotá D.C.,Bronce,False,False,True,2,1,432.0,24,13,8,False
34057,Colombia,Medellín,Bronce,True,False,False,4,2,1242.0,67,0,5,True
34058,Ecuador,—,Bronce,True,False,True,0,0,0.0,21,5,10,True
34059,Ecuador,—,Bronce,False,False,True,6,5,2814.0,9,5,7,True
34060,Colombia,Cartagena,Plata,False,False,True,8,5,2880.0,23,4,9,True
34061,Ecuador,—,Bronce,False,False,True,5,4,2212.0,13,1,10,True
34062,Colombia,Cali,Bronce,True,True,True,2,1,444.0,38,2,6,True
34063,Colombia,Barranquilla,Bronce,True,False,True,4,3,1331.0,12,1,6,True
34064,Colombia,Cali,Bronce,True,True,True,7,4,1997.0,55,2,6,True
34065,Chile,—,Plata,True,False,True,19,11,5279.0,30,9,8,False
34066,Colombia,Bogotá D.C.,Bronce,True,False,True,1,0,0.0,35,2,10,True
34067,México,—,Bronce,False,True,True,5,3,2078.0,27,13,6,False
34068,Colombia,Bogotá D.C.,Plata,True,False,False,11,9,4870.0,53,2,8,True
34069,Chile,—,Bronce,True,False,False,0,0,0.0,33,4,9,True
34070,Colombia,Bucaramanga,Bronce,False,False,True,4,2,1045.0,31,1,8,True
34071,Colombia,Bogotá D.C.,Bronce,True,True,False,0,0,0.0,34,3,3,True
34072,Uruguay,—,Bronce,True,False,True,5,3,1334.0,5,14,9,False
34073,México,—,Bronce,False,True,True,0,0,0.0,8,8,9,False
34074,Colombia,Barranquilla,Bronce,False,True,False,5,3,1580.0,53,9,5,False
34075,Colombia,Cartagena,Bronce,True,False,True,0,0,0.0,18,4,9,True
34076,Colombia,Bogotá D.C.,Bronce,False,False,True,3,2,1558.0,13,18,10,False
34077,Perú,—,Bronce,False,False,False,1,0,0.0,29,14,10,False
34078,Colombia,Bogotá D.C.,Bronce,False,False,True,0,0,0.0,29,4,9,True
34079,Colombia,Bogotá D.C.,Bronce,False,True,True,0,0,0.0,6,2,8,True
34080,Perú,—,Bronce,False,False,False,0,0,0.0,35,9,4,False
34081,Colombia,Cartagena,Bronce,False,False,True,0,0,0.0,60,6,5,True
34082,Colombia,Villavicencio,Bronce,False,False,True,1,0,0.0,30,0,8,True
34083,Colombia,Bogotá D.C.,Plata,False,True,True,13,10,4889.0,48,2,10,True
34084,Uruguay,—,Bronce,True,False,True,2,1,638.0,46,13,9,False
34085,Colombia,Otras ciudades,Bronce,False,True,True,1,0,0.0,1,6,10,True
34086,México,—,Bronce,True,False,False,0,0,0.0,23,2,10,True
34087,Uruguay,—,Bronce,True,False,False,0,0,0.0,77,3,7,True
34088,Colombia,Bogotá D.C.,Oro,True,True,True,32,26,17530.0,14,9,7,False
34089,Colombia,Medellín,Bronce,True,False,True,0,0,0.0,3,4,8,True
34090,México,—,Bronce,False,False,True,0,0,0.0,39,5,7,True
34091,Perú,—,Bronce,False,False,True,1,0,0.0,3,2,10,True
34092,Colombia,Barranquilla,Bronce,True,False,False,0,0,0.0,26,7,8,False
34093,Colombia,Bogotá D.C.,Bronce,False,False,True,1,0,0.0,22,4,9,True
34094,Colombia,Popayán,Bronce,True,False,True,5,4,1733.0,10,0,9,True
34095,Colombia,Bucaramanga,Bronce,True,False,True,3,1,307.0,6,7,4,False
34096,Uruguay,—,Bronce,True,True,True,0,0,0.0,22,17,10,False
34097,Colombia,Santa Marta,Bronce,False,False,True,0,0,0.0,21,6,9,True
34098,México,—,Bronce,False,True,True,0,0,0.0,28,2,6,True
34099,Colombia,Pereira,Bronce,False,False,True,1,0,0.0,14,18,10,False
34100,Colombia,Otras ciudades,Bronce,False,False,True,0,0,0.0,16,15,6,False
34101,México,—,Bronce,True,False,True,1,0,0.0,21,0,10,True
34102,Perú,—,Oro,True,False,True,30,25,13800.0,40,2,10,True
34103,México,—,Bronce,True,True,True,0,0,0.0,30,12,5,False
34104,México,—,Bronce,False,False,True,1,0,0.0,11,6,5,True
34105,Colombia,Otras ciudades,Bronce,True,True,True,0,0,0.0,23,2,8,True
34106,Colombia,Cali,Bronce,True,True,True,6,5,1495.0,56,2,6,True
34107,Chile,—,Bronce,True,False,True,7,4,2047.0,47,5,9,True
34108,Colombia,Bogotá D.C.,Bronce,True,False,True,0,0,0.0,19,10,6,False
34109,Colombia,Bogotá D.C.,Bronce,False,False,True,3,2,1104.0,4,4,10,True
34110,Colombia,Bogotá D.C.,Bronce,False,False,False,0,0,0.0,47,1,10,True
34111,Colombia,Medellín,Bronce,True,False,True,0,0,0.0,12,1,10,True
34112,Colombia,Bogotá D.C.,Bronce,False,True,True,3,2,888.0,9,12,8,False
34113,Colombia,Bucaramanga,Bronce,True,True,False,2,1,413.0,53,15,6,False
34114,Colombia,Cali,Bronce,False,False,True,2,1,354.0,38,4,8,True
34115,Uruguay,—,Bronce,True,False,True,4,3,1178.0,20,3,6,True
34116,Uruguay,—,Bronce,False,False,True,0,0,0.0,72,0,9,True
34117,Ecuador,—,Plata,False,False,True,8,5,2223.0,49,13,10,False
34118,Colombia,Cali,Bronce,True,False,True,0,0,0.0,36,11,4,False
34119,Colombia,Bogotá D.C.,Plata,False,True,True,12,7,2261.0,61,1,7,True
34120,Colombia,Pereira,Bronce,False,True,True,2,1,553.0,25,11,6,False
34121,Colombia,Bucaramanga,Bronce,True,True,True,0,0,0.0,34,4,9,True
34122,Colombia,Bogotá D.C.,Bronce,True,True,True,0,0,0.0,30,7,5,False
34123,Ecuador,—,Bronce,False,True,True,1,0,0.0,58,1,5,True
34124,Colombia,Cali,Bronce,False,False,False,3,2,620.0,43,3,10,True
34125,Colombia,Cúcuta,Bronce,False,True,True,1,0,0.0,26,1,9,True
34126,Colombia,Pereira,Bronce,False,False,False,7,6,3101.0,6,9,9,False
34127,Colombia,Valledupar,Bronce,True,False,True,0,0,0.0,120,4,10,True
34128,México,—,Bronce,True,False,True,0,0,0.0,9,4,10,True
34129,México,—,Bronce,False,False,False,2,1,439.0,24,10,6,False
34130,Colombia,Barranquilla,Bronce,False,False,True,6,3,1806.0,28,2,7,True
34131,Colombia,Cali,Plata,True,False,False,22,14,7110.0,60,1,7,True
34132,México,—,Bronce,True,False,True,2,1,520.0,24,13,6,False
34133,Colombia,Barranquilla,Oro,False,False,True,33,21,11398.0,29,20,9,False
34134,Colombia,Bogotá D.C.,Bronce,True,True,True,0,0,0.0,6,7,8,False
34135,Colombia,Medellín,Bronce,True,False,True,1,0,0.0,12,4,7,True
34136,Colombia,Cali,Bronce,False,False,False,0,0,0.0,42,0,9,True
34137,Colombia,Armenia,Bronce,False,True,True,4,2,743.0,13,14,4,False
34138,Colombia,Bogotá D.C.,Bronce,False,False,True,0,0,0.0,43,20,7,False
34139,Colombia,Bucaramanga,Platino,False,False,True,86,56,31233.0,5,3,3,True
34140,México,—,Bronce,True,False,False,0,0,0.0,14,10,7,False
34141,Colombia,Otras ciudades,Bronce,False,True,True,0,0,0.0,8,3,8,True
34142,Colombia,Otras ciudades,Bronce,True,True,True,2,1,510.0,6,0,9,True
34143,Colombia,Popayán,Bronce,True,False,True,3,2,730.0,35,7,5,False
34144,Ecuador,—,Bronce,True,False,True,0,0,0.0,21,7,10,False
34145,Colombia,Bogotá D.C.,Bronce,False,False,True,0,0,0.0,6,14,9,False
34146,Colombia,Manizales,Plata,True,True,True,14,9,4590.0,20,14,6,False
34147,México,—,Bronce,True,False,True,0,0,0.0,13,9,10,False
34148,Colombia,Bogotá D.C.,Bronce,True,True,True,0,0,0.0,37,14,6,False
34149,Ecuador,—,Bronce,True,False,True,1,0,0.0,60,15,7,False
34150,Chile,—,Bronce,False,True,True,6,5,2441.0,12,6,3,True
34151,México,—,Bronce,False,False,True,0,0,0.0,24,1,10,True
34152,Colombia,Bogotá D.C.,Bronce,True,True,False,2,1,596.0,22,0,10,True
34153,Colombia,Bogotá D.C.,Bronce,False,False,True,0,0,0.0,5,7,6,False
34154,Colombia,Santa Marta,Bronce,False,True,False,0,0,0.0,42,2,7,True
34155,Uruguay,—,Bronce,True,False,True,0,0,0.0,90,3,5,True
34156,Colombia,Medellín,Bronce,False,False,True,1,0,0.0,29,7,7,False
34157,México,—,Bronce,True,False,True,0,0,0.0,37,4,9,True
34158,Colombia,Medellín,Bronce,True,False,True,1,0,0.0,35,6,10,True
34159,Perú,—,Bronce,False,True,True,0,0,0.0,44,1,6,True
34160,Colombia,Bogotá D.C.,Plata,False,False,True,15,9,5762.0,45,4,5,True
34161,Ecuador,—,Bronce,False,False,True,0,0,0.0,14,9,8,False
34162,Colombia,Armenia,Bronce,False,False,False,0,0,0.0,34,3,6,True
34163,Perú,—,Bronce,False,True,True,0,0,0.0,15,4,5,True
34164,Ecuador,—,Bronce,True,False,True,0,0,0.0,22,0,5,True
34165,Colombia,Bogotá D.C.,Bronce,False,False,True,0,0,0.0,10,1,8,True
34166,México,—,Bronce,False,True,True,0,0,0.0,32,0,7,True
34167,México,—,Bronce,False,True,True,0,0,0.0,141,15,8,False
34168,Colombia,Bogotá D.C.,Plata,True,False,False,15,12,6364.0,5,0,7,True
34169,Colombia,Bogotá D.C.,Bronce,True,True,True,0,0,0.0,15,2,8,True
34170,Ecuador,—,Bronce,True,False,True,0,0,0.0,45,7,7,False
34171,Colombia,Otras ciudades,Bronce,False,False,True,5,3,789.0,47,1,7,True
34172,México,—,Bronce,False,False,False,1,0,0.0,30,5,7,True
34173,México,—,Bronce,True,True,True,3,2,1092.0,10,8,8,False
34174,Colombia,Bogotá D.C.,Bronce,True,False,False,0,0,0.0,34,9,8,False
34175,Colombia,Bogotá D.C.,Bronce,False,True,True,0,0,0.0,9,2,8,True
34176,México,—,Bronce,False,False,False,0,0,0.0,40,8,7,False
34177,Colombia,Medellín,Bronce,True,False,True,0,0,0.0,9,1,3,True
34178,Colombia,Cali,Bronce,False,False,True,0,0,0.0,30,5,8,True
34179,México,—,Plata,True,False,True,14,10,3909.0,11,22,9,False
34180,Colombia,Neiva,Bronce,True,False,True,0,0,0.0,32,6,10,True
34181,México,—,Bronce,False,False,True,6,5,2548.0,15,4,6,True
34182,Perú,—,Bronce,False,True,False,6,4,2300.0,41,6,4,True
34183,Colombia,Barranquilla,Bronce,False,False,True,3,2,933.0,19,2,9,True
34184,Ecuador,—,Bronce,True,False,False,1,0,0.0,34,1,10,True
34185,México,—,Bronce,False,False,True,0,0,0.0,29,5,9,True
34186,Colombia,Ibagué,Bronce,True,True,True,3,2,608.0,24,11,7,False
34187,México,—,Bronce,True,True,True,1,0,0.0,56,3,10,True
34188,Colombia,Bogotá D.C.,Bronce,False,False,True,4,2,1198.0,12,1,0,True
34189,Colombia,Bogotá D.C.,Bronce,False,False,True,0,0,0.0,4,11,7,False
34190,Ecuador,—,Bronce,False,False,False,0,0,0.0,17,4,8,True
34191,Colombia,Cali,Plata,False,False,True,10,8,4288.0,5,3,6,True
34192,Colombia,Manizales,Bronce,False,False,True,0,0,0.0,15,2,2,True
34193,Chile,—,Bronce,False,False,True,0,0,0.0,6,7,10,False
34194,Colombia,Cali,Bronce,False,False,True,0,0,0.0,9,6,4,True
34195,Ecuador,—,Bronce,True,True,True,7,6,2625.0,6,7,10,False
34196,Colombia,Medellín,Bronce,True,False,True,0,0,0.0,27,10,5,False
34197,Colombia,Cali,Bronce,True,True,True,1,0,0.0,29,2,2,True
34198,Uruguay,—,Bronce,False,True,False,0,0,0.0,10,2,6,True
34199,Colombia,Popayán,Bronce,True,False,True,6,4,1525.0,66,3,7,True
34200,México,—,Bronce,True,True,True,3,2,1145.0,24,4,9,True
34201,Colombia,Bogotá D.C.,Bronce,True,False,True,0,0,0.0,16,4,10,True
34202,Colombia,Bogotá D.C.,Bronce,False,False,False,1,0,0.0,16,4,5,True
34203,Colombia,Bogotá D.C.,Bronce,True,False,True,0,0,0.0,56,8,10,False
34204,Colombia,Cali,Bronce,True,False,True,1,0,0.0,27,1,5,True
34205,Ecuador,—,Bronce,False,False,True,2,1,573.0,10,8,7,False
34206,México,—,Bronce,True,False,True,0,0,0.0,24,4,7,True
34207,Colombia,Barranquilla,Plata,True,True,True,9,5,3266.0,20,10,7,False
34208,Colombia,Bogotá D.C.,Bronce,False,True,True,4,3,932.0,30,8,8,False
34209,Colombia,Medellín,Plata,True,False,True,14,10,3972.0,25,4,7,True
34210,Colombia,Bucaramanga,Bronce,True,False,True,4,2,1119.0,2,8,8,False
34211,Colombia,Popayán,Bronce,True,False,True,6,3,1899.0,5,9,6,False
34212,Colombia,Bogotá D.C.,Bronce,False,False,True,4,3,1744.0,17,2,7,True
34213,Colombia,Bogotá D.C.,Bronce,False,True,True,6,5,2299.0,7,1,10,True
34214,Colombia,Cúcuta,Bronce,True,False,False,1,0,0.0,1,9,7,False
34215,México,—,Bronce,True,False,True,0,0,0.0,49,0,7,True
34216,Colombia,Medellín,Bronce,True,False,True,2,1,470.0,31,0,5,True
34217,México,—,Bronce,False,False,True,3,2,1030.0,26,10,5,False
34218,Uruguay,—,Bronce,False,False,False,0,0,0.0,51,6,4,True
34219,Colombia,Cali,Plata,True,False,True,9,7,4520.0,13,3,10,True
34220,Colombia,Cartagena,Bronce,False,False,False,2,1,656.0,14,3,7,True
34221,Colombia,Medellín,Bronce,True,False,True,4,2,840.0,33,1,8,True
34222,Colombia,Bogotá D.C.,Bronce,True,True,True,0,0,0.0,18,3,10,True
34223,México,—,Bronce,False,True,True,3,2,1001.0,30,4,8,True
34224,Colombia,Villavicencio,Bronce,False,False,True,2,1,540.0,36,15,9,False
34225,México,—,Plata,True,False,True,12,11,7808.0,30,6,8,True
34226,Perú,—,Bronce,True,False,True,0,0,0.0,47,5,9,True
34227,Colombia,Cartagena,Plata,False,False,True,11,7,3774.0,31,6,9,True
34228,Colombia,Ibagué,Plata,False,False,True,14,9,4179.0,27,1,7,True
34229,Perú,—,Bronce,True,False,False,0,0,0.0,26,12,10,False
34230,Colombia,Medellín,Bronce,True,False,True,1,0,0.0,1,8,7,False
34231,Colombia,Barranquilla,Bronce,False,True,True,0,0,0.0,27,2,4,True
34232,Chile,—,Bronce,False,False,True,4,3,1948.0,52,17,7,False
34233,Perú,—,Plata,True,True,True,24,21,6971.0,16,2,8,True
34234,Perú,—,Bronce,False,True,True,0,0,0.0,17,7,6,False
34235,Uruguay,—,Bronce,True,True,True,0,0,0.0,25,5,10,True
34236,Colombia,Medellín,Bronce,False,True,True,0,0,0.0,22,2,8,True
34237,México,—,Bronce,True,True,True,0,0,0.0,62,3,8,True
34238,Colombia,Bogotá D.C.,Bronce,False,True,True,1,0,0.0,31,1,6,True
34239,Colombia,Barranquilla,Bronce,True,False,True,3,2,853.0,15,8,7,False
34240,Colombia,Pasto,Plata,True,False,True,16,13,6491.0,11,0,3,True
34241,Colombia,Sincelejo,Bronce,False,True,True,3,2,775.0,13,1,5,True
34242,Ecuador,—,Bronce,False,False,True,0,0,0.0,63,3,10,True
34243,Colombia,Santa Marta,Plata,False,False,True,18,11,6523.0,22,2,10,True
34244,Colombia,Bogotá D.C.,Bronce,False,False,True,2,1,684.0,3,7,7,False
34245,Chile,—,Platino,False,True,True,200,146,69048.0,23,5,6,True
34246,Colombia,Barranquilla,Bronce,True,False,True,4,2,872.0,47,6,5,True
34247,Colombia,Villavicencio,Bronce,True,False,True,0,0,0.0,19,16,5,False
34248,Colombia,Cartagena,Bronce,False,False,True,2,1,464.0,27,0,9,True
34249,Colombia,Barranquilla,Bronce,False,False,True,7,5,3565.0,42,1,7,True
34250,Colombia,Medellín,Bronce,True,False,True,1,0,0.0,17,3,8,True
34251,Colombia,Bogotá D.C.,Bronce,False,False,True,1,0,0.0,8,7,8,False
34252,Colombia,Bogotá D.C.,Bronce,True,False,False,0,0,0.0,62,7,9,False
34253,Colombia,Santa Marta,Bronce,False,True,True,1,0,0.0,23,13,8,False
34254,Colombia,Ibagué,Bronce,True,False,True,0,0,0.0,45,10,5,False
34255,Colombia,Barranquilla,Bronce,False,False,True,1,0,0.0,30,4,5,True
34256,Colombia,Medellín,Bronce,False,False,True,1,0,0.0,43,22,7,False
34257,México,—,Bronce,False,True,False,2,1,426.0,28,2,6,True
34258,Colombia,Medellín,Bronce,True,False,False,0,0,0.0,20,3,3,True
34259,Colombia,Popayán,Bronce,False,False,True,6,5,2196.0,14,8,9,False
34260,Colombia,Bogotá D.C.,Bronce,True,True,True,0,0,0.0,19,3,10,True
34261,México,—,Plata,False,True,True,17,10,4517.0,22,6,9,True
34262,Colombia,Cúcuta,Bronce,False,True,True,5,3,1258.0,15,3,4,True
34263,Uruguay,—,Bronce,True,False,False,1,0,0.0,76,4,5,True
34264,Colombia,Armenia,Plata,False,False,False,8,5,2760.0,29,13,9,False
34265,Colombia,Medellín,Bronce,False,False,True,2,1,559.0,6,2,10,True
34266,Colombia,Medellín,Plata,True,False,True,23,21,11914.0,34,3,8,True
34267,Colombia,Neiva,Plata,False,False,True,8,6,3243.0,25,2,5,True
34268,Colombia,Bogotá D.C.,Bronce,False,False,True,6,3,1786.0,17,6,7,True
34269,Colombia,Bogotá D.C.,Plata,False,True,True,10,7,3237.0,11,2,7,True
34270,Perú,—,Bronce,False,True,True,4,3,1363.0,32,2,10,True
34271,Colombia,Bogotá D.C.,Bronce,False,True,True,3,1,444.0,9,2,3,True
34272,Colombia,Cali,Bronce,True,False,True,6,5,2044.0,30,5,6,True
34273,Colombia,Otras ciudades,Bronce,True,False,False,1,0,0.0,37,1,5,True
34274,Colombia,Medellín,Bronce,False,False,True,3,2,1105.0,10,25,8,False
34275,Colombia,Medellín,Plata,False,True,True,12,10,5157.0,23,0,6,True
34276,Colombia,Bogotá D.C.,Bronce,True,False,True,2,1,633.0,16,2,5,True
34277,Uruguay,—,Bronce,True,False,False,2,1,420.0,8,2,7,True
34278,Ecuador,—,Bronce,False,False,True,1,0,0.0,18,1,6,True
34279,Colombia,Bogotá D.C.,Bronce,False,True,True,0,0,0.0,11,9,6,False
34280,Colombia,Bogotá D.C.,Bronce,False,False,False,1,0,0.0,15,4,5,True
34281,Ecuador,—,Bronce,True,False,False,7,4,2161.0,42,10,9,False
34282,Colombia,Bogotá D.C.,Plata,True,True,True,13,9,3947.0,25,2,7,True
34283,Colombia,Bogotá D.C.,Bronce,True,False,True,0,0,0.0,14,1,7,True
34284,Colombia,Bogotá D.C.,Platino,False,False,True,146,98,31945.0,23,2,8,True
34285,Colombia,Santa Marta,Plata,False,False,False,10,8,4325.0,54,3,6,True
34286,Colombia,Bogotá D.C.,Bronce,False,True,True,0,0,0.0,10,5,4,True
34287,Ecuador,—,Bronce,True,False,True,1,0,0.0,9,17,8,False
34288,México,—,Bronce,True,False,True,1,0,0.0,14,1,10,True
34289,Perú,—,Bronce,True,False,True,3,1,333.0,14,9,10,False
34290,Perú,—,Plata,False,False,True,9,6,3092.0,28,6,7,True
34291,Colombia,Bucaramanga,Bronce,False,False,True,0,0,0.0,3,16,8,False
34292,Colombia,Bogotá D.C.,Bronce,False,False,True,0,0,0.0,37,2,9,True
34293,Colombia,Neiva,Oro,True,False,True,29,18,11099.0,4,8,7,False
34294,Colombia,Otras ciudades,Bronce,True,False,True,0,0,0.0,6,6,8,True
34295,Perú,—,Bronce,True,True,False,0,0,0.0,24,1,7,True
34296,Colombia,Cali,Bronce,False,True,False,1,0,0.0,32,4,10,True
34297,México,—,Bronce,False,True,False,1,0,0.0,10,1,9,True
34298,Ecuador,—,Bronce,False,True,True,0,0,0.0,4,2,6,True
34299,Colombia,Bogotá D.C.,Bronce,False,True,True,0,0,0.0,7,0,9,True
34300,Colombia,Popayán,Plata,False,False,True,10,6,2890.0,18,0,8,True
34301,Colombia,Bogotá D.C.,Bronce,True,False,False,0,0,0.0,11,2,9,True
34302,Colombia,Bogotá D.C.,Bronce,True,False,False,1,0,0.0,6,2,7,True
34303,Colombia,Bogotá D.C.,Bronce,True,False,True,0,0,0.0,14,15,10,False
34304,Colombia,Cali,Bronce,True,False,True,1,0,0.0,28,14,10,False
34305,Colombia,Cali,Bronce,True,True,True,4,3,1135.0,8,4,8,True
34306,Colombia,Armenia,Plata,True,False,False,17,14,7083.0,34,2,4,True
34307,Colombia,Cartagena,Bronce,False,False,False,3,2,1058.0,33,9,8,False
34308,México,—,Bronce,False,False,True,0,0,0.0,31,11,8,False
34309,Colombia,Bogotá D.C.,Bronce,False,False,False,2,1,491.0,5,1,9,True
34310,México,—,Bronce,True,False,True,3,1,546.0,7,8,4,False
34311,Colombia,Montería,Bronce,False,False,False,0,0,0.0,47,12,7,False
34312,Ecuador,—,Bronce,True,False,False,4,2,936.0,9,9,9,False
34313,Colombia,Santa Marta,Plata,True,False,True,14,9,5100.0,8,8,8,False
34314,Colombia,Barranquilla,Bronce,False,False,True,0,0,0.0,16,4,6,True
34315,Colombia,Bogotá D.C.,Bronce,True,True,True,0,0,0.0,35,7,9,False
34316,Colombia,Manizales,Bronce,True,True,True,1,0,0.0,3,2,9,True
34317,Ecuador,—,Plata,True,False,True,15,9,4526.0,46,4,8,True
34318,Colombia,Cúcuta,Bronce,False,False,False,1,0,0.0,3,11,6,False
34319,Colombia,Cúcuta,Bronce,False,True,True,2,1,735.0,21,13,7,False
34320,Colombia,Bogotá D.C.,Bronce,True,False,True,7,5,2601.0,35,3,10,True
34321,Perú,—,Plata,True,False,True,11,9,5060.0,15,2,10,True
34322,México,—,Bronce,True,True,True,6,5,1892.0,16,11,8,False
34323,Colombia,Pasto,Bronce,False,True,True,0,0,0.0,17,16,6,False
34324,México,—,Bronce,True,False,True,4,2,848.0,41,3,9,True
34325,Ecuador,—,Bronce,False,True,True,3,2,944.0,63,17,4,False
34326,Colombia,Cartagena,Bronce,False,True,True,1,0,0.0,42,1,9,True
34327,México,—,Bronce,False,False,False,0,0,0.0,7,0,7,True
34328,México,—,Plata,True,False,True,22,20,10840.0,54,3,10,True
34329,Colombia,Otras ciudades,Bronce,True,False,False,0,0,0.0,14,7,8,False
34330,Colombia,Cali,Plata,True,False,False,19,13,6465.0,35,9,10,False
34331,Uruguay,—,Bronce,False,True,True,0,0,0.0,36,4,6,True
34332,Perú,—,Bronce,False,False,True,0,0,0.0,5,2,5,True
34333,Colombia,Villavicencio,Bronce,False,False,True,0,0,0.0,54,1,8,True
34334,Colombia,Cúcuta,Bronce,False,False,True,0,0,0.0,38,0,7,True
34335,Colombia,Ibagué,Bronce,True,False,True,1,0,0.0,32,7,5,False
34336,Colombia,Otras ciudades,Bronce,False,False,True,4,2,643.0,29,2,6,True
34337,Colombia,Medellín,Bronce,True,False,True,1,0,0.0,22,3,10,True
34338,Colombia,Otras ciudades,Plata,True,False,True,9,5,1608.0,100,12,2,False
34339,México,—,Bronce,False,False,True,1,0,0.0,23,3,9,True
34340,Colombia,Bogotá D.C.,Plata,False,False,True,18,12,5728.0,9,14,8,False
34341,Colombia,Otras ciudades,Bronce,False,False,False,0,0,0.0,28,2,7,True
34342,Uruguay,—,Bronce,False,False,True,7,5,3251.0,30,7,9,False
34343,Perú,—,Bronce,True,False,True,0,0,0.0,4,7,8,False
34344,Colombia,Bogotá D.C.,Bronce,False,False,True,4,2,1254.0,31,8,10,False
34345,Colombia,Medellín,Bronce,False,False,True,0,0,0.0,30,2,7,True
34346,Ecuador,—,Plata,False,False,True,15,12,3102.0,53,4,8,True
34347,Colombia,Cali,Bronce,False,False,True,4,3,1362.0,12,2,10,True
34348,Uruguay,—,Bronce,False,False,True,0,0,0.0,12,3,7,True
34349,Colombia,Bucaramanga,Bronce,True,False,False,3,2,1325.0,41,11,7,False
34350,Colombia,Bogotá D.C.,Bronce,False,False,False,0,0,0.0,18,2,10,True
34351,Colombia,Medellín,Plata,False,False,True,23,16,6764.0,6,0,5,True
34352,México,—,Bronce,False,False,True,6,4,1321.0,7,5,10,True
34353,Perú,—,Bronce,False,True,True,1,0,0.0,15,2,10,True
34354,Colombia,Bogotá D.C.,Plata,False,False,True,9,7,4654.0,41,2,10,True
34355,Ecuador,—,Plata,False,False,True,11,8,3753.0,15,8,6,False
34356,Colombia,Cartagena,Bronce,True,False,False,1,0,0.0,42,2,10,True
34357,Colombia,Manizales,Bronce,True,False,False,0,0,0.0,44,7,7,False
34358,Uruguay,—,Bronce,True,False,True,0,0,0.0,29,0,8,True
34359,México,—,Oro,True,False,True,47,31,14264.0,16,3,10,True
34360,Colombia,Bogotá D.C.,Bronce,False,False,True,3,2,716.0,15,0,8,True
34361,Colombia,Pasto,Plata,True,False,True,9,6,3517.0,33,8,5,False
34362,Colombia,Bogotá D.C.,Bronce,True,False,False,3,1,354.0,19,3,7,True
34363,Colombia,Bogotá D.C.,Plata,True,False,False,8,5,2348.0,13,9,6,False
34364,Colombia,Barranquilla,Bronce,True,False,True,1,0,0.0,16,6,7,True
34365,Colombia,Medellín,Bronce,False,True,True,4,2,1289.0,30,3,4,True
34366,Colombia,Cali,Bronce,False,False,True,6,3,1685.0,11,7,10,False
34367,Colombia,Bogotá D.C.,Bronce,False,True,False,3,2,1169.0,53,26,7,False
34368,Colombia,Barranquilla,Bronce,True,True,True,2,1,485.0,134,8,9,False
34369,México,—,Bronce,False,False,True,2,1,633.0,19,1,7,True
34370,Colombia,Bucaramanga,Bronce,False,False,True,6,4,1860.0,27,10,10,False
34371,Colombia,Otras ciudades,Bronce,False,False,True,1,0,0.0,15,11,8,False
34372,Colombia,Medellín,Bronce,True,True,True,3,2,1212.0,26,0,5,True
34373,Colombia,Cali,Plata,False,False,True,9,8,3784.0,23,0,6,True
34374,Colombia,Cartagena,Bronce,True,False,True,1,0,0.0,8,2,10,True
34375,Colombia,Bogotá D.C.,Bronce,False,False,True,0,0,0.0,25,2,6,True
34376,Colombia,Otras ciudades,Bronce,True,False,False,0,0,0.0,50,0,4,True
34377,México,—,Oro,False,False,True,41,36,19926.0,35,8,9,False
34378,Perú,—,Bronce,False,True,True,5,4,1707.0,26,1,8,True
34379,México,—,Bronce,False,False,True,0,0,0.0,52,26,10,False
34380,México,—,Bronce,True,False,True,2,1,745.0,38,9,9,False
34381,México,—,Bronce,False,True,True,1,0,0.0,10,4,9,True
34382,México,—,Bronce,False,False,True,0,0,0.0,25,0,10,True
34383,Ecuador,—,Bronce,True,False,False,0,0,0.0,19,2,10,True
34384,Ecuador,—,Bronce,True,False,True,3,2,968.0,32,3,7,True
34385,Colombia,Medellín,Bronce,False,False,True,0,0,0.0,18,3,4,True
34386,Colombia,Bogotá D.C.,Bronce,True,False,True,4,2,981.0,30,2,6,True
34387,México,—,Bronce,False,False,True,2,1,558.0,29,2,8,True
34388,Colombia,Armenia,Bronce,False,False,True,0,0,0.0,4,8,9,False
34389,Perú,—,Bronce,True,False,True,1,0,0.0,27,1,8,True
34390,México,—,Bronce,False,True,True,0,0,0.0,8,8,5,False
34391,Perú,—,Bronce,True,False,True,2,1,366.0,11,5,10,True
34392,Chile,—,Bronce,False,True,True,1,0,0.0,27,8,10,False
34393,Ecuador,—,Bronce,False,True,False,0,0,0.0,27,8,7,False
34394,Colombia,Pasto,Bronce,False,False,True,1,0,0.0,49,2,9,True
34395,Colombia,Cali,Bronce,True,True,True,2,1,681.0,13,9,10,False
34396,Colombia,Barranquilla,Bronce,True,False,True,2,1,368.0,22,3,10,True
34397,México,—,Plata,False,False,True,10,6,2614.0,28,4,5,True
34398,Colombia,Bogotá D.C.,Bronce,True,False,True,4,3,1321.0,45,12,7,False
34399,México,—,Bronce,False,False,True,0,0,0.0,18,4,10,True
34400,Chile,—,Bronce,False,False,True,6,3,1830.0,8,4,8,True
34401,Colombia,Cali,Bronce,True,True,True,0,0,0.0,12,13,9,False
34402,Colombia,Bogotá D.C.,Bronce,False,False,True,6,5,2642.0,10,9,7,False
34403,México,—,Bronce,False,False,True,5,3,2080.0,23,2,8,True
34404,Colombia,Armenia,Bronce,False,False,True,1,0,0.0,50,13,9,False
34405,Colombia,Pereira,Bronce,True,True,True,0,0,0.0,39,13,10,False
34406,Uruguay,—,Bronce,False,False,False,0,0,0.0,84,9,3,False
34407,Colombia,Otras ciudades,Bronce,False,False,True,2,1,457.0,8,1,7,True
34408,Colombia,Medellín,Bronce,True,True,True,0,0,0.0,32,6,5,True
34409,Colombia,Sincelejo,Bronce,False,False,True,1,0,0.0,13,1,7,True
34410,Colombia,Bogotá D.C.,Bronce,False,True,True,0,0,0.0,6,3,6,True
34411,Ecuador,—,Bronce,True,False,True,4,3,1343.0,26,4,6,True
34412,México,—,Bronce,True,False,False,5,3,1572.0,7,1,4,True
34413,Colombia,Otras ciudades,Bronce,False,False,False,0,0,0.0,1,4,10,True
34414,Colombia,Otras ciudades,Bronce,True,False,False,0,0,0.0,116,3,9,True
34415,Colombia,Ibagué,Bronce,True,True,True,1,0,0.0,81,5,4,True
34416,México,—,Bronce,False,False,True,6,5,3118.0,13,7,9,False
34417,Colombia,Barranquilla,Bronce,False,False,True,1,0,0.0,84,1,10,True
34418,México,—,Bronce,True,False,True,5,3,1395.0,10,13,6,False
34419,Colombia,Santa Marta,Oro,True,True,True,34,22,12732.0,24,7,10,False
34420,Colombia,Medellín,Bronce,False,False,False,0,0,0.0,39,1,7,True
34421,México,—,Bronce,False,False,True,1,0,0.0,4,5,4,True
34422,México,—,Oro,False,False,False,27,19,7317.0,25,14,8,False
34423,Colombia,Bogotá D.C.,Bronce,False,False,False,0,0,0.0,8,0,9,True
34424,Perú,—,Bronce,True,False,True,0,0,0.0,12,0,8,True
34425,Colombia,Barranquilla,Plata,False,False,True,11,6,3028.0,36,1,6,True
34426,Colombia,Cali,Bronce,True,True,False,0,0,0.0,29,15,5,False
34427,Colombia,Bogotá D.C.,Bronce,True,False,True,1,0,0.0,27,4,6,True
34428,Colombia,Cúcuta,Bronce,True,False,True,6,4,2568.0,57,12,7,False
34429,México,—,Bronce,True,True,True,4,3,1603.0,1,5,5,True
34430,Chile,—,Platino,True,False,True,65,60,29112.0,41,6,10,True
34431,Colombia,Bogotá D.C.,Platino,False,False,True,64,52,23173.0,8,1,5,True
34432,Colombia,Ibagué,Bronce,False,True,False,2,1,420.0,14,14,8,False
34433,México,—,Bronce,False,True,True,1,0,0.0,15,16,6,False
34434,Colombia,Cali,Bronce,True,False,True,0,0,0.0,41,3,10,True
34435,México,—,Plata,False,False,True,12,8,3706.0,28,21,8,False
34436,Colombia,Barranquilla,Bronce,True,True,True,0,0,0.0,12,1,6,True
34437,Colombia,Armenia,Plata,False,False,True,21,15,7305.0,30,6,9,True
34438,Colombia,Cartagena,Bronce,False,False,True,0,0,0.0,77,2,10,True
34439,México,—,Bronce,False,False,True,3,2,859.0,7,5,5,True
34440,Ecuador,—,Bronce,True,False,True,2,1,545.0,49,3,10,True
34441,Colombia,Montería,Bronce,True,False,True,0,0,0.0,49,7,7,False
34442,Uruguay,—,Bronce,False,False,True,2,1,443.0,20,1,10,True
34443,Colombia,Medellín,Bronce,True,False,True,1,0,0.0,39,6,8,True
34444,Colombia,Cali,Bronce,False,True,True,2,1,438.0,14,5,5,True
34445,Uruguay,—,Bronce,False,False,True,2,1,371.0,36,17,10,False
34446,México,—,Plata,False,False,True,17,11,4819.0,19,2,9,True
34447,México,—,Bronce,False,True,False,1,0,0.0,44,7,6,False
34448,México,—,Bronce,False,False,True,0,0,0.0,3,2,2,True
34449,Perú,—,Bronce,True,True,True,3,2,829.0,84,1,8,True
34450,México,—,Bronce,False,False,False,0,0,0.0,1,12,7,False
34451,Colombia,Medellín,Bronce,True,False,True,0,0,0.0,48,4,4,True
34452,Perú,—,Bronce,False,False,False,2,1,462.0,20,2,10,True
34453,Colombia,Bogotá D.C.,Bronce,False,True,True,4,3,1291.0,63,10,9,False
34454,Colombia,Medellín,Bronce,True,True,True,0,0,0.0,3,7,9,False
34455,Colombia,Bogotá D.C.,Bronce,True,False,True,6,5,2274.0,54,0,7,True
34456,Colombia,Bogotá D.C.,Bronce,True,False,True,1,0,0.0,36,2,4,True
34457,Perú,—,Bronce,True,False,False,6,3,1044.0,55,4,5,True
34458,Ecuador,—,Bronce,False,False,True,4,2,1224.0,8,11,9,False
34459,Colombia,Ibagué,Plata,True,False,True,8,5,2084.0,36,8,6,False
34460,Colombia,Manizales,Bronce,False,True,True,6,5,3102.0,49,6,5,True
34461,Colombia,Medellín,Bronce,True,False,True,2,1,582.0,9,1,7,True
34462,México,—,Bronce,True,False,True,3,1,493.0,12,3,10,True
34463,Colombia,Bogotá D.C.,Bronce,True,False,True,0,0,0.0,14,3,8,True
34464,Colombia,Sincelejo,Bronce,False,False,True,2,1,460.0,28,3,6,True
34465,Colombia,Medellín,Plata,False,False,True,19,16,5618.0,42,11,5,False
34466,Colombia,Pasto,Bronce,True,True,False,2,1,536.0,64,0,6,True
34467,Colombia,Bucaramanga,Bronce,False,True,True,1,0,0.0,14,3,9,True
34468,México,—,Bronce,True,False,True,6,4,2424.0,27,3,4,True
34469,México,—,Bronce,False,False,False,0,0,0.0,55,11,10,False
34470,México,—,Bronce,False,False,True,1,0,0.0,4,3,6,True
34471,México,—,Bronce,True,True,True,1,0,0.0,7,4,8,True
34472,Uruguay,—,Bronce,False,True,True,0,0,0.0,16,4,5,True
34473,Colombia,Cali,Bronce,False,False,False,0,0,0.0,26,12,10,False
34474,Colombia,Pasto,Bronce,True,False,True,2,1,504.0,25,4,6,True
34475,Colombia,Barranquilla,Bronce,False,True,True,4,3,1751.0,25,9,10,False
34476,Perú,—,Bronce,True,False,True,0,0,0.0,12,3,8,True
34477,Colombia,Bogotá D.C.,Bronce,True,False,True,0,0,0.0,17,8,10,False
34478,Uruguay,—,Oro,False,False,True,36,30,17405.0,21,6,8,True
34479,Colombia,Medellín,Plata,False,False,True,10,5,2399.0,19,6,6,True
34480,Colombia,Cúcuta,Bronce,False,True,True,3,1,409.0,30,14,5,False
34481,Colombia,Medellín,Bronce,False,False,True,3,1,401.0,20,24,8,False
34482,Colombia,Bogotá D.C.,Bronce,False,True,True,2,1,457.0,25,3,10,True
34483,Colombia,Montería,Bronce,True,False,True,0,0,0.0,114,12,10,False
34484,Colombia,Medellín,Bronce,False,False,True,1,0,0.0,7,3,10,True
34485,Colombia,Santa Marta,Bronce,False,False,True,1,0,0.0,34,2,10,True
34486,Colombia,Armenia,Bronce,False,False,True,0,0,0.0,15,13,4,False
34487,Colombia,Bogotá D.C.,Plata,False,False,True,16,14,6342.0,42,1,6,True
34488,Colombia,Ibagué,Bronce,False,False,True,0,0,0.0,19,20,4,False
34489,Colombia,Cali,Plata,False,False,True,16,12,7162.0,46,1,8,True
34490,Colombia,Bogotá D.C.,Bronce,True,False,True,1,0,0.0,26,2,10,True
34491,Colombia,Barranquilla,Bronce,True,False,True,3,2,980.0,16,7,9,False
34492,México,—,Bronce,False,False,True,5,4,1313.0,31,6,10,True
34493,Ecuador,—,Bronce,False,True,True,6,4,2013.0,30,0,7,True
34494,Colombia,Medellín,Bronce,False,False,True,0,0,0.0,19,6,4,True
34495,Colombia,Bogotá D.C.,Bronce,True,False,False,0,0,0.0,46,8,10,False
34496,Colombia,Bogotá D.C.,Bronce,False,False,False,0,0,0.0,13,3,10,True
34497,Colombia,Bucaramanga,Bronce,False,False,True,0,0,0.0,14,8,4,False
34498,Colombia,Pasto,Bronce,True,True,True,1,0,0.0,21,1,0,True
34499,México,—,Bronce,True,True,True,1,0,0.0,21,2,8,True
34500,México,—,Bronce,False,True,True,2,1,538.0,25,0,10,True
34501,México,—,Bronce,True,False,True,3,2,1342.0,35,5,5,True
34502,México,—,Bronce,False,False,True,1,0,0.0,10,9,7,False
34503,Ecuador,—,Bronce,False,True,True,0,0,0.0,3,1,6,True
34504,Colombia,Armenia,Bronce,False,True,False,0,0,0.0,20,12,6,False
34505,México,—,Plata,True,True,True,10,7,3287.0,24,8,6,False
34506,México,—,Bronce,True,True,False,0,0,0.0,11,15,10,False
34507,Colombia,Bogotá D.C.,Bronce,False,True,True,0,0,0.0,11,2,9,True
34508,Colombia,Cali,Bronce,False,False,True,1,0,0.0,12,18,5,False
34509,Colombia,Cúcuta,Bronce,True,False,True,1,0,0.0,54,10,10,False
34510,Colombia,Villavicencio,Bronce,False,True,True,5,3,1552.0,80,0,4,True
34511,Perú,—,Bronce,False,False,True,7,4,1908.0,6,22,10,False
34512,Colombia,Barranquilla,Bronce,True,False,True,0,0,0.0,5,4,5,True
34513,Colombia,Medellín,Bronce,True,True,True,3,2,763.0,5,1,0,True
34514,Colombia,Medellín,Bronce,False,False,True,1,0,0.0,10,2,7,True
34515,Colombia,Otras ciudades,Bronce,False,True,True,2,1,583.0,6,1,7,True
34516,Uruguay,—,Bronce,True,False,True,0,0,0.0,17,9,10,False
34517,Colombia,Bogotá D.C.,Bronce,False,False,True,4,3,1890.0,23,13,7,False
34518,Colombia,Bogotá D.C.,Bronce,False,False,True,1,0,0.0,19,5,10,True
34519,Colombia,Medellín,Bronce,True,False,False,4,3,1306.0,22,1,9,True
34520,Colombia,Bogotá D.C.,Plata,True,False,True,8,6,2038.0,127,1,7,True
34521,Colombia,Bucaramanga,Bronce,True,True,True,2,1,453.0,9,2,5,True
34522,Colombia,Neiva,Bronce,False,False,True,5,3,985.0,39,9,9,False
34523,Ecuador,—,Bronce,False,False,False,0,0,0.0,86,16,7,False
34524,Colombia,Valledupar,Bronce,False,False,False,1,0,0.0,40,8,10,False
34525,Chile,—,Bronce,False,False,False,1,0,0.0,16,6,10,True
34526,Colombia,Bogotá D.C.,Bronce,True,True,True,4,2,1143.0,49,2,5,True
34527,Colombia,Barranquilla,Bronce,False,False,True,4,3,1583.0,22,3,5,True
34528,Colombia,Bogotá D.C.,Bronce,False,True,True,1,0,0.0,1,1,4,True
34529,Perú,—,Bronce,True,False,True,0,0,0.0,38,5,10,True
34530,Colombia,Bogotá D.C.,Bronce,True,False,True,0,0,0.0,44,8,9,False
34531,Colombia,Otras ciudades,Bronce,False,True,True,0,0,0.0,109,3,8,True
34532,Colombia,Cúcuta,Platino,True,False,True,82,52,22194.0,35,13,9,False
34533,Colombia,Cali,Bronce,False,False,True,1,0,0.0,11,2,3,True
34534,México,—,Bronce,True,True,True,4,3,1857.0,7,4,10,True
34535,Colombia,Bogotá D.C.,Bronce,True,True,True,0,0,0.0,48,5,8,True
34536,Colombia,Bucaramanga,Bronce,True,False,True,2,1,474.0,17,2,6,True
34537,Colombia,Cali,Bronce,True,False,True,0,0,0.0,10,3,8,True
34538,México,—,Bronce,False,True,True,1,0,0.0,39,11,8,False
34539,Colombia,Bogotá D.C.,Bronce,True,False,True,3,2,1100.0,46,0,9,True
34540,México,—,Bronce,False,False,True,3,1,506.0,2,7,7,False
34541,Colombia,Barranquilla,Bronce,True,False,True,3,2,1055.0,26,4,7,True
34542,Colombia,Barranquilla,Bronce,True,False,True,2,1,572.0,38,6,10,True
34543,Colombia,Montería,Bronce,False,False,True,6,4,1930.0,39,2,8,True
34544,Colombia,Bucaramanga,Bronce,True,False,True,1,0,0.0,59,1,9,True
34545,Colombia,Cartagena,Bronce,False,False,True,0,0,0.0,29,7,4,False
34546,Colombia,Santa Marta,Bronce,False,True,True,2,1,405.0,91,2,9,True
34547,Ecuador,—,Bronce,True,True,True,0,0,0.0,7,4,7,True
34548,Colombia,Medellín,Bronce,False,False,True,1,0,0.0,5,1,6,True
34549,México,—,Bronce,False,True,True,1,0,0.0,42,12,10,False
34550,México,—,Bronce,False,False,True,0,0,0.0,42,13,9,False
34551,Colombia,Pasto,Bronce,True,True,True,1,0,0.0,11,4,8,True
34552,Uruguay,—,Plata,True,False,True,12,10,8040.0,40,9,9,False
34553,Colombia,Bogotá D.C.,Bronce,False,False,False,5,3,1555.0,23,4,9,True
34554,Colombia,Bogotá D.C.,Bronce,False,True,True,7,4,1849.0,11,3,9,True
34555,Colombia,Medellín,Bronce,True,True,True,3,2,951.0,10,4,9,True
34556,Colombia,Bogotá D.C.,Bronce,False,False,True,0,0,0.0,6,2,8,True
34557,Colombia,Bogotá D.C.,Bronce,False,False,False,7,5,2474.0,37,13,9,False
34558,Colombia,Cartagena,Bronce,True,True,False,5,3,1126.0,45,2,9,True
34559,México,—,Bronce,True,False,True,0,0,0.0,49,22,7,False
34560,Ecuador,—,Plata,True,True,True,13,8,3197.0,37,25,7,False
34561,Perú,—,Plata,True,False,True,12,8,3716.0,30,16,6,False
34562,Colombia,Cartagena,Bronce,False,False,True,1,0,0.0,11,6,10,True
34563,Colombia,Otras ciudades,Bronce,False,False,True,3,2,745.0,32,1,6,True
34564,México,—,Bronce,False,False,True,6,4,2011.0,72,3,7,True
34565,Colombia,Bogotá D.C.,Bronce,False,False,False,0,0,0.0,27,1,8,True
34566,México,—,Bronce,False,True,False,0,0,0.0,56,3,9,True
34567,Colombia,Cali,Bronce,True,False,True,1,0,0.0,42,13,10,False
34568,Uruguay,—,Bronce,False,False,True,1,0,0.0,22,8,8,False
34569,Colombia,Otras ciudades,Bronce,False,True,False,5,3,1260.0,39,1,6,True
34570,México,—,Bronce,False,True,True,4,3,1711.0,47,2,9,True
34571,Uruguay,—,Bronce,True,False,True,3,2,493.0,23,4,8,True
34572,Colombia,Bogotá D.C.,Plata,True,True,True,10,9,5052.0,47,20,10,False
34573,Ecuador,—,Bronce,True,True,True,3,2,789.0,12,5,7,True
34574,Colombia,Otras ciudades,Bronce,False,False,False,3,2,1279.0,15,8,10,False
34575,Perú,—,Bronce,True,True,True,2,1,398.0,23,14,7,False
34576,México,—,Oro,False,False,True,25,15,9473.0,8,4,6,True
34577,Uruguay,—,Oro,True,True,True,32,18,8701.0,43,9,6,False
34578,México,—,Plata,False,False,False,17,11,4726.0,13,4,3,True
34579,Colombia,Bogotá D.C.,Bronce,True,True,True,2,1,551.0,29,12,3,False
34580,Ecuador,—,Bronce,False,False,True,4,3,1032.0,34,8,4,False
34581,Colombia,Armenia,Bronce,False,False,True,0,0,0.0,18,1,9,True
34582,Colombia,Cúcuta,Bronce,True,False,False,0,0,0.0,26,2,6,True
34583,Ecuador,—,Bronce,False,False,True,2,1,293.0,6,7,8,False
34584,Colombia,Bogotá D.C.,Bronce,True,False,True,6,4,2390.0,10,5,7,True
34585,Colombia,Bogotá D.C.,Bronce,True,False,True,2,1,702.0,37,11,6,False
34586,Uruguay,—,Bronce,False,False,True,3,2,920.0,16,3,9,True
34587,Colombia,Barranquilla,Bronce,True,False,True,0,0,0.0,5,3,8,True
34588,Colombia,Bogotá D.C.,Bronce,True,True,True,5,3,1840.0,40,6,2,True
34589,Perú,—,Bronce,True,False,True,3,1,305.0,27,7,6,False
34590,Uruguay,—,Bronce,True,True,True,2,1,373.0,18,9,9,False
34591,Colombia,Otras ciudades,Bronce,False,True,True,0,0,0.0,17,2,6,True
34592,Colombia,Medellín,Bronce,False,False,True,0,0,0.0,27,14,8,False
34593,Colombia,Cali,Bronce,False,False,True,3,2,581.0,23,20,7,False
34594,Ecuador,—,Bronce,False,False,True,2,1,500.0,34,10,7,False
34595,México,—,Bronce,False,False,True,7,4,1722.0,27,12,4,False
34596,Colombia,Medellín,Plata,True,True,True,11,10,6700.0,15,5,6,True
34597,Colombia,Bogotá D.C.,Bronce,False,False,False,1,0,0.0,20,10,10,False
34598,México,—,Bronce,False,False,True,0,0,0.0,32,3,8,True
34599,Colombia,Medellín,Platino,False,False,True,63,54,34696.0,49,5,8,True
34600,México,—,Bronce,True,False,True,1,0,0.0,57,24,10,False
34601,Colombia,Manizales,Bronce,True,False,True,3,2,734.0,17,8,6,False
34602,México,—,Bronce,False,False,True,6,3,1462.0,12,4,3,True
34603,Colombia,Cali,Bronce,False,False,True,3,2,1265.0,59,9,9,False
34604,Colombia,Barranquilla,Bronce,False,True,False,0,0,0.0,86,11,9,False
34605,Colombia,Bogotá D.C.,Bronce,False,False,True,0,0,0.0,52,14,8,False
34606,Colombia,Bogotá D.C.,Bronce,True,True,True,0,0,0.0,17,6,4,True
34607,México,—,Bronce,False,True,True,2,1,531.0,14,7,8,False
34608,Perú,—,Bronce,True,False,True,0,0,0.0,8,2,8,True
34609,México,—,Oro,True,False,True,39,22,8929.0,19,2,9,True
34610,México,—,Bronce,False,False,True,0,0,0.0,7,8,8,False
34611,Colombia,Barranquilla,Bronce,False,True,True,0,0,0.0,29,1,10,True
34612,Perú,—,Bronce,False,True,True,5,3,995.0,75,14,7,False
34613,Colombia,Barranquilla,Bronce,True,True,False,0,0,0.0,18,12,7,False
34614,Colombia,Bogotá D.C.,Bronce,True,False,True,0,0,0.0,37,4,8,True
34615,Colombia,Medellín,Bronce,True,True,True,1,0,0.0,39,5,10,True
34616,Colombia,Otras ciudades,Bronce,True,False,True,4,3,1696.0,5,0,6,True
34617,Colombia,Medellín,Plata,False,False,True,8,7,4507.0,49,16,7,False
34618,Ecuador,—,Bronce,False,True,True,4,3,1185.0,98,0,8,True
34619,México,—,Bronce,False,False,True,0,0,0.0,38,4,8,True
34620,Colombia,Bogotá D.C.,Plata,False,False,True,8,4,2249.0,26,3,4,True
34621,Ecuador,—,Bronce,False,False,True,3,2,1078.0,56,4,8,True
34622,Colombia,Cali,Bronce,False,False,True,3,2,682.0,18,1,5,True
34623,Colombia,Bogotá D.C.,Bronce,False,False,True,1,0,0.0,7,1,8,True
34624,México,—,Bronce,True,True,True,1,0,0.0,14,6,6,True
34625,Ecuador,—,Plata,False,False,True,11,9,6614.0,5,18,3,False
34626,Colombia,Medellín,Bronce,True,True,True,0,0,0.0,33,21,6,False
34627,México,—,Bronce,False,False,True,0,0,0.0,34,5,7,True
34628,Colombia,Manizales,Bronce,True,True,True,1,0,0.0,8,4,9,True
34629,México,—,Bronce,False,True,True,5,3,1350.0,34,10,1,False
34630,Ecuador,—,Bronce,False,False,True,2,1,528.0,15,1,10,True
34631,Uruguay,—,Oro,False,True,False,27,19,13639.0,33,14,10,False
34632,Colombia,Bucaramanga,Bronce,True,True,True,6,5,2705.0,21,4,3,True
34633,Ecuador,—,Bronce,True,False,False,1,0,0.0,13,6,5,True
34634,Colombia,Bucaramanga,Bronce,True,False,True,1,0,0.0,11,19,6,False
34635,Ecuador,—,Bronce,False,True,True,0,0,0.0,22,4,7,True
34636,Ecuador,—,Bronce,False,True,True,4,3,1915.0,54,1,10,True
34637,Colombia,Pasto,Bronce,True,False,True,3,2,1021.0,56,5,5,True
34638,México,—,Bronce,False,False,False,0,0,0.0,12,2,7,True
34639,Ecuador,—,Bronce,True,True,False,0,0,0.0,16,0,8,True
34640,Ecuador,—,Bronce,True,True,True,5,3,803.0,76,8,6,False
34641,Colombia,Villavicencio,Bronce,False,True,True,1,0,0.0,23,11,3,False
34642,Colombia,Bogotá D.C.,Bronce,False,True,True,3,1,285.0,25,1,7,True
34643,Chile,—,Bronce,False,True,False,0,0,0.0,18,8,8,False
34644,Colombia,Bogotá D.C.,Bronce,False,False,True,1,0,0.0,79,7,7,False
34645,Colombia,Medellín,Bronce,True,False,True,0,0,0.0,6,0,10,True
34646,Colombia,Bogotá D.C.,Bronce,True,False,True,0,0,0.0,23,3,9,True
34647,México,—,Bronce,False,False,False,1,0,0.0,82,2,10,True
34648,Colombia,Bogotá D.C.,Bronce,False,True,False,1,0,0.0,24,4,5,True
34649,Perú,—,Oro,False,False,False,28,21,5915.0,22,2,10,True
34650,Colombia,Medellín,Bronce,False,False,True,0,0,0.0,19,13,9,False
34651,México,—,Bronce,True,False,False,5,4,2137.0,21,9,10,False
34652,Colombia,Sincelejo,Bronce,False,True,True,0,0,0.0,13,1,6,True
34653,México,—,Bronce,True,False,False,0,0,0.0,7,11,10,False
34654,Colombia,Pereira,Bronce,True,False,False,2,1,521.0,16,9,6,False
34655,Colombia,Villavicencio,Bronce,True,False,True,2,1,512.0,32,14,7,False
34656,Colombia,Bogotá D.C.,Bronce,True,False,True,0,0,0.0,36,10,3,False
34657,Colombia,Popayán,Bronce,False,False,True,2,1,653.0,34,3,3,True
34658,Colombia,Sincelejo,Bronce,True,False,False,0,0,0.0,7,5,7,True
34659,Ecuador,—,Bronce,False,True,True,1,0,0.0,1,3,10,True
34660,Colombia,Bogotá D.C.,Plata,False,False,True,9,7,2743.0,23,21,7,False
34661,Colombia,Medellín,Oro,True,False,True,49,30,13281.0,30,4,7,True
34662,Ecuador,—,Bronce,True,False,False,5,4,1467.0,77,3,3,True
34663,Colombia,Bogotá D.C.,Bronce,True,False,True,0,0,0.0,9,3,9,True
34664,Colombia,Bogotá D.C.,Bronce,True,True,False,0,0,0.0,18,5,10,True
34665,Colombia,Cali,Bronce,True,True,True,1,0,0.0,45,8,6,False
34666,Colombia,Otras ciudades,Bronce,False,False,True,1,0,0.0,6,1,8,True
34667,Colombia,Bucaramanga,Plata,False,False,True,11,9,4668.0,27,7,6,False
34668,Colombia,Bogotá D.C.,Bronce,False,False,False,1,0,0.0,26,1,10,True
34669,Colombia,Otras ciudades,Bronce,True,False,True,1,0,0.0,23,4,8,True
34670,Perú,—,Bronce,True,True,True,1,0,0.0,48,2,5,True
34671,Colombia,Bucaramanga,Bronce,True,False,False,1,0,0.0,52,19,10,False
34672,Colombia,Bogotá D.C.,Bronce,False,False,True,0,0,0.0,2,1,5,True
34673,Colombia,Bogotá D.C.,Bronce,False,False,True,0,0,0.0,43,1,7,True
34674,México,—,Oro,False,False,True,43,32,19442.0,22,3,6,True
34675,Ecuador,—,Plata,True,False,True,24,18,7381.0,34,1,7,True
34676,México,—,Bronce,False,False,False,1,0,0.0,20,5,7,True
34677,Colombia,Villavicencio,Bronce,True,False,True,2,1,522.0,56,2,10,True
34678,México,—,Bronce,False,False,True,0,0,0.0,35,8,6,False
34679,Colombia,Medellín,Bronce,True,True,True,0,0,0.0,67,7,7,False
34680,Ecuador,—,Bronce,False,False,True,1,0,0.0,49,10,6,False
34681,Colombia,Bogotá D.C.,Bronce,True,False,True,0,0,0.0,81,2,8,True
34682,Colombia,Bogotá D.C.,Plata,False,False,False,20,17,8220.0,49,2,9,True
34683,Colombia,Armenia,Bronce,True,False,True,1,0,0.0,14,4,4,True
34684,Colombia,Cali,Platino,True,False,True,287,212,95350.0,23,1,5,True
34685,Colombia,Medellín,Bronce,True,True,False,2,1,315.0,13,10,8,False
34686,Uruguay,—,Bronce,False,False,True,1,0,0.0,20,2,8,True
34687,Colombia,Medellín,Bronce,False,False,True,0,0,0.0,63,3,8,True
34688,Perú,—,Bronce,False,True,True,0,0,0.0,21,1,8,True
34689,Colombia,Bogotá D.C.,Bronce,False,True,True,1,0,0.0,11,0,7,True
34690,Uruguay,—,Bronce,True,False,False,4,3,1938.0,36,5,8,True
34691,Colombia,Cali,Bronce,True,False,True,0,0,0.0,69,2,8,True
34692,Colombia,Bogotá D.C.,Bronce,True,False,True,7,5,2332.0,54,9,6,False
34693,Colombia,Bogotá D.C.,Bronce,True,True,True,1,0,0.0,28,11,8,False
34694,Colombia,Bucaramanga,Oro,False,False,True,34,20,12570.0,4,0,6,True
34695,México,—,Bronce,True,False,False,1,0,0.0,13,3,8,True
34696,México,—,Bronce,False,False,True,0,0,0.0,19,5,4,True
34697,Colombia,Bogotá D.C.,Bronce,False,True,True,1,0,0.0,72,11,8,False
34698,Colombia,Bogotá D.C.,Plata,True,False,True,13,9,4325.0,23,0,7,True
34699,Ecuador,—,Bronce,False,False,False,5,4,1509.0,16,3,9,True
34700,Colombia,Bogotá D.C.,Bronce,True,False,True,5,3,1162.0,9,0,10,True
34701,Uruguay,—,Bronce,False,False,True,2,1,417.0,14,0,10,True
34702,Colombia,Cúcuta,Bronce,True,False,False,0,0,0.0,40,2,10,True
34703,Colombia,Medellín,Bronce,True,True,True,1,0,0.0,10,3,6,True
34704,México,—,Bronce,False,False,True,3,2,856.0,7,1,10,True
34705,Colombia,Bogotá D.C.,Bronce,True,False,True,0,0,0.0,19,7,9,False
34706,Colombia,Bogotá D.C.,Bronce,False,False,True,2,1,512.0,30,9,8,False
34707,Colombia,Medellín,Bronce,False,True,True,3,1,663.0,4,2,8,True
34708,México,—,Bronce,False,False,True,0,0,0.0,5,0,9,True
34709,Ecuador,—,Bronce,False,False,False,0,0,0.0,25,18,6,False
34710,Colombia,Otras ciudades,Bronce,False,True,True,1,0,0.0,51,7,9,False
34711,Colombia,Bogotá D.C.,Bronce,False,False,False,0,0,0.0,15,2,9,True
34712,Colombia,Bogotá D.C.,Plata,False,False,True,17,15,7593.0,43,3,5,True
34713,Colombia,Otras ciudades,Bronce,True,False,True,0,0,0.0,72,8,9,False
34714,Colombia,Montería,Bronce,False,False,True,6,3,1809.0,54,3,9,True
34715,Ecuador,—,Bronce,False,True,False,1,0,0.0,16,9,7,False
34716,Colombia,Bogotá D.C.,Bronce,False,False,True,1,0,0.0,17,10,9,False
34717,Colombia,Medellín,Bronce,False,False,True,0,0,0.0,34,5,9,True
34718,Perú,—,Bronce,False,False,False,0,0,0.0,12,3,7,True
34719,Colombia,Bogotá D.C.,Bronce,True,False,True,3,2,1180.0,11,1,10,True
34720,Colombia,Bogotá D.C.,Bronce,True,False,True,2,1,381.0,64,25,9,False
34721,Colombia,Bogotá D.C.,Bronce,True,False,True,0,0,0.0,45,4,10,True
34722,Colombia,Armenia,Bronce,False,False,True,0,0,0.0,27,2,4,True
34723,Colombia,Manizales,Bronce,False,False,True,0,0,0.0,10,2,7,True
34724,Colombia,Cali,Bronce,True,True,False,1,0,0.0,8,9,6,False
34725,Colombia,Barranquilla,Bronce,False,True,True,1,0,0.0,10,6,9,True
34726,Colombia,Medellín,Bronce,False,False,False,1,0,0.0,9,4,4,True
34727,Ecuador,—,Bronce,True,False,True,6,4,1950.0,29,8,8,False
34728,Colombia,Ibagué,Bronce,False,False,True,3,1,710.0,24,7,8,False
34729,Colombia,Bogotá D.C.,Bronce,False,False,True,5,4,1383.0,5,7,8,False
34730,Colombia,Pasto,Bronce,True,False,True,0,0,0.0,18,2,5,True
34731,Colombia,Cartagena,Bronce,True,False,True,7,5,2959.0,13,0,6,True
34732,Perú,—,Bronce,False,False,True,0,0,0.0,78,2,9,True
34733,Colombia,Medellín,Bronce,True,False,True,1,0,0.0,75,1,7,True
34734,Colombia,Bogotá D.C.,Bronce,True,False,False,1,0,0.0,24,11,10,False
34735,Colombia,Montería,Plata,True,False,True,17,14,5740.0,19,7,6,False
34736,Colombia,Valledupar,Bronce,True,False,True,0,0,0.0,15,0,5,True
34737,Colombia,Cali,Bronce,True,False,True,1,0,0.0,17,8,7,False
34738,Colombia,Medellín,Bronce,True,False,False,1,0,0.0,10,13,7,False
34739,Colombia,Medellín,Bronce,False,False,True,5,3,1347.0,48,6,3,True
34740,Ecuador,—,Bronce,False,True,False,2,1,466.0,15,2,10,True
34741,Colombia,Medellín,Bronce,True,False,True,2,1,570.0,17,1,7,True
34742,Colombia,Medellín,Bronce,False,False,True,1,0,0.0,7,5,7,True
34743,Colombia,Barranquilla,Bronce,True,True,True,5,3,1329.0,30,2,5,True
34744,Colombia,Bogotá D.C.,Bronce,False,True,True,3,2,978.0,26,4,7,True
34745,Colombia,Medellín,Bronce,True,False,True,0,0,0.0,14,9,9,False
34746,Colombia,Pereira,Bronce,False,False,True,2,1,423.0,31,4,10,True
34747,Colombia,Medellín,Bronce,False,True,True,1,0,0.0,9,5,4,True
34748,Colombia,Bogotá D.C.,Bronce,False,False,True,3,2,859.0,42,9,10,False
34749,Uruguay,—,Bronce,False,True,True,2,1,468.0,40,3,0,True
34750,Ecuador,—,Bronce,False,False,True,1,0,0.0,14,5,9,True
34751,México,—,Bronce,False,False,True,4,3,1563.0,36,1,6,True
34752,Colombia,Bogotá D.C.,Bronce,True,True,True,0,0,0.0,30,3,8,True
34753,Colombia,Cartagena,Bronce,False,False,True,0,0,0.0,14,0,10,True
34754,Colombia,Bogotá D.C.,Bronce,False,False,True,5,4,2066.0,19,2,8,True
34755,México,—,Bronce,False,True,True,2,1,492.0,11,3,5,True
34756,Ecuador,—,Bronce,False,False,True,1,0,0.0,74,5,9,True
34757,Colombia,Otras ciudades,Plata,False,True,True,10,8,3108.0,24,5,10,True
34758,Colombia,Bogotá D.C.,Plata,False,False,True,8,5,2709.0,37,8,8,False
34759,Ecuador,—,Plata,False,False,True,12,10,5474.0,25,7,10,False
34760,Colombia,Bogotá D.C.,Bronce,False,False,True,1,0,0.0,19,16,3,False
34761,Ecuador,—,Bronce,False,False,True,3,1,364.0,12,0,10,True
34762,Colombia,Bogotá D.C.,Bronce,True,True,True,3,2,947.0,59,2,5,True
34763,Colombia,Otras ciudades,Bronce,False,False,True,0,0,0.0,52,1,6,True
34764,Perú,—,Bronce,False,False,True,2,1,366.0,13,9,6,False
34765,México,—,Bronce,False,False,True,0,0,0.0,4,3,7,True
34766,México,—,Bronce,True,True,True,5,2,821.0,27,26,10,False
34767,Colombia,Santa Marta,Bronce,False,False,True,0,0,0.0,11,9,9,False
34768,Colombia,Bogotá D.C.,Bronce,False,True,True,0,0,0.0,12,2,9,True
34769,Colombia,Medellín,Bronce,False,False,True,0,0,0.0,47,3,7,True
34770,Colombia,Villavicencio,Bronce,False,False,True,1,0,0.0,40,7,10,False
34771,Colombia,Pasto,Bronce,False,False,True,6,3,1697.0,17,10,8,False
34772,México,—,Bronce,False,False,True,0,0,0.0,36,12,8,False
34773,Colombia,Bogotá D.C.,Bronce,False,False,True,0,0,0.0,14,9,10,False
34774,Ecuador,—,Plata,False,False,True,8,7,2789.0,8,8,7,False
34775,México,—,Bronce,False,True,False,1,0,0.0,28,5,9,True
34776,México,—,Bronce,False,False,True,4,3,1830.0,2,2,9,True
34777,Colombia,Otras ciudades,Bronce,True,False,True,0,0,0.0,11,3,10,True
34778,Colombia,Bogotá D.C.,Bronce,False,False,True,0,0,0.0,15,13,10,False
34779,Colombia,Bogotá D.C.,Bronce,False,True,True,0,0,0.0,19,10,8,False
34780,Colombia,Armenia,Bronce,True,False,True,0,0,0.0,9,9,8,False
34781,México,—,Bronce,False,False,True,0,0,0.0,14,7,4,False
34782,Colombia,Bucaramanga,Bronce,False,False,True,2,1,666.0,24,10,7,False
34783,México,—,Bronce,False,False,True,2,1,624.0,9,1,7,True
34784,Colombia,Bogotá D.C.,Bronce,True,True,False,0,0,0.0,43,11,8,False
34785,México,—,Bronce,False,False,True,0,0,0.0,32,4,4,True
34786,Colombia,Medellín,Bronce,False,False,True,0,0,0.0,18,11,10,False
34787,Colombia,Bucaramanga,Bronce,False,True,True,3,2,492.0,35,1,10,True
34788,Colombia,Otras ciudades,Bronce,True,False,True,1,0,0.0,11,10,8,False
34789,Colombia,Bogotá D.C.,Bronce,True,True,True,0,0,0.0,91,1,9,True
34790,Ecuador,—,Bronce,False,False,False,0,0,0.0,9,2,5,True
34791,Perú,—,Bronce,True,False,True,1,0,0.0,12,0,6,True
34792,Colombia,Bogotá D.C.,Bronce,True,False,True,0,0,0.0,32,3,8,True
34793,México,—,Bronce,False,False,True,0,0,0.0,29,13,0,False
34794,Colombia,Bogotá D.C.,Bronce,True,False,True,2,1,350.0,38,2,8,True
34795,Colombia,Barranquilla,Bronce,False,False,True,2,1,414.0,49,11,3,False
34796,Uruguay,—,Bronce,False,False,True,5,3,1447.0,23,14,9,False
34797,Colombia,Bucaramanga,Bronce,False,False,True,0,0,0.0,13,6,6,True
34798,Colombia,Medellín,Bronce,False,False,True,6,3,1234.0,13,2,9,True
34799,México,—,Bronce,True,False,True,1,0,0.0,33,22,9,False
34800,Colombia,Cali,Bronce,False,False,False,2,1,481.0,50,0,6,True
34801,Ecuador,—,Bronce,True,False,True,0,0,0.0,31,1,4,True
34802,Colombia,Medellín,Plata,False,False,True,13,11,5407.0,20,2,7,True
34803,Colombia,Cali,Plata,False,False,True,16,10,4194.0,5,34,5,False
34804,Colombia,Villavicencio,Bronce,True,False,False,0,0,0.0,10,3,6,True
34805,Colombia,Medellín,Bronce,False,True,True,0,0,0.0,20,3,10,True
34806,Colombia,Bogotá D.C.,Bronce,False,False,False,1,0,0.0,22,14,6,False
34807,Colombia,Bogotá D.C.,Plata,True,False,True,11,8,2871.0,47,7,8,False
34808,Colombia,Bogotá D.C.,Bronce,False,True,True,3,1,391.0,3,2,4,True
34809,Colombia,Bogotá D.C.,Bronce,False,False,False,0,0,0.0,14,5,4,True
34810,Colombia,Montería,Plata,False,True,True,18,15,7397.0,32,3,7,True
34811,Colombia,Medellín,Bronce,False,True,False,6,4,1666.0,48,0,4,True
34812,Uruguay,—,Bronce,False,True,True,0,0,0.0,8,7,7,False
34813,Colombia,Cali,Bronce,True,True,True,0,0,0.0,49,1,7,True
34814,Colombia,Bogotá D.C.,Bronce,True,False,True,2,1,577.0,18,4,5,True
34815,Chile,—,Bronce,False,False,False,7,6,4526.0,43,7,5,False
34816,México,—,Bronce,False,False,False,2,1,501.0,11,1,6,True
34817,Colombia,Cúcuta,Bronce,True,True,True,0,0,0.0,89,13,10,False
34818,Colombia,Bogotá D.C.,Bronce,True,False,True,0,0,0.0,5,1,2,True
34819,Colombia,Bucaramanga,Bronce,False,True,True,0,0,0.0,18,2,10,True
34820,México,—,Bronce,False,False,False,3,2,694.0,22,2,6,True
34821,Colombia,Bogotá D.C.,Bronce,True,False,False,1,0,0.0,26,2,8,True
34822,Colombia,Barranquilla,Bronce,True,False,True,3,2,643.0,13,6,10,True
34823,Chile,—,Plata,True,True,True,9,5,1619.0,19,9,9,False
34824,Colombia,Bucaramanga,Bronce,False,False,True,0,0,0.0,50,14,5,False
34825,Colombia,Medellín,Plata,False,False,True,14,9,3763.0,23,3,7,True
34826,Colombia,Bogotá D.C.,Bronce,False,False,True,1,0,0.0,99,10,10,False
34827,México,—,Bronce,True,True,True,1,0,0.0,5,4,6,True
34828,Perú,—,Bronce,True,False,True,2,1,793.0,48,12,10,False
34829,Colombia,Bogotá D.C.,Plata,False,False,True,8,6,3256.0,32,13,6,False
34830,Ecuador,—,Bronce,False,False,True,0,0,0.0,36,8,10,False
34831,Colombia,Santa Marta,Bronce,False,False,True,0,0,0.0,80,2,8,True
34832,Chile,—,Plata,False,False,False,13,11,3122.0,14,8,10,False
34833,México,—,Bronce,True,False,True,2,1,517.0,12,3,5,True
34834,Colombia,Barranquilla,Bronce,False,False,False,2,1,538.0,11,1,6,True
34835,Colombia,Cali,Bronce,False,False,True,5,3,1429.0,20,7,10,False
34836,Colombia,Medellín,Bronce,False,True,False,0,0,0.0,17,8,7,False
34837,Ecuador,—,Bronce,True,True,True,3,2,893.0,9,0,10,True
34838,Colombia,Otras ciudades,Bronce,True,False,True,1,0,0.0,18,6,10,True
34839,Colombia,Cúcuta,Bronce,False,False,True,0,0,0.0,7,4,10,True
34840,México,—,Bronce,False,False,True,3,2,987.0,33,10,7,False
34841,México,—,Bronce,True,False,False,1,0,0.0,19,9,8,False
34842,Ecuador,—,Bronce,False,True,False,0,0,0.0,4,18,8,False
34843,Colombia,Bogotá D.C.,Bronce,False,True,True,0,0,0.0,23,5,9,True
34844,Colombia,Bogotá D.C.,Bronce,False,False,True,4,2,1160.0,20,6,9,True
34845,Ecuador,—,Bronce,False,True,True,1,0,0.0,14,14,10,False
34846,Colombia,Popayán,Oro,False,True,True,28,24,10066.0,2,7,2,False
34847,Ecuador,—,Oro,False,False,True,34,21,10488.0,17,5,5,True
34848,Colombia,Otras ciudades,Bronce,True,False,True,0,0,0.0,9,5,10,True
34849,Colombia,Bogotá D.C.,Bronce,False,True,True,2,1,655.0,54,14,10,False
34850,Uruguay,—,Plata,True,False,True,8,6,2709.0,28,0,8,True
34851,Ecuador,—,Bronce,True,True,True,0,0,0.0,67,10,2,False
34852,Perú,—,Bronce,False,True,True,1,0,0.0,50,13,3,False
34853,Colombia,Bucaramanga,Bronce,True,True,True,7,4,2600.0,4,3,4,True
34854,Perú,—,Bronce,True,False,True,2,1,173.0,16,6,8,True
34855,Uruguay,—,Bronce,False,False,True,1,0,0.0,14,4,9,True
34856,Colombia,Otras ciudades,Plata,False,True,True,11,6,2788.0,2,4,10,True
34857,Colombia,Ibagué,Bronce,False,False,True,1,0,0.0,5,1,6,True
34858,Colombia,Cúcuta,Bronce,True,False,False,0,0,0.0,32,6,8,True
34859,Colombia,Medellín,Bronce,False,False,True,0,0,0.0,125,3,5,True
34860,Colombia,Bogotá D.C.,Bronce,False,True,False,4,2,1020.0,85,1,5,True
34861,Colombia,Medellín,Bronce,False,False,True,0,0,0.0,8,1,8,True
34862,Colombia,Cali,Bronce,False,True,True,3,2,1249.0,9,8,2,False
34863,Colombia,Bogotá D.C.,Bronce,False,False,False,2,1,524.0,6,0,7,True
34864,Perú,—,Bronce,False,False,True,0,0,0.0,106,2,10,True
34865,Colombia,Bogotá D.C.,Plata,False,False,True,15,11,4784.0,35,8,10,False
34866,Ecuador,—,Bronce,False,False,True,0,0,0.0,3,4,10,True
34867,Perú,—,Bronce,False,True,True,0,0,0.0,4,4,6,True
34868,Uruguay,—,Plata,False,False,True,8,4,1882.0,19,1,7,True
34869,Colombia,Cali,Bronce,True,False,True,4,3,1444.0,25,7,5,False
34870,Colombia,Medellín,Bronce,True,False,True,0,0,0.0,7,2,7,True
34871,Colombia,Bogotá D.C.,Bronce,False,False,True,2,1,472.0,21,5,6,True
34872,Colombia,Cali,Bronce,False,True,True,2,1,419.0,19,1,10,True
34873,Colombia,Medellín,Plata,False,True,True,13,9,4298.0,25,8,9,False
34874,Uruguay,—,Bronce,True,False,False,4,2,938.0,10,3,5,True
34875,México,—,Bronce,True,False,True,4,3,1487.0,57,0,6,True
34876,Ecuador,—,Bronce,False,True,True,0,0,0.0,19,7,8,False
34877,Uruguay,—,Bronce,True,True,True,1,0,0.0,1,2,9,True
34878,Ecuador,—,Bronce,True,False,True,1,0,0.0,12,4,10,True
34879,México,—,Bronce,False,False,True,1,0,0.0,18,1,5,True
34880,Colombia,Bogotá D.C.,Bronce,True,False,True,1,0,0.0,5,12,9,False
34881,Colombia,Otras ciudades,Bronce,False,False,True,1,0,0.0,55,2,8,True
34882,Ecuador,—,Bronce,False,False,True,1,0,0.0,32,4,10,True
34883,Colombia,Otras ciudades,Bronce,False,False,True,7,5,3114.0,55,5,7,True
34884,Colombia,Santa Marta,Bronce,False,False,True,4,2,931.0,122,11,6,False
34885,Colombia,Neiva,Bronce,False,False,True,0,0,0.0,29,1,8,True
34886,Ecuador,—,Bronce,False,False,True,0,0,0.0,23,2,8,True
34887,Perú,—,Bronce,False,True,True,6,3,1431.0,31,2,3,True
34888,México,—,Plata,False,False,True,13,11,6345.0,68,2,10,True
34889,Ecuador,—,Bronce,False,False,True,6,4,2078.0,13,4,5,True
34890,Colombia,Medellín,Bronce,False,False,True,0,0,0.0,12,3,10,True
34891,Colombia,Bogotá D.C.,Bronce,False,False,True,0,0,0.0,91,2,7,True
34892,Chile,—,Bronce,False,True,True,0,0,0.0,28,8,6,False
34893,Colombia,Otras ciudades,Bronce,False,False,False,0,0,0.0,14,3,8,True
34894,Ecuador,—,Bronce,False,True,True,0,0,0.0,76,7,9,False
34895,Colombia,Bogotá D.C.,Bronce,False,False,True,0,0,0.0,48,7,9,False
34896,Colombia,Cúcuta,Bronce,False,False,True,1,0,0.0,9,2,7,True
34897,Colombia,Bogotá D.C.,Bronce,True,False,False,6,5,2226.0,37,5,4,True
34898,Colombia,Villavicencio,Bronce,False,False,True,1,0,0.0,2,2,7,True
34899,Ecuador,—,Bronce,True,True,True,2,1,468.0,21,0,6,True
34900,Colombia,Barranquilla,Bronce,False,False,True,2,1,475.0,27,1,4,True
34901,Colombia,Medellín,Bronce,True,False,True,1,0,0.0,24,21,8,False
34902,Colombia,Cúcuta,Bronce,False,True,True,4,2,1201.0,67,5,10,True
34903,Colombia,Medellín,Bronce,False,False,True,0,0,0.0,6,3,6,True
34904,Colombia,Cali,Bronce,False,True,True,2,1,603.0,56,7,7,False
34905,Colombia,Cali,Bronce,False,False,False,0,0,0.0,28,2,9,True
34906,Chile,—,Bronce,True,True,True,1,0,0.0,26,7,10,False
34907,Chile,—,Bronce,True,False,False,7,5,2347.0,37,13,8,False
34908,Colombia,Bogotá D.C.,Bronce,False,False,True,1,0,0.0,25,1,8,True
34909,Ecuador,—,Bronce,True,False,True,0,0,0.0,69,0,7,True
34910,Colombia,Barranquilla,Bronce,False,True,False,0,0,0.0,55,5,10,True
34911,Colombia,Pereira,Bronce,False,True,True,2,1,720.0,59,0,10,True
34912,Ecuador,—,Bronce,True,False,True,5,3,1405.0,28,2,8,True
34913,Colombia,Bucaramanga,Bronce,True,True,False,1,0,0.0,19,1,9,True
34914,Ecuador,—,Bronce,False,False,True,3,2,1142.0,23,4,5,True
34915,Colombia,Neiva,Bronce,False,False,True,3,2,1529.0,67,5,7,True
34916,Colombia,Bogotá D.C.,Bronce,True,False,False,0,0,0.0,119,5,9,True
34917,Colombia,Barranquilla,Plata,True,False,True,22,14,8581.0,33,3,10,True
34918,Colombia,Bucaramanga,Plata,True,False,True,11,7,3262.0,46,4,6,True
34919,Colombia,Medellín,Bronce,True,False,True,5,3,1480.0,6,6,6,True
34920,Colombia,Bucaramanga,Bronce,False,False,True,1,0,0.0,19,2,6,True
34921,Colombia,Armenia,Bronce,False,False,True,2,1,699.0,4,12,6,False
34922,México,—,Bronce,True,False,False,0,0,0.0,9,1,6,True
34923,Colombia,Medellín,Bronce,False,True,True,0,0,0.0,42,8,8,False
34924,Colombia,Villavicencio,Bronce,True,True,True,1,0,0.0,7,6,8,True
34925,Colombia,Bogotá D.C.,Bronce,False,False,True,0,0,0.0,28,13,10,False
34926,Colombia,Pereira,Bronce,True,False,False,2,1,443.0,6,6,7,True
34927,Colombia,Cali,Bronce,False,False,False,0,0,0.0,20,11,5,False
34928,Colombia,Medellín,Plata,True,False,True,10,7,2433.0,31,6,8,True
34929,Colombia,Armenia,Bronce,False,False,False,0,0,0.0,39,1,8,True
34930,México,—,Bronce,True,False,True,4,2,922.0,22,3,10,True
34931,Ecuador,—,Bronce,False,False,True,0,0,0.0,68,0,8,True
34932,Colombia,Pasto,Bronce,True,True,False,1,0,0.0,1,7,8,False
34933,Perú,—,Bronce,False,False,True,2,1,453.0,66,12,4,False
34934,Colombia,Santa Marta,Bronce,True,False,True,2,1,437.0,5,10,7,False
34935,México,—,Bronce,False,False,True,2,1,411.0,35,10,7,False
34936,Colombia,Bucaramanga,Bronce,False,True,True,2,1,373.0,25,2,0,True
34937,México,—,Bronce,False,False,True,1,0,0.0,38,10,4,False
34938,Colombia,Otras ciudades,Bronce,True,False,True,0,0,0.0,32,0,8,True
34939,Colombia,Ibagué,Plata,True,False,True,14,10,5404.0,34,0,5,True
34940,Colombia,Bogotá D.C.,Bronce,False,True,False,5,3,1508.0,29,9,7,False
34941,México,—,Bronce,False,False,True,5,3,1978.0,82,14,7,False
34942,Perú,—,Bronce,False,False,False,0,0,0.0,16,2,9,True
34943,Perú,—,Bronce,True,False,False,0,0,0.0,24,1,10,True
34944,Colombia,Bogotá D.C.,Bronce,False,True,True,0,0,0.0,25,2,8,True
34945,Colombia,Santa Marta,Bronce,False,False,True,1,0,0.0,47,0,9,True
34946,Colombia,Otras ciudades,Oro,True,False,True,50,38,15213.0,14,5,5,True
34947,Colombia,Medellín,Bronce,True,True,True,2,1,662.0,15,4,8,True
34948,Colombia,Bogotá D.C.,Bronce,True,False,False,0,0,0.0,64,21,8,False
34949,Uruguay,—,Bronce,False,False,True,2,1,622.0,12,6,8,True
34950,México,—,Bronce,False,True,True,7,5,2201.0,44,1,7,True
34951,Colombia,Bogotá D.C.,Bronce,False,True,True,7,5,1680.0,16,7,6,False
34952,Colombia,Pereira,Bronce,False,False,True,0,0,0.0,42,24,4,False
34953,Colombia,Barranquilla,Plata,False,False,True,11,9,5303.0,41,4,8,True
34954,Colombia,Bogotá D.C.,Bronce,False,True,True,2,1,457.0,23,7,6,False
34955,Colombia,Cali,Bronce,False,False,False,1,0,0.0,5,5,8,True
34956,Colombia,Otras ciudades,Bronce,True,True,True,2,1,463.0,31,9,5,False
34957,México,—,Bronce,False,False,True,3,2,1021.0,1,21,7,False
34958,Colombia,Otras ciudades,Bronce,False,False,True,0,0,0.0,16,3,9,True
34959,México,—,Bronce,False,False,False,7,6,1713.0,57,6,8,True
34960,Uruguay,—,Bronce,False,False,True,0,0,0.0,1,4,4,True
34961,Colombia,Otras ciudades,Bronce,True,False,True,1,0,0.0,36,4,4,True
34962,Ecuador,—,Plata,False,True,True,21,18,10866.0,24,11,7,False
34963,Ecuador,—,Bronce,True,False,True,0,0,0.0,19,9,3,False
34964,Colombia,Sincelejo,Plata,False,False,False,9,6,2757.0,7,5,5,True
34965,Colombia,Bogotá D.C.,Plata,True,True,True,12,10,4839.0,87,10,5,False
34966,Colombia,Bogotá D.C.,Plata,False,False,True,9,7,4135.0,20,1,6,True
34967,México,—,Bronce,False,False,True,0,0,0.0,34,4,4,True
34968,México,—,Bronce,True,True,True,2,1,637.0,73,2,7,True
34969,Colombia,Bogotá D.C.,Platino,False,False,True,413,321,176821.0,74,2,7,True
34970,Ecuador,—,Bronce,True,False,True,2,1,650.0,17,5,8,True
34971,Colombia,Medellín,Bronce,True,False,True,1,0,0.0,4,1,6,True
34972,Colombia,Bogotá D.C.,Oro,False,False,True,26,21,7568.0,18,13,6,False
34973,México,—,Bronce,False,False,True,4,3,2002.0,42,3,7,True
34974,Colombia,Bogotá D.C.,Bronce,True,False,True,7,4,1276.0,12,2,7,True
34975,Colombia,Pereira,Plata,False,True,False,14,10,3558.0,98,3,5,True
34976,Colombia,Bogotá D.C.,Bronce,True,False,False,0,0,0.0,35,2,5,True
34977,Colombia,Cali,Bronce,False,True,True,0,0,0.0,23,15,9,False
34978,Colombia,Bucaramanga,Oro,True,False,False,39,34,16332.0,22,16,8,False
34979,Colombia,Bogotá D.C.,Bronce,False,True,True,6,3,1510.0,11,1,10,True
34980,Perú,—,Bronce,False,False,False,6,5,2013.0,26,5,9,True
34981,México,—,Bronce,False,False,True,0,0,0.0,18,2,6,True
34982,Colombia,Cartagena,Bronce,True,False,True,1,0,0.0,28,11,6,False
34983,Colombia,Cali,Plata,False,False,True,21,16,10560.0,37,4,10,True
34984,Colombia,Bogotá D.C.,Bronce,True,False,True,1,0,0.0,11,2,8,True
34985,Colombia,Medellín,Plata,False,True,True,18,10,4923.0,28,1,8,True
34986,Ecuador,—,Bronce,True,False,True,0,0,0.0,36,8,8,False
34987,Colombia,Bogotá D.C.,Bronce,True,False,True,7,4,1346.0,21,4,10,True
34988,Colombia,Bogotá D.C.,Bronce,False,True,True,0,0,0.0,18,3,7,True
34989,Colombia,Medellín,Bronce,True,False,True,1,0,0.0,34,1,7,True
34990,México,—,Bronce,False,False,True,2,1,396.0,4,4,7,True
34991,México,—,Bronce,False,False,False,2,1,613.0,31,5,6,True
34992,Colombia,Bogotá D.C.,Bronce,False,False,True,0,0,0.0,39,6,7,True
34993,Colombia,Ibagué,Plata,True,False,True,8,5,2344.0,19,2,9,True
34994,Perú,—,Bronce,False,True,True,1,0,0.0,31,4,6,True
34995,Ecuador,—,Bronce,True,True,True,3,2,1258.0,14,1,8,True
34996,Colombia,Sincelejo,Bronce,False,False,True,1,0,0.0,24,0,5,True
34997,México,—,Bronce,False,False,True,2,1,281.0,76,11,3,False
34998,Colombia,Bogotá D.C.,Bronce,True,True,True,0,0,0.0,10,6,7,True
34999,México,—,Bronce,False,False,True,1,0,0.0,23,1,6,True
35000,Colombia,Villavicencio,Bronce,False,False,True,7,5,1417.0,7,9,8,False
35001,Colombia,Cali,Bronce,True,False,True,0,0,0.0,4,6,8,True
35002,Colombia,Medellín,Plata,False,False,True,8,6,3785.0,17,5,5,True
35003,Colombia,Cali,Bronce,False,False,True,0,0,0.0,9,8,7,False
35004,Colombia,Bogotá D.C.,Plata,False,False,True,18,12,6514.0,10,6,5,True
35005,Colombia,Valledupar,Bronce,False,False,True,1,0,0.0,89,1,6,True
35006,Ecuador,—,Bronce,False,False,True,0,0,0.0,1,5,9,True
35007,Ecuador,—,Bronce,False,True,True,0,0,0.0,35,10,6,False
35008,Colombia,Cali,Bronce,False,False,False,5,3,1896.0,11,6,7,True
35009,Colombia,Cali,Bronce,True,False,True,4,2,1171.0,20,15,5,False
35010,Ecuador,—,Bronce,True,True,True,0,0,0.0,8,13,4,False
35011,Chile,—,Bronce,True,False,True,1,0,0.0,8,3,9,True
35012,Colombia,Bogotá D.C.,Plata,True,True,True,17,11,7087.0,58,1,8,True
35013,Colombia,Cartagena,Bronce,True,False,True,0,0,0.0,9,15,6,False
35014,Colombia,Bucaramanga,Plata,False,True,False,8,4,1912.0,74,3,10,True
35015,Perú,—,Plata,True,True,True,8,5,3015.0,2,8,8,False
35016,Colombia,Bogotá D.C.,Bronce,True,True,True,0,0,0.0,17,4,10,True
35017,Colombia,Cartagena,Bronce,False,False,True,1,0,0.0,20,1,10,True
35018,Colombia,Valledupar,Bronce,False,False,True,2,1,296.0,15,13,3,False
35019,México,—,Bronce,False,False,True,1,0,0.0,91,2,2,True
35020,Colombia,Santa Marta,Bronce,False,True,True,4,2,1163.0,18,2,7,True
35021,Ecuador,—,Bronce,True,False,True,6,4,2165.0,13,0,9,True
35022,Colombia,Cali,Bronce,False,False,True,4,2,1121.0,3,0,6,True
35023,Colombia,Pasto,Plata,False,True,True,9,6,2446.0,10,1,9,True
35024,Colombia,Bogotá D.C.,Bronce,True,False,True,0,0,0.0,54,1,4,True
35025,México,—,Bronce,True,False,True,0,0,0.0,17,2,8,True
35026,Uruguay,—,Bronce,True,True,True,0,0,0.0,4,2,8,True
35027,Colombia,Bogotá D.C.,Bronce,False,True,True,2,1,421.0,85,5,10,True
35028,Colombia,Medellín,Bronce,True,True,True,6,4,1686.0,3,4,7,True
35029,Colombia,Bogotá D.C.,Bronce,True,False,True,1,0,0.0,25,13,7,False
35030,Chile,—,Oro,False,False,True,39,31,14607.0,50,8,7,False
35031,México,—,Bronce,True,False,True,3,1,595.0,5,2,7,True
35032,Ecuador,—,Bronce,False,True,True,0,0,0.0,58,7,10,False
35033,Colombia,Bogotá D.C.,Bronce,True,False,True,3,2,964.0,17,21,9,False
35034,Colombia,Medellín,Plata,False,False,True,9,7,2581.0,16,2,7,True
35035,Colombia,Bogotá D.C.,Bronce,True,False,True,6,4,2780.0,15,3,4,True
35036,México,—,Bronce,False,False,True,0,0,0.0,14,9,6,False
35037,México,—,Bronce,False,False,True,1,0,0.0,50,9,8,False
35038,México,—,Bronce,False,False,False,2,1,436.0,25,1,6,True
35039,México,—,Bronce,False,True,True,4,3,1578.0,15,2,5,True
35040,Perú,—,Bronce,True,False,True,0,0,0.0,18,1,7,True
35041,México,—,Bronce,True,False,True,3,2,1039.0,33,2,3,True
35042,Colombia,Bogotá D.C.,Bronce,False,False,True,0,0,0.0,13,1,6,True
35043,Colombia,Bogotá D.C.,Bronce,False,True,True,1,0,0.0,29,11,6,False
35044,Colombia,Manizales,Bronce,False,False,False,0,0,0.0,24,5,9,True
35045,Ecuador,—,Plata,False,False,False,9,5,1498.0,11,0,5,True
35046,Colombia,Manizales,Bronce,False,True,True,2,1,508.0,25,5,7,True
35047,México,—,Bronce,False,True,True,2,1,420.0,7,3,10,True
35048,Colombia,Bucaramanga,Bronce,True,False,False,5,3,1288.0,9,6,6,True
35049,Uruguay,—,Bronce,False,False,True,0,0,0.0,24,1,7,True
35050,Perú,—,Bronce,False,True,True,0,0,0.0,17,2,8,True
35051,Colombia,Bucaramanga,Bronce,False,False,False,6,4,1935.0,25,3,8,True
35052,Colombia,Bogotá D.C.,Oro,True,False,True,43,28,14071.0,43,24,5,False
35053,Ecuador,—,Bronce,False,True,True,0,0,0.0,45,4,9,True
35054,Colombia,Bogotá D.C.,Bronce,True,False,True,7,5,2918.0,17,4,6,True
35055,Colombia,Barranquilla,Bronce,False,False,True,3,2,1198.0,48,9,10,False
35056,México,—,Bronce,False,False,True,5,3,1518.0,63,9,7,False
35057,Colombia,Manizales,Bronce,True,False,False,0,0,0.0,9,7,5,False
35058,Chile,—,Bronce,True,False,True,1,0,0.0,29,6,6,True
35059,Perú,—,Bronce,False,False,True,2,1,502.0,4,5,6,True
35060,Colombia,Barranquilla,Oro,True,False,True,58,49,29250.0,17,5,7,True
35061,México,—,Platino,False,False,True,115,102,44097.0,47,3,7,True
35062,Chile,—,Bronce,False,False,True,0,0,0.0,11,10,7,False
35063,Uruguay,—,Bronce,False,True,True,1,0,0.0,31,6,7,True
35064,Colombia,Cali,Bronce,False,False,True,1,0,0.0,42,2,5,True
35065,Colombia,Medellín,Bronce,True,False,True,0,0,0.0,21,11,10,False
35066,Ecuador,—,Bronce,True,True,True,1,0,0.0,49,6,5,True
35067,Uruguay,—,Bronce,True,True,True,6,5,2392.0,34,8,6,False
35068,Colombia,Cartagena,Bronce,False,False,True,0,0,0.0,16,0,5,True
35069,Colombia,Bogotá D.C.,Bronce,True,True,False,4,2,1051.0,17,10,7,False
35070,Colombia,Villavicencio,Bronce,True,False,False,3,2,1257.0,30,7,10,False
35071,Colombia,Barranquilla,Bronce,False,False,True,2,1,591.0,10,2,9,True
35072,Colombia,Cartagena,Bronce,True,False,True,5,4,1371.0,9,2,5,True
35073,Colombia,Cali,Bronce,False,False,False,0,0,0.0,103,3,7,True
35074,Colombia,Bucaramanga,Bronce,False,True,False,0,0,0.0,1,1,9,True
35075,México,—,Bronce,True,True,True,0,0,0.0,23,2,10,True
35076,Colombia,Barranquilla,Plata,True,True,True,9,5,2906.0,37,1,5,True
35077,Colombia,Medellín,Bronce,True,False,True,0,0,0.0,13,1,5,True
35078,México,—,Oro,False,False,True,26,22,15622.0,49,6,5,True
35079,Colombia,Cartagena,Bronce,False,False,True,4,3,1099.0,23,2,8,True
35080,Perú,—,Bronce,False,False,True,2,1,453.0,19,2,9,True
35081,Chile,—,Bronce,False,False,True,1,0,0.0,27,3,9,True
35082,México,—,Bronce,False,False,True,1,0,0.0,31,13,6,False
35083,México,—,Bronce,True,True,False,0,0,0.0,26,17,3,False
35084,Colombia,Bucaramanga,Plata,False,False,True,11,7,4464.0,7,2,7,True
35085,Perú,—,Bronce,True,False,True,1,0,0.0,1,11,9,False
35086,Colombia,Bucaramanga,Bronce,False,False,True,1,0,0.0,35,2,7,True
35087,Colombia,Cúcuta,Bronce,True,False,True,1,0,0.0,51,3,6,True
35088,Colombia,Cartagena,Bronce,False,True,True,4,3,1351.0,15,6,8,True
35089,Colombia,Bucaramanga,Bronce,False,True,True,1,0,0.0,43,19,5,False
35090,Colombia,Bogotá D.C.,Plata,True,True,True,8,5,2101.0,16,7,7,False
35091,Colombia,Cali,Bronce,True,False,True,2,1,671.0,5,5,10,True
35092,Colombia,Otras ciudades,Bronce,False,True,True,0,0,0.0,2,1,10,True
35093,Colombia,Medellín,Bronce,False,False,True,0,0,0.0,26,7,7,False
35094,Colombia,Bogotá D.C.,Bronce,False,True,True,3,2,1275.0,53,14,4,False
35095,México,—,Bronce,False,False,True,0,0,0.0,96,10,10,False
35096,Colombia,Bogotá D.C.,Bronce,True,True,True,0,0,0.0,7,1,7,True
35097,Colombia,Medellín,Bronce,True,False,True,1,0,0.0,21,9,5,False
35098,Ecuador,—,Bronce,False,False,True,2,1,450.0,33,3,10,True
35099,México,—,Plata,False,False,True,9,7,1919.0,23,6,8,True
35100,Colombia,Otras ciudades,Bronce,True,True,False,4,3,1630.0,7,2,9,True
35101,Colombia,Pereira,Plata,True,False,True,8,4,2600.0,78,2,5,True
35102,Colombia,Bogotá D.C.,Bronce,False,False,True,0,0,0.0,12,13,5,False
35103,Colombia,Cali,Oro,True,True,True,25,19,7859.0,22,4,7,True
35104,Perú,—,Bronce,True,False,True,0,0,0.0,13,3,10,True
35105,México,—,Plata,True,False,True,20,18,7406.0,44,21,7,False
35106,Perú,—,Bronce,False,False,True,0,0,0.0,16,5,9,True
35107,Colombia,Cartagena,Bronce,False,False,True,0,0,0.0,21,12,4,False
35108,México,—,Bronce,True,True,False,4,3,1205.0,22,3,5,True
35109,México,—,Bronce,False,False,False,1,0,0.0,9,3,9,True
35110,Colombia,Bogotá D.C.,Bronce,False,True,False,6,3,1667.0,19,16,8,False
35111,Colombia,Otras ciudades,Bronce,False,False,False,1,0,0.0,25,6,9,True
35112,México,—,Bronce,True,True,True,0,0,0.0,17,10,4,False
35113,Colombia,Bucaramanga,Bronce,False,True,True,1,0,0.0,56,6,9,True
35114,Colombia,Cartagena,Bronce,False,False,False,0,0,0.0,29,0,5,True
35115,México,—,Bronce,False,True,True,0,0,0.0,25,1,8,True
35116,Colombia,Bucaramanga,Bronce,False,False,True,0,0,0.0,4,4,3,True
35117,Uruguay,—,Oro,False,False,False,41,29,12247.0,4,7,9,False
35118,Colombia,Medellín,Bronce,False,False,True,3,1,469.0,2,14,10,False
35119,Ecuador,—,Bronce,False,False,True,0,0,0.0,18,1,8,True
35120,Colombia,Bogotá D.C.,Bronce,False,True,True,0,0,0.0,19,2,4,True
35121,Colombia,Barranquilla,Bronce,True,False,True,3,1,436.0,34,1,6,True
35122,Colombia,Barranquilla,Bronce,True,True,True,1,0,0.0,23,3,1,True
35123,México,—,Bronce,False,True,True,0,0,0.0,27,0,5,True
35124,Colombia,Armenia,Bronce,False,False,True,0,0,0.0,17,3,5,True
35125,Ecuador,—,Bronce,False,False,False,0,0,0.0,48,9,10,False
35126,Colombia,Bogotá D.C.,Bronce,False,True,True,5,3,1375.0,7,3,8,True
35127,Colombia,Bogotá D.C.,Plata,True,True,True,11,7,2254.0,69,3,0,True
35128,Colombia,Medellín,Bronce,False,True,False,5,4,1713.0,36,1,6,True
35129,Colombia,Cúcuta,Bronce,False,False,True,2,1,410.0,16,6,10,True
35130,Colombia,Medellín,Bronce,True,True,False,2,1,388.0,67,3,5,True
35131,México,—,Bronce,False,True,True,1,0,0.0,21,14,4,False
35132,Uruguay,—,Bronce,False,False,True,0,0,0.0,1,14,7,False
35133,Colombia,Otras ciudades,Plata,True,True,True,14,9,4657.0,1,13,4,False
35134,Colombia,Cartagena,Bronce,False,False,True,0,0,0.0,35,5,7,True
35135,México,—,Bronce,True,True,True,1,0,0.0,27,0,10,True
35136,México,—,Bronce,True,False,True,1,0,0.0,16,1,10,True
35137,Colombia,Bogotá D.C.,Bronce,True,True,True,2,1,384.0,52,5,9,True
35138,Perú,—,Bronce,True,False,True,1,0,0.0,38,5,6,True
35139,México,—,Plata,False,False,True,8,6,3049.0,44,3,9,True
35140,Colombia,Medellín,Plata,True,False,True,24,15,6959.0,30,3,9,True
35141,Colombia,Bogotá D.C.,Plata,False,True,True,9,5,2261.0,43,10,6,False
35142,Perú,—,Bronce,True,False,True,3,2,926.0,51,7,10,False
35143,México,—,Bronce,True,False,True,1,0,0.0,23,13,7,False
35144,Colombia,Medellín,Bronce,True,False,True,7,5,2732.0,16,1,4,True
35145,Perú,—,Bronce,True,True,False,0,0,0.0,16,4,10,True
35146,México,—,Bronce,True,False,True,2,1,638.0,38,4,10,True
35147,México,—,Bronce,True,False,True,6,4,2675.0,12,1,7,True
35148,Colombia,Cúcuta,Plata,False,False,True,9,7,3228.0,35,4,8,True
35149,México,—,Bronce,False,False,False,1,0,0.0,14,4,8,True
35150,Colombia,Otras ciudades,Bronce,True,False,True,7,4,2140.0,58,11,5,False
35151,Colombia,Bogotá D.C.,Bronce,True,True,True,6,3,1293.0,49,10,7,False
35152,Colombia,Manizales,Bronce,False,False,True,0,0,0.0,45,1,2,True
35153,Colombia,Manizales,Plata,True,False,True,8,5,2563.0,22,0,9,True
35154,Colombia,Bogotá D.C.,Bronce,False,False,True,0,0,0.0,5,0,7,True
35155,Colombia,Otras ciudades,Bronce,True,False,True,4,2,912.0,9,1,7,True
35156,Colombia,Bogotá D.C.,Bronce,True,False,True,2,1,521.0,19,0,10,True
35157,Colombia,Otras ciudades,Bronce,True,True,True,1,0,0.0,11,1,10,True
35158,México,—,Bronce,False,True,True,1,0,0.0,28,9,8,False
35159,México,—,Bronce,False,False,True,0,0,0.0,11,10,8,False
35160,Colombia,Santa Marta,Bronce,True,False,True,2,1,523.0,139,6,9,True
35161,Colombia,Ibagué,Bronce,False,True,True,0,0,0.0,17,1,7,True
35162,Colombia,Bogotá D.C.,Oro,False,False,True,25,17,8992.0,13,0,10,True
35163,México,—,Bronce,True,False,True,0,0,0.0,13,15,10,False
35164,Colombia,Montería,Bronce,False,False,True,2,1,573.0,58,6,8,True
35165,Colombia,Bogotá D.C.,Bronce,True,True,True,1,0,0.0,11,6,6,True
35166,Perú,—,Bronce,True,False,True,0,0,0.0,28,12,7,False
35167,Colombia,Medellín,Bronce,False,False,True,1,0,0.0,14,6,5,True
35168,Colombia,Medellín,Plata,False,False,False,22,20,8719.0,46,4,6,True
35169,Colombia,Bogotá D.C.,Bronce,False,False,True,4,2,808.0,37,8,3,False
35170,Ecuador,—,Bronce,False,True,True,0,0,0.0,13,7,6,False
35171,Colombia,Bogotá D.C.,Bronce,True,False,True,0,0,0.0,9,2,10,True
35172,Colombia,Bogotá D.C.,Bronce,True,False,False,0,0,0.0,19,16,6,False
35173,Colombia,Medellín,Bronce,False,False,False,1,0,0.0,4,9,7,False
35174,Colombia,Bucaramanga,Bronce,False,False,True,3,2,643.0,85,9,9,False
35175,Colombia,Pereira,Bronce,True,True,True,0,0,0.0,28,14,4,False
35176,Colombia,Montería,Oro,False,True,True,34,28,16354.0,18,10,8,False
35177,Colombia,Bogotá D.C.,Bronce,False,True,True,0,0,0.0,36,7,6,False
35178,Colombia,Bogotá D.C.,Bronce,True,True,True,1,0,0.0,31,3,5,True
35179,Colombia,Bogotá D.C.,Oro,True,True,True,54,41,17084.0,40,3,10,True
35180,Colombia,Bogotá D.C.,Bronce,True,False,True,0,0,0.0,23,2,10,True
35181,Colombia,Montería,Bronce,True,True,True,0,0,0.0,28,1,9,True
35182,Ecuador,—,Oro,True,True,True,41,29,18730.0,43,0,8,True
35183,Colombia,Bucaramanga,Bronce,True,False,True,0,0,0.0,31,1,7,True
35184,Colombia,Otras ciudades,Bronce,False,False,True,2,1,540.0,93,2,10,True
35185,México,—,Bronce,True,False,True,3,2,496.0,18,4,6,True
35186,México,—,Bronce,True,True,True,0,0,0.0,48,4,9,True
35187,Colombia,Cúcuta,Plata,True,True,False,8,5,2536.0,23,6,10,True
35188,Colombia,Villavicencio,Bronce,True,True,True,1,0,0.0,9,3,2,True
35189,Colombia,Medellín,Plata,False,False,False,11,8,2686.0,15,3,8,True
35190,Colombia,Manizales,Platino,False,False,True,88,60,25952.0,20,7,5,False
35191,Colombia,Bucaramanga,Bronce,False,True,True,1,0,0.0,29,16,5,False
35192,Colombia,Barranquilla,Bronce,False,False,True,1,0,0.0,16,26,5,False
35193,México,—,Bronce,False,False,False,1,0,0.0,16,3,8,True
35194,Colombia,Medellín,Bronce,False,False,True,1,0,0.0,20,2,8,True
35195,Uruguay,—,Bronce,False,False,True,4,3,1913.0,21,2,8,True
35196,Colombia,Bogotá D.C.,Bronce,True,False,True,0,0,0.0,27,3,4,True
35197,Perú,—,Bronce,False,True,False,2,1,565.0,71,3,6,True
35198,Colombia,Medellín,Bronce,True,True,True,5,4,1426.0,11,1,7,True
35199,Colombia,Medellín,Plata,False,False,True,10,7,3303.0,9,10,2,False
35200,Colombia,Bogotá D.C.,Bronce,False,False,True,2,1,377.0,20,40,10,False
35201,Colombia,Armenia,Plata,False,True,True,8,6,3225.0,3,5,8,True
35202,Colombia,Barranquilla,Plata,True,False,True,9,7,2532.0,28,7,5,False
35203,Uruguay,—,Bronce,False,False,True,0,0,0.0,44,3,6,True
35204,Colombia,Otras ciudades,Bronce,False,False,True,0,0,0.0,22,2,9,True
35205,Colombia,Barranquilla,Bronce,False,False,True,0,0,0.0,48,3,7,True
35206,Colombia,Cartagena,Bronce,False,False,True,6,4,1205.0,23,12,7,False
35207,Ecuador,—,Bronce,False,False,True,0,0,0.0,29,2,6,True
35208,Colombia,Cúcuta,Bronce,False,True,True,1,0,0.0,12,13,9,False
35209,Colombia,Bogotá D.C.,Bronce,True,True,True,2,1,581.0,14,12,10,False
35210,Colombia,Medellín,Bronce,False,False,True,5,4,1780.0,9,1,8,True
35211,Colombia,Cúcuta,Bronce,True,False,True,0,0,0.0,4,4,6,True
35212,México,—,Bronce,True,False,True,5,3,1308.0,25,6,8,True
35213,Colombia,Cali,Bronce,True,True,True,5,3,1444.0,24,4,4,True
35214,México,—,Bronce,False,False,False,0,0,0.0,46,6,4,True
35215,Colombia,Otras ciudades,Bronce,False,False,True,6,3,1691.0,29,4,7,True
35216,Colombia,Ibagué,Bronce,False,True,False,5,4,2684.0,50,0,8,True
35217,México,—,Bronce,True,False,True,5,4,1557.0,43,5,7,True
35218,Colombia,Valledupar,Bronce,False,False,True,0,0,0.0,28,6,2,True
35219,México,—,Bronce,True,False,False,3,2,800.0,48,4,7,True
35220,Colombia,Medellín,Bronce,False,False,False,0,0,0.0,28,4,8,True
35221,México,—,Bronce,False,False,True,0,0,0.0,37,15,3,False
35222,Colombia,Pasto,Bronce,False,False,True,0,0,0.0,2,7,7,False
35223,Colombia,Bogotá D.C.,Bronce,True,False,True,0,0,0.0,18,3,7,True
35224,Colombia,Medellín,Bronce,True,False,False,0,0,0.0,32,9,10,False
35225,Colombia,Bogotá D.C.,Bronce,False,False,True,3,2,1294.0,19,4,8,True
35226,Colombia,Barranquilla,Platino,True,False,True,120,96,34420.0,38,0,10,True
35227,Colombia,Cali,Bronce,False,False,False,0,0,0.0,26,8,7,False
35228,Colombia,Pasto,Bronce,True,True,False,0,0,0.0,7,4,9,True
35229,México,—,Bronce,False,False,False,2,1,522.0,6,20,8,False
35230,Ecuador,—,Bronce,True,True,True,0,0,0.0,47,7,7,False
35231,Colombia,Cali,Plata,True,True,True,9,6,3387.0,38,2,7,True
35232,México,—,Bronce,True,False,False,0,0,0.0,9,2,4,True
35233,Colombia,Otras ciudades,Bronce,True,False,False,1,0,0.0,32,9,5,False
35234,Colombia,Cali,Bronce,False,False,True,0,0,0.0,41,7,10,False
35235,Colombia,Bogotá D.C.,Bronce,False,True,True,1,0,0.0,17,6,8,True
35236,Uruguay,—,Bronce,True,False,True,0,0,0.0,9,5,6,True
35237,Colombia,Bogotá D.C.,Bronce,False,False,True,0,0,0.0,62,1,8,True
35238,Colombia,Bogotá D.C.,Bronce,True,False,True,4,2,964.0,77,5,6,True
35239,Perú,—,Platino,False,False,True,203,146,93009.0,32,3,4,True
35240,Perú,—,Plata,True,True,True,16,9,5413.0,17,5,8,True
35241,Ecuador,—,Bronce,True,True,True,0,0,0.0,17,1,7,True
35242,Colombia,Montería,Bronce,False,True,True,1,0,0.0,75,11,9,False
35243,Colombia,Medellín,Bronce,False,True,True,0,0,0.0,31,9,3,False
35244,Perú,—,Bronce,True,True,False,0,0,0.0,20,12,9,False
35245,Perú,—,Bronce,True,False,True,0,0,0.0,17,6,10,True
35246,Colombia,Montería,Bronce,False,True,True,2,1,456.0,25,4,8,True
35247,Colombia,Medellín,Bronce,True,False,True,2,1,384.0,38,1,10,True
35248,Colombia,Bogotá D.C.,Bronce,False,False,True,7,4,2690.0,50,0,10,True
35249,Colombia,Cali,Bronce,True,False,False,7,4,2460.0,88,13,7,False
35250,Ecuador,—,Bronce,False,False,True,2,1,763.0,5,1,8,True
35251,Colombia,Cali,Bronce,True,False,True,1,0,0.0,8,5,8,True
35252,México,—,Plata,False,False,True,14,10,4719.0,28,9,8,False
35253,Colombia,Bogotá D.C.,Bronce,False,True,True,2,1,474.0,43,3,6,True
35254,Perú,—,Bronce,True,True,True,4,3,1438.0,57,2,7,True
35255,Colombia,Bogotá D.C.,Bronce,True,False,False,1,0,0.0,16,15,3,False
35256,México,—,Bronce,False,False,True,1,0,0.0,32,4,5,True
35257,Colombia,Bogotá D.C.,Bronce,False,False,True,0,0,0.0,12,0,5,True
35258,Ecuador,—,Plata,False,False,True,12,7,3573.0,23,4,6,True
35259,Colombia,Villavicencio,Bronce,True,False,True,2,1,451.0,9,2,4,True
35260,Colombia,Cali,Bronce,True,False,False,3,2,1052.0,10,10,9,False
35261,Colombia,Otras ciudades,Bronce,False,False,True,2,1,304.0,22,12,10,False
35262,Colombia,Ibagué,Plata,True,True,True,14,11,3980.0,63,0,8,True
35263,Colombia,Medellín,Platino,False,True,True,84,74,61440.0,26,0,9,True
35264,México,—,Bronce,True,False,True,2,1,307.0,23,0,10,True
35265,Colombia,Montería,Bronce,False,True,False,1,0,0.0,32,1,6,True
35266,Perú,—,Bronce,True,False,False,0,0,0.0,10,7,6,False
35267,Colombia,Bogotá D.C.,Bronce,True,True,True,6,4,1690.0,59,10,5,False
35268,Colombia,Pasto,Bronce,False,True,True,1,0,0.0,18,23,9,False
35269,Colombia,Bucaramanga,Bronce,False,False,True,6,4,1540.0,39,4,7,True
35270,Ecuador,—,Bronce,False,True,True,5,4,2126.0,15,3,6,True
35271,Colombia,Medellín,Bronce,True,True,True,4,2,1619.0,51,3,10,True
35272,Colombia,Bogotá D.C.,Bronce,True,True,True,0,0,0.0,9,6,10,True
35273,Colombia,Pereira,Bronce,True,False,True,4,3,1144.0,94,21,9,False
35274,Colombia,Popayán,Oro,False,False,True,33,20,11389.0,31,3,7,True
35275,México,—,Bronce,False,False,True,3,1,445.0,22,8,8,False
35276,México,—,Bronce,False,True,True,4,3,1233.0,6,2,4,True
35277,Ecuador,—,Oro,True,False,True,31,21,15228.0,42,15,6,False
35278,México,—,Bronce,False,False,False,0,0,0.0,33,2,7,True
35279,Colombia,Otras ciudades,Bronce,True,False,True,0,0,0.0,1,5,6,True
35280,Colombia,Bogotá D.C.,Bronce,False,False,True,2,1,440.0,70,2,8,True
35281,Colombia,Villavicencio,Bronce,False,False,True,5,3,1719.0,34,3,8,True
35282,Colombia,Pereira,Bronce,False,False,True,7,5,3793.0,23,2,8,True
35283,Colombia,Medellín,Bronce,False,False,False,3,2,703.0,71,10,9,False
35284,Ecuador,—,Bronce,False,True,False,3,2,632.0,11,2,9,True
35285,México,—,Bronce,False,True,True,7,5,3129.0,30,2,7,True
35286,Ecuador,—,Bronce,False,False,True,2,1,384.0,6,8,7,False
35287,Colombia,Medellín,Bronce,True,False,True,1,0,0.0,28,5,4,True
35288,México,—,Bronce,False,False,True,1,0,0.0,33,1,2,True
35289,México,—,Bronce,False,False,True,2,1,339.0,43,9,4,False
35290,México,—,Bronce,False,True,True,5,2,933.0,17,14,10,False
35291,Colombia,Bogotá D.C.,Bronce,False,False,False,7,5,1580.0,9,4,4,True
35292,México,—,Bronce,False,False,True,0,0,0.0,36,11,8,False
35293,Colombia,Neiva,Bronce,True,False,True,7,6,2597.0,31,1,7,True
35294,Colombia,Bogotá D.C.,Bronce,True,False,True,1,0,0.0,61,11,10,False
35295,México,—,Bronce,False,False,True,0,0,0.0,35,5,6,True
35296,Colombia,Bogotá D.C.,Plata,True,False,True,8,7,2707.0,18,18,9,False
35297,Perú,—,Bronce,False,True,True,1,0,0.0,30,0,4,True
35298,Chile,—,Bronce,True,False,True,1,0,0.0,21,2,8,True
35299,Colombia,Bogotá D.C.,Bronce,True,True,False,3,2,1045.0,28,5,4,True
35300,Colombia,Cali,Bronce,False,False,True,1,0,0.0,33,6,10,True
35301,Colombia,Popayán,Bronce,True,False,True,0,0,0.0,3,2,5,True
35302,Perú,—,Bronce,False,False,True,2,1,420.0,129,5,2,True
35303,Colombia,Villavicencio,Bronce,True,False,False,0,0,0.0,55,3,10,True
35304,Ecuador,—,Bronce,False,True,False,1,0,0.0,71,6,4,True
35305,Colombia,Neiva,Bronce,False,False,True,1,0,0.0,41,12,3,False
35306,Uruguay,—,Bronce,False,True,True,0,0,0.0,70,0,10,True
35307,Colombia,Bogotá D.C.,Bronce,True,False,True,0,0,0.0,2,11,6,False
35308,Colombia,Barranquilla,Plata,True,True,False,13,11,5353.0,14,3,10,True
35309,México,—,Bronce,False,False,True,0,0,0.0,11,3,8,True
35310,Colombia,Valledupar,Bronce,False,False,True,0,0,0.0,75,7,5,False
35311,Colombia,Cali,Bronce,False,False,False,0,0,0.0,36,8,10,False
35312,Colombia,Valledupar,Bronce,False,False,True,0,0,0.0,14,14,10,False
35313,Colombia,Medellín,Bronce,False,False,True,3,1,426.0,66,12,9,False
35314,México,—,Bronce,False,False,True,1,0,0.0,20,1,8,True
35315,Colombia,Popayán,Bronce,False,False,True,1,0,0.0,9,3,6,True
35316,Colombia,Bogotá D.C.,Platino,True,True,True,80,63,19945.0,6,11,8,False
35317,Colombia,Bogotá D.C.,Bronce,True,False,True,2,1,371.0,11,4,8,True
35318,Colombia,Valledupar,Bronce,False,False,True,0,0,0.0,9,5,6,True
35319,Colombia,Bogotá D.C.,Bronce,False,False,False,1,0,0.0,2,0,6,True
35320,México,—,Bronce,False,True,True,0,0,0.0,34,14,6,False
35321,Colombia,Pereira,Bronce,True,False,True,1,0,0.0,20,6,1,True
35322,Colombia,Bogotá D.C.,Bronce,True,False,True,0,0,0.0,43,1,6,True
35323,Colombia,Cúcuta,Bronce,False,True,False,6,4,2154.0,27,6,7,True
35324,Colombia,Otras ciudades,Bronce,False,False,True,4,3,1434.0,34,1,8,True
35325,México,—,Plata,False,False,True,24,19,10737.0,15,2,8,True
35326,Colombia,Otras ciudades,Bronce,False,False,True,1,0,0.0,2,21,10,False
35327,Colombia,Bogotá D.C.,Bronce,False,False,True,1,0,0.0,16,8,5,False
35328,Ecuador,—,Bronce,True,False,True,0,0,0.0,85,4,5,True
35329,Colombia,Medellín,Bronce,False,True,True,0,0,0.0,73,5,6,True
35330,Colombia,Bogotá D.C.,Bronce,True,False,True,2,1,269.0,34,2,7,True
35331,Uruguay,—,Bronce,False,False,True,1,0,0.0,7,3,8,True
35332,Colombia,Bogotá D.C.,Plata,False,False,True,11,8,3870.0,6,1,9,True
35333,Colombia,Bogotá D.C.,Bronce,False,False,True,0,0,0.0,45,1,7,True
35334,Colombia,Bogotá D.C.,Bronce,True,False,False,0,0,0.0,15,9,5,False
35335,Colombia,Bogotá D.C.,Bronce,False,False,True,0,0,0.0,18,3,7,True
35336,México,—,Bronce,False,True,True,1,0,0.0,35,3,5,True
35337,Colombia,Cartagena,Bronce,False,False,True,0,0,0.0,39,7,6,False
35338,Colombia,Santa Marta,Bronce,True,True,True,7,4,1935.0,51,4,10,True
35339,Perú,—,Bronce,True,False,False,0,0,0.0,12,0,5,True
35340,Perú,—,Bronce,False,False,True,1,0,0.0,72,6,6,True
35341,Colombia,Bogotá D.C.,Bronce,False,False,True,2,1,571.0,7,1,5,True
35342,Colombia,Barranquilla,Oro,False,False,True,36,32,12879.0,5,3,3,True
35343,México,—,Plata,True,False,True,9,5,2737.0,8,3,6,True
35344,Ecuador,—,Plata,False,False,True,13,9,4010.0,80,12,8,False
35345,Colombia,Popayán,Oro,False,False,True,31,27,13439.0,38,10,4,False
35346,Colombia,Otras ciudades,Bronce,True,True,True,7,5,2015.0,21,2,3,True
35347,Uruguay,—,Bronce,True,True,True,0,0,0.0,1,4,2,True
35348,Colombia,Cali,Bronce,False,False,True,0,0,0.0,31,8,10,False
35349,Colombia,Bogotá D.C.,Bronce,True,False,True,5,3,1490.0,3,7,8,False
35350,Colombia,Bogotá D.C.,Bronce,False,True,True,0,0,0.0,9,10,6,False
35351,Uruguay,—,Bronce,False,False,True,4,3,1128.0,6,0,9,True
35352,Colombia,Bogotá D.C.,Bronce,False,False,True,4,2,1047.0,15,3,10,True
35353,Colombia,Cali,Bronce,False,False,True,0,0,0.0,59,5,10,True
35354,Perú,—,Bronce,False,False,True,1,0,0.0,17,3,10,True
35355,Colombia,Ibagué,Oro,True,False,True,33,20,5979.0,59,4,10,True
35356,Ecuador,—,Bronce,False,False,True,0,0,0.0,9,4,5,True
35357,Ecuador,—,Bronce,False,False,True,2,1,392.0,13,5,6,True
35358,Colombia,Bogotá D.C.,Bronce,False,True,True,0,0,0.0,14,1,6,True
35359,Colombia,Bogotá D.C.,Plata,True,True,True,15,14,5326.0,15,31,10,False
35360,Uruguay,—,Bronce,False,False,True,1,0,0.0,16,2,5,True
35361,Colombia,Otras ciudades,Bronce,False,False,True,0,0,0.0,86,2,8,True
35362,México,—,Bronce,True,False,False,5,4,2120.0,18,4,10,True
35363,Colombia,Bogotá D.C.,Bronce,False,False,True,1,0,0.0,11,2,7,True
35364,Colombia,Medellín,Bronce,False,False,False,0,0,0.0,5,13,6,False
35365,Colombia,Bogotá D.C.,Bronce,False,False,True,0,0,0.0,36,4,3,True
35366,Colombia,Cartagena,Bronce,True,True,False,0,0,0.0,42,10,6,False
35367,Colombia,Bogotá D.C.,Plata,True,False,True,15,13,4969.0,16,6,8,True
35368,México,—,Bronce,False,False,True,2,1,228.0,43,7,7,False
35369,México,—,Bronce,True,False,True,0,0,0.0,6,10,8,False
35370,Colombia,Montería,Bronce,False,False,True,0,0,0.0,31,3,7,True
35371,Colombia,Bogotá D.C.,Bronce,False,False,True,3,2,1009.0,9,2,7,True
35372,Ecuador,—,Bronce,True,False,True,4,2,1150.0,4,0,4,True
35373,Colombia,Cúcuta,Bronce,True,False,False,4,3,1456.0,43,2,5,True
35374,Colombia,Bogotá D.C.,Bronce,False,False,False,2,1,250.0,10,10,4,False
35375,México,—,Bronce,True,False,True,3,2,638.0,38,5,8,True
35376,México,—,Bronce,False,False,True,6,3,933.0,15,5,6,True
35377,Colombia,Cali,Bronce,False,False,True,6,3,1784.0,2,2,7,True
35378,Colombia,Villavicencio,Bronce,False,True,True,0,0,0.0,27,14,2,False
35379,Colombia,Cali,Bronce,False,False,True,1,0,0.0,28,2,8,True
35380,Uruguay,—,Bronce,False,False,True,1,0,0.0,12,0,8,True
35381,Colombia,Barranquilla,Bronce,True,False,True,0,0,0.0,43,3,6,True
35382,Colombia,Bogotá D.C.,Bronce,True,False,True,4,2,915.0,42,9,5,False
35383,Colombia,Bogotá D.C.,Bronce,False,True,True,0,0,0.0,27,4,10,True
35384,Colombia,Cali,Bronce,False,False,True,1,0,0.0,55,19,8,False
35385,Ecuador,—,Bronce,False,False,True,1,0,0.0,26,6,9,True
35386,Perú,—,Bronce,False,False,True,3,2,913.0,25,2,10,True
35387,Colombia,Bogotá D.C.,Bronce,False,False,True,3,2,1018.0,8,8,3,False
35388,Uruguay,—,Bronce,False,False,True,2,1,428.0,21,3,3,True
35389,Colombia,Bogotá D.C.,Bronce,True,False,True,0,0,0.0,32,2,9,True
35390,Chile,—,Bronce,False,False,True,0,0,0.0,19,12,5,False
35391,Colombia,Otras ciudades,Oro,False,False,True,26,18,10230.0,8,2,9,True
35392,Colombia,Otras ciudades,Bronce,False,False,True,3,2,883.0,28,8,6,False
35393,Colombia,Bucaramanga,Plata,False,False,True,19,14,7172.0,92,14,9,False
35394,Colombia,Barranquilla,Bronce,False,True,True,0,0,0.0,23,11,10,False
35395,Colombia,Bogotá D.C.,Plata,False,False,True,12,10,6727.0,15,3,8,True
35396,Colombia,Armenia,Bronce,False,False,False,0,0,0.0,14,0,8,True
35397,Colombia,Barranquilla,Bronce,True,True,True,3,2,1165.0,79,1,2,True
35398,Ecuador,—,Bronce,True,False,True,0,0,0.0,15,6,10,True
35399,Colombia,Cali,Bronce,True,False,True,1,0,0.0,10,3,6,True
35400,México,—,Oro,True,False,True,26,24,11544.0,66,3,8,True
35401,Colombia,Bogotá D.C.,Bronce,True,True,True,0,0,0.0,29,5,9,True
35402,Ecuador,—,Bronce,False,True,True,1,0,0.0,31,2,10,True
35403,Colombia,Barranquilla,Bronce,False,False,True,1,0,0.0,19,6,10,True
35404,Colombia,Medellín,Bronce,False,False,True,3,1,608.0,9,0,10,True
35405,Ecuador,—,Bronce,True,True,False,1,0,0.0,20,6,10,True
35406,Colombia,Bogotá D.C.,Bronce,True,False,True,1,0,0.0,12,1,9,True
35407,Colombia,Bogotá D.C.,Bronce,True,False,True,1,0,0.0,39,7,8,False
35408,Colombia,Pasto,Bronce,False,False,True,3,2,794.0,62,0,8,True
35409,México,—,Plata,False,False,True,24,21,10711.0,30,11,7,False
35410,Colombia,Medellín,Bronce,True,True,True,0,0,0.0,9,0,5,True
35411,Colombia,Bucaramanga,Bronce,False,False,True,0,0,0.0,33,1,5,True
35412,México,—,Bronce,True,False,False,2,1,543.0,34,8,3,False
35413,Colombia,Medellín,Plata,True,True,True,8,5,2669.0,7,3,7,True
35414,Colombia,Bogotá D.C.,Bronce,False,False,True,0,0,0.0,6,1,10,True
35415,Colombia,Bogotá D.C.,Bronce,False,False,True,0,0,0.0,5,2,10,True
35416,Ecuador,—,Bronce,False,False,False,1,0,0.0,28,5,10,True
35417,Colombia,Otras ciudades,Bronce,False,False,True,1,0,0.0,27,3,7,True
35418,Colombia,Popayán,Bronce,False,False,True,1,0,0.0,17,3,1,True
35419,Colombia,Cali,Bronce,False,False,True,1,0,0.0,23,0,7,True
35420,Uruguay,—,Bronce,True,False,True,1,0,0.0,5,6,7,True
35421,Uruguay,—,Plata,False,True,True,14,9,3660.0,28,11,10,False
35422,México,—,Bronce,False,False,True,0,0,0.0,17,5,6,True
35423,Colombia,Barranquilla,Bronce,False,False,False,0,0,0.0,24,6,6,True
35424,Colombia,Medellín,Platino,False,False,True,60,35,12940.0,2,12,3,False
35425,Colombia,Cali,Bronce,False,True,False,4,3,1632.0,109,2,5,True
35426,Colombia,Cartagena,Bronce,False,True,True,1,0,0.0,65,9,10,False
35427,Colombia,Ibagué,Bronce,True,True,True,2,1,373.0,11,8,8,False
35428,Colombia,Cartagena,Bronce,False,False,True,0,0,0.0,17,6,4,True
35429,Colombia,Cartagena,Bronce,True,False,False,0,0,0.0,22,0,5,True
35430,Colombia,Bogotá D.C.,Bronce,True,False,True,0,0,0.0,55,12,8,False
35431,México,—,Bronce,True,False,True,2,1,446.0,58,2,9,True
35432,Colombia,Bogotá D.C.,Bronce,True,False,True,1,0,0.0,16,10,6,False
35433,Colombia,Medellín,Bronce,False,False,True,1,0,0.0,5,12,9,False
35434,Ecuador,—,Bronce,True,False,True,6,3,1587.0,9,5,8,True
35435,México,—,Bronce,True,False,True,0,0,0.0,29,4,10,True
35436,Colombia,Cartagena,Bronce,False,True,True,3,2,1056.0,44,2,5,True
35437,Colombia,Pereira,Bronce,False,False,True,2,1,493.0,25,4,5,True
35438,Colombia,Manizales,Bronce,True,False,True,5,3,1507.0,73,25,7,False
35439,Colombia,Bogotá D.C.,Bronce,True,True,True,2,1,557.0,18,2,6,True
35440,Colombia,Ibagué,Bronce,False,False,True,0,0,0.0,10,7,8,False
35441,Ecuador,—,Bronce,False,False,True,0,0,0.0,12,2,8,True
35442,México,—,Bronce,True,False,False,1,0,0.0,28,3,5,True
35443,México,—,Bronce,False,False,True,5,4,2174.0,10,3,10,True
35444,Colombia,Medellín,Bronce,False,True,True,0,0,0.0,9,18,9,False
35445,Uruguay,—,Bronce,False,True,True,1,0,0.0,32,8,10,False
35446,Colombia,Pasto,Bronce,False,False,True,4,2,358.0,36,6,8,True
35447,Colombia,Bogotá D.C.,Bronce,False,False,True,2,1,466.0,62,9,9,False
35448,México,—,Bronce,False,True,True,0,0,0.0,53,0,8,True
35449,México,—,Bronce,False,False,True,6,4,2046.0,23,2,8,True
35450,Colombia,Bucaramanga,Bronce,True,False,False,0,0,0.0,22,1,6,True
35451,Colombia,Medellín,Bronce,False,False,True,0,0,0.0,15,14,5,False
35452,Colombia,Bogotá D.C.,Bronce,True,False,True,5,3,1721.0,26,2,5,True
35453,Colombia,Villavicencio,Bronce,False,False,False,0,0,0.0,64,7,9,False
35454,Colombia,Medellín,Bronce,False,False,True,0,0,0.0,60,3,5,True
35455,Colombia,Popayán,Plata,True,False,True,8,7,3879.0,45,0,4,True
35456,Ecuador,—,Plata,False,False,True,23,15,7345.0,46,8,7,False
35457,Colombia,Barranquilla,Bronce,False,False,True,6,5,1867.0,32,3,5,True
35458,Colombia,Pereira,Bronce,True,False,True,2,1,505.0,32,0,10,True
35459,Colombia,Bucaramanga,Bronce,False,True,True,0,0,0.0,23,4,9,True
35460,Colombia,Otras ciudades,Bronce,True,False,True,4,2,797.0,32,1,9,True
35461,México,—,Bronce,True,False,True,1,0,0.0,38,16,7,False
35462,Colombia,Bucaramanga,Bronce,False,True,True,0,0,0.0,11,4,9,True
35463,Colombia,Cartagena,Bronce,False,False,True,4,2,557.0,13,9,8,False
35464,Colombia,Valledupar,Bronce,False,False,False,0,0,0.0,28,0,10,True
35465,México,—,Bronce,False,False,True,3,2,892.0,39,7,8,False
35466,México,—,Bronce,True,False,True,6,5,2112.0,41,1,5,True
35467,Colombia,Manizales,Bronce,True,True,True,1,0,0.0,10,11,8,False
35468,Colombia,Cali,Bronce,False,False,True,0,0,0.0,69,7,8,False
35469,Perú,—,Bronce,True,True,True,0,0,0.0,61,0,9,True
35470,Colombia,Montería,Bronce,False,True,True,7,5,3447.0,28,6,8,True
35471,Colombia,Bogotá D.C.,Bronce,False,False,True,0,0,0.0,53,3,10,True
35472,Colombia,Cali,Bronce,True,True,True,3,2,852.0,44,1,10,True
35473,México,—,Plata,False,False,False,8,6,2388.0,65,10,7,False
35474,México,—,Bronce,True,False,True,1,0,0.0,5,2,10,True
35475,Perú,—,Bronce,True,False,True,1,0,0.0,35,10,9,False
35476,Colombia,Bogotá D.C.,Bronce,False,False,False,4,3,1381.0,8,9,7,False
35477,Colombia,Bucaramanga,Bronce,True,False,True,1,0,0.0,38,2,10,True
35478,México,—,Bronce,True,True,True,3,2,1120.0,1,5,4,True
35479,Colombia,Cartagena,Bronce,False,True,True,1,0,0.0,25,28,8,False
35480,Colombia,Medellín,Platino,True,False,True,200,150,67809.0,4,2,10,True
35481,Perú,—,Bronce,True,False,True,1,0,0.0,44,8,0,False
35482,Colombia,Bogotá D.C.,Bronce,True,False,False,2,1,306.0,26,0,10,True
35483,México,—,Bronce,True,False,True,0,0,0.0,50,8,8,False
35484,Colombia,Medellín,Bronce,False,False,True,1,0,0.0,49,2,4,True
35485,México,—,Bronce,False,True,True,0,0,0.0,18,15,5,False
35486,Uruguay,—,Bronce,False,False,False,0,0,0.0,6,9,9,False
35487,Colombia,Medellín,Bronce,False,True,False,0,0,0.0,17,9,5,False
35488,Colombia,Medellín,Bronce,True,False,True,6,5,2476.0,38,5,5,True
35489,Colombia,Bogotá D.C.,Bronce,False,False,True,2,1,610.0,25,1,7,True
35490,Colombia,Bogotá D.C.,Bronce,False,False,True,7,5,2481.0,48,1,5,True
35491,Colombia,Cali,Bronce,False,False,True,0,0,0.0,82,18,4,False
35492,Colombia,Otras ciudades,Bronce,True,True,True,0,0,0.0,7,7,7,False
35493,México,—,Bronce,True,False,True,2,1,383.0,12,9,6,False
35494,Colombia,Bogotá D.C.,Bronce,False,False,True,1,0,0.0,30,13,6,False
35495,Colombia,Manizales,Bronce,False,True,True,0,0,0.0,38,5,10,True
35496,Colombia,Cali,Bronce,False,False,True,0,0,0.0,15,12,6,False
35497,Colombia,Otras ciudades,Bronce,True,False,True,2,1,396.0,38,0,6,True
35498,Colombia,Bogotá D.C.,Bronce,True,False,True,2,1,323.0,20,8,9,False
35499,Colombia,Bogotá D.C.,Bronce,True,False,True,0,0,0.0,33,3,5,True
35500,Colombia,Bogotá D.C.,Bronce,True,False,False,1,0,0.0,44,3,4,True
35501,Colombia,Cali,Bronce,False,True,True,2,1,532.0,16,1,8,True
35502,Perú,—,Bronce,False,False,True,2,1,401.0,37,0,4,True
35503,México,—,Platino,False,False,True,448,382,169524.0,11,0,4,True
35504,Colombia,Bogotá D.C.,Bronce,False,False,True,0,0,0.0,21,4,9,True
35505,Colombia,Medellín,Bronce,True,False,True,0,0,0.0,12,2,9,True
35506,Colombia,Medellín,Oro,True,False,True,39,30,21151.0,6,5,6,True
35507,México,—,Bronce,True,True,False,4,3,1756.0,18,4,6,True
35508,Colombia,Otras ciudades,Bronce,False,True,True,2,1,497.0,4,16,10,False
35509,Ecuador,—,Bronce,True,False,True,2,1,517.0,10,2,6,True
35510,Colombia,Bogotá D.C.,Bronce,True,False,True,6,3,1103.0,18,2,9,True
35511,Colombia,Medellín,Bronce,True,False,True,5,3,1250.0,20,0,7,True
35512,Colombia,Medellín,Bronce,True,True,True,3,2,1009.0,31,13,10,False
35513,México,—,Bronce,True,False,True,3,2,528.0,5,7,8,False
35514,Colombia,Barranquilla,Bronce,False,True,True,0,0,0.0,3,2,9,True
35515,Colombia,Bogotá D.C.,Bronce,False,False,True,0,0,0.0,35,8,9,False
35516,Colombia,Cartagena,Bronce,False,False,True,0,0,0.0,15,1,6,True
35517,Ecuador,—,Bronce,False,False,False,2,1,665.0,49,6,8,True
35518,Colombia,Santa Marta,Oro,False,False,True,30,19,10124.0,40,7,7,False
35519,México,—,Bronce,False,False,False,3,2,777.0,22,4,7,True
35520,Colombia,Bogotá D.C.,Bronce,True,True,True,0,0,0.0,31,4,9,True
35521,Colombia,Barranquilla,Bronce,True,False,False,0,0,0.0,61,2,6,True
35522,Colombia,Bogotá D.C.,Bronce,False,True,False,6,4,1649.0,6,9,10,False
35523,Perú,—,Bronce,False,False,True,0,0,0.0,74,1,4,True
35524,Colombia,Medellín,Plata,True,True,True,13,8,3468.0,7,4,7,True
35525,Perú,—,Plata,True,False,True,8,4,2281.0,59,6,5,True
35526,Colombia,Bogotá D.C.,Platino,False,False,True,254,159,75100.0,18,1,7,True
35527,Ecuador,—,Bronce,True,False,True,0,0,0.0,18,0,9,True
35528,Colombia,Armenia,Plata,True,False,True,11,7,3103.0,22,4,10,True
35529,México,—,Plata,True,True,False,9,6,3293.0,57,1,8,True
35530,Colombia,Medellín,Plata,False,True,True,15,12,6246.0,3,11,10,False
35531,Colombia,Bogotá D.C.,Bronce,True,False,True,0,0,0.0,21,4,7,True
35532,Colombia,Montería,Bronce,True,False,True,0,0,0.0,58,2,6,True
35533,Colombia,Medellín,Plata,True,False,True,24,17,5448.0,59,10,4,False
35534,Colombia,Bogotá D.C.,Bronce,True,False,True,2,1,527.0,96,4,3,True
35535,Chile,—,Bronce,False,False,False,0,0,0.0,24,19,8,False
35536,México,—,Bronce,True,True,False,0,0,0.0,23,0,7,True
35537,Colombia,Cúcuta,Plata,False,False,True,8,6,3001.0,14,10,8,False
35538,Colombia,Medellín,Bronce,False,False,True,4,3,1536.0,1,4,9,True
35539,Colombia,Santa Marta,Bronce,True,False,True,0,0,0.0,17,4,6,True
35540,Colombia,Cali,Bronce,False,False,True,4,3,1405.0,32,1,7,True
35541,México,—,Bronce,True,False,True,1,0,0.0,42,1,6,True
35542,Colombia,Bogotá D.C.,Oro,True,False,True,45,41,23861.0,39,1,8,True
35543,Colombia,Otras ciudades,Oro,True,False,True,30,19,9879.0,40,9,7,False
35544,Colombia,Popayán,Bronce,False,False,True,0,0,0.0,20,14,8,False
35545,Colombia,Cartagena,Bronce,False,False,True,1,0,0.0,31,5,8,True
35546,Perú,—,Bronce,False,True,False,1,0,0.0,25,3,5,True
35547,México,—,Bronce,False,False,True,0,0,0.0,18,4,7,True
35548,Colombia,Bogotá D.C.,Bronce,True,False,True,0,0,0.0,28,4,9,True
35549,Ecuador,—,Bronce,False,False,True,5,3,1043.0,10,11,4,False
35550,Colombia,Medellín,Bronce,False,True,True,0,0,0.0,13,0,5,True
35551,México,—,Bronce,True,True,True,2,1,629.0,23,3,10,True
35552,México,—,Bronce,True,False,True,2,1,603.0,17,15,7,False
35553,Ecuador,—,Bronce,False,False,False,7,4,2401.0,23,0,6,True
35554,Colombia,Bogotá D.C.,Bronce,False,False,True,0,0,0.0,69,0,6,True
35555,México,—,Bronce,False,False,True,2,1,396.0,51,0,9,True
35556,Perú,—,Plata,False,False,True,15,11,4828.0,62,8,10,False
35557,Ecuador,—,Bronce,True,False,True,5,3,1342.0,24,0,9,True
35558,Uruguay,—,Bronce,False,False,True,1,0,0.0,46,11,7,False
35559,Colombia,Bogotá D.C.,Bronce,True,True,True,0,0,0.0,25,4,6,True
35560,Ecuador,—,Bronce,True,False,True,0,0,0.0,23,6,10,True
35561,Colombia,Otras ciudades,Plata,False,False,False,18,15,5212.0,36,10,9,False
35562,Colombia,Cali,Plata,False,False,True,20,12,7319.0,52,14,6,False
35563,Colombia,Cúcuta,Bronce,False,False,True,7,5,1941.0,46,4,7,True
35564,Colombia,Medellín,Bronce,True,False,False,0,0,0.0,66,5,8,True
35565,Ecuador,—,Bronce,False,False,True,3,2,1029.0,62,1,7,True
35566,Perú,—,Bronce,True,False,True,0,0,0.0,57,10,9,False
35567,Uruguay,—,Bronce,True,False,True,2,1,607.0,7,4,6,True
35568,Colombia,Bucaramanga,Bronce,False,False,True,0,0,0.0,42,1,10,True
35569,México,—,Bronce,False,True,True,0,0,0.0,4,3,8,True
35570,México,—,Bronce,True,True,True,0,0,0.0,17,0,10,True
35571,México,—,Bronce,False,False,True,2,1,363.0,5,7,6,False
35572,Colombia,Bucaramanga,Bronce,False,True,True,4,2,855.0,3,1,9,True
35573,México,—,Bronce,True,False,True,5,4,1058.0,26,1,5,True
35574,Colombia,Cali,Bronce,True,False,False,0,0,0.0,7,3,8,True
35575,Colombia,Otras ciudades,Bronce,False,False,True,0,0,0.0,12,0,8,True
35576,Colombia,Pereira,Bronce,True,True,True,5,3,1949.0,103,3,8,True
35577,Uruguay,—,Bronce,False,False,False,2,1,672.0,20,12,8,False
35578,Colombia,Pereira,Bronce,False,False,True,4,2,925.0,41,6,7,True
35579,Perú,—,Bronce,True,False,True,2,1,555.0,11,3,8,True
35580,Colombia,Cúcuta,Bronce,False,False,True,0,0,0.0,47,4,10,True
35581,Ecuador,—,Bronce,True,True,True,6,3,1841.0,9,2,8,True
35582,Colombia,Medellín,Bronce,True,False,True,0,0,0.0,40,2,2,True
35583,Colombia,Barranquilla,Bronce,False,False,False,0,0,0.0,23,13,10,False
35584,México,—,Bronce,True,False,True,3,2,706.0,42,1,7,True
35585,Colombia,Bogotá D.C.,Bronce,False,False,True,1,0,0.0,30,1,9,True
35586,Ecuador,—,Bronce,True,True,True,1,0,0.0,22,8,6,False
35587,México,—,Bronce,False,True,True,0,0,0.0,10,1,4,True
35588,Colombia,Barranquilla,Bronce,True,False,True,0,0,0.0,37,2,9,True
35589,México,—,Bronce,True,False,True,0,0,0.0,65,3,9,True
35590,Colombia,Medellín,Bronce,True,True,True,0,0,0.0,24,12,7,False
35591,Perú,—,Plata,False,False,True,9,6,2729.0,40,19,7,False
35592,Colombia,Bogotá D.C.,Bronce,True,True,True,5,4,1707.0,6,9,9,False
35593,Colombia,Manizales,Plata,True,True,False,13,11,5861.0,19,5,6,True
35594,Colombia,Bogotá D.C.,Bronce,False,False,True,0,0,0.0,14,1,9,True
35595,Colombia,Otras ciudades,Bronce,True,False,True,2,1,560.0,30,6,6,True
35596,México,—,Plata,True,True,False,12,8,3975.0,8,9,7,False
35597,Colombia,Bucaramanga,Bronce,False,True,True,6,5,1953.0,77,8,6,False
35598,Colombia,Bogotá D.C.,Bronce,False,False,True,0,0,0.0,1,5,6,True
35599,Ecuador,—,Bronce,True,True,True,6,3,1494.0,38,11,5,False
35600,Colombia,Medellín,Bronce,True,True,True,1,0,0.0,25,0,9,True
35601,Colombia,Bogotá D.C.,Bronce,True,False,False,1,0,0.0,8,14,7,False
35602,Ecuador,—,Bronce,False,True,False,0,0,0.0,13,4,10,True
35603,Colombia,Cali,Bronce,True,False,True,2,1,629.0,24,0,7,True
35604,México,—,Bronce,False,False,True,0,0,0.0,6,3,7,True
35605,Colombia,Bogotá D.C.,Bronce,False,True,True,1,0,0.0,3,2,8,True
35606,Colombia,Cartagena,Bronce,False,False,False,2,1,213.0,31,5,4,True
35607,Colombia,Pereira,Bronce,True,False,True,0,0,0.0,106,10,8,False
35608,Colombia,Cali,Bronce,True,False,True,0,0,0.0,27,8,8,False
35609,Ecuador,—,Bronce,False,True,True,1,0,0.0,5,0,9,True
35610,Colombia,Medellín,Bronce,False,False,True,1,0,0.0,14,13,4,False
35611,Colombia,Otras ciudades,Bronce,True,True,True,2,1,611.0,55,3,10,True
35612,Colombia,Medellín,Bronce,False,True,True,1,0,0.0,41,4,9,True
35613,Colombia,Pereira,Bronce,False,False,True,1,0,0.0,32,7,4,False
35614,Colombia,Cali,Bronce,True,True,True,4,2,1414.0,46,1,10,True
35615,Ecuador,—,Bronce,False,False,False,1,0,0.0,16,8,7,False
35616,Colombia,Cúcuta,Bronce,False,True,True,0,0,0.0,7,2,10,True
35617,Colombia,Cali,Bronce,False,False,True,1,0,0.0,13,5,7,True
35618,Colombia,Bogotá D.C.,Bronce,False,False,False,0,0,0.0,24,3,10,True
35619,Colombia,Bucaramanga,Bronce,True,False,True,1,0,0.0,15,0,10,True
35620,Colombia,Valledupar,Bronce,False,False,True,2,1,501.0,38,2,4,True
35621,Colombia,Bogotá D.C.,Bronce,True,False,True,1,0,0.0,29,2,5,True
35622,Colombia,Otras ciudades,Bronce,True,False,True,1,0,0.0,24,8,7,False
35623,Perú,—,Bronce,False,False,True,2,1,428.0,12,3,4,True
35624,México,—,Bronce,False,False,True,0,0,0.0,10,1,4,True
35625,Colombia,Bogotá D.C.,Bronce,False,True,False,1,0,0.0,20,0,8,True
35626,Colombia,Bogotá D.C.,Bronce,True,False,False,0,0,0.0,29,4,5,True
35627,Uruguay,—,Bronce,False,True,True,1,0,0.0,1,6,6,True
35628,Colombia,Bogotá D.C.,Bronce,True,False,True,0,0,0.0,27,0,5,True
35629,México,—,Plata,False,False,True,17,11,5663.0,45,4,3,True
35630,Colombia,Barranquilla,Oro,True,False,True,40,33,15332.0,10,2,8,True
35631,México,—,Bronce,False,False,True,1,0,0.0,16,2,7,True
35632,Colombia,Neiva,Bronce,False,False,True,6,3,1515.0,43,2,6,True
35633,México,—,Bronce,True,True,True,3,2,1241.0,74,4,7,True
35634,Ecuador,—,Bronce,True,False,True,1,0,0.0,11,2,9,True
35635,Colombia,Montería,Bronce,True,False,True,0,0,0.0,14,3,8,True
35636,Ecuador,—,Bronce,True,True,True,0,0,0.0,7,28,10,False
35637,Colombia,Bogotá D.C.,Bronce,False,False,False,0,0,0.0,10,5,5,True
35638,Colombia,Bogotá D.C.,Bronce,False,False,True,0,0,0.0,50,11,5,False
35639,Colombia,Bogotá D.C.,Bronce,False,False,True,1,0,0.0,10,19,5,False
35640,Colombia,Ibagué,Bronce,True,False,True,2,1,595.0,46,3,3,True
35641,Colombia,Barranquilla,Bronce,True,True,True,0,0,0.0,18,19,8,False
35642,México,—,Bronce,False,False,True,2,1,521.0,45,1,9,True
35643,Ecuador,—,Plata,True,False,True,20,16,5045.0,27,6,4,True
35644,México,—,Bronce,True,False,True,2,1,492.0,6,7,7,False
35645,Colombia,Otras ciudades,Bronce,False,True,True,5,4,1868.0,27,1,9,True
35646,Colombia,Medellín,Bronce,False,False,True,2,1,486.0,24,1,4,True
35647,Ecuador,—,Oro,False,False,True,25,19,6373.0,15,1,10,True
35648,Colombia,Bogotá D.C.,Bronce,False,False,True,0,0,0.0,16,2,10,True
35649,México,—,Bronce,True,False,True,0,0,0.0,48,11,10,False
35650,Ecuador,—,Bronce,True,False,True,2,1,497.0,68,0,6,True
35651,México,—,Bronce,False,False,True,0,0,0.0,23,1,7,True
35652,Uruguay,—,Platino,False,False,True,63,56,24365.0,5,11,5,False
35653,Ecuador,—,Plata,False,True,True,11,6,2962.0,27,1,8,True
35654,Colombia,Otras ciudades,Bronce,True,False,True,0,0,0.0,48,0,9,True
35655,Ecuador,—,Bronce,False,True,True,0,0,0.0,16,5,3,True
35656,Colombia,Bogotá D.C.,Bronce,False,True,True,1,0,0.0,15,6,9,True
35657,Colombia,Otras ciudades,Bronce,True,False,True,4,2,1195.0,30,0,10,True
35658,Colombia,Montería,Bronce,True,False,True,0,0,0.0,22,2,8,True
35659,México,—,Bronce,True,True,True,3,2,698.0,16,3,5,True
35660,Ecuador,—,Bronce,True,True,False,0,0,0.0,32,1,5,True
35661,Colombia,Bogotá D.C.,Bronce,False,False,False,0,0,0.0,67,3,8,True
35662,Colombia,Medellín,Bronce,False,False,True,4,3,2132.0,9,14,7,False
35663,Colombia,Medellín,Bronce,False,False,True,1,0,0.0,25,2,8,True
35664,México,—,Bronce,False,True,True,4,3,1639.0,37,11,8,False
35665,Colombia,Bogotá D.C.,Bronce,True,True,False,3,2,1202.0,15,4,8,True
35666,Colombia,Popayán,Bronce,False,True,False,2,1,500.0,5,4,7,True
35667,Uruguay,—,Bronce,True,False,True,3,1,707.0,45,11,9,False
35668,Colombia,Cali,Bronce,False,False,True,6,4,1678.0,51,4,10,True
35669,Colombia,Manizales,Bronce,False,False,True,3,2,796.0,50,10,9,False
35670,Colombia,Bogotá D.C.,Bronce,True,False,True,2,1,381.0,10,5,7,True
35671,Colombia,Cali,Bronce,False,False,True,0,0,0.0,21,7,8,False
35672,Perú,—,Oro,True,False,True,32,23,8374.0,28,11,6,False
35673,México,—,Plata,False,False,True,12,7,4592.0,21,9,5,False
35674,Colombia,Bogotá D.C.,Bronce,True,False,True,3,1,362.0,51,6,4,True
35675,Colombia,Cartagena,Bronce,False,True,True,6,4,2042.0,97,4,6,True
35676,México,—,Bronce,True,False,True,0,0,0.0,23,10,6,False
35677,Colombia,Medellín,Plata,True,False,True,13,8,4745.0,34,13,4,False
35678,Perú,—,Bronce,False,True,True,4,3,1430.0,24,3,8,True
35679,Colombia,Pereira,Bronce,True,True,True,1,0,0.0,17,1,7,True
35680,Colombia,Cali,Bronce,False,False,True,3,2,1031.0,20,6,10,True
35681,México,—,Bronce,False,False,True,1,0,0.0,50,5,8,True
35682,Colombia,Valledupar,Bronce,True,False,True,1,0,0.0,30,3,5,True
35683,Perú,—,Bronce,False,True,False,0,0,0.0,24,5,7,True
35684,Colombia,Otras ciudades,Bronce,True,False,False,0,0,0.0,33,9,9,False
35685,Ecuador,—,Bronce,True,False,False,1,0,0.0,34,0,6,True
35686,Colombia,Bogotá D.C.,Bronce,False,False,True,2,1,437.0,7,5,4,True
35687,Colombia,Cali,Plata,False,False,True,16,14,5896.0,1,3,6,True
35688,Colombia,Neiva,Bronce,True,False,True,5,4,2006.0,48,3,8,True
35689,Colombia,Bogotá D.C.,Bronce,True,False,True,2,1,489.0,17,2,9,True
35690,Colombia,Valledupar,Plata,False,False,True,13,10,6007.0,30,2,5,True
35691,Chile,—,Bronce,True,True,False,1,0,0.0,108,7,9,False
35692,Colombia,Bogotá D.C.,Bronce,False,True,True,3,2,998.0,38,13,2,False
35693,Colombia,Manizales,Bronce,False,False,True,0,0,0.0,14,2,8,True
35694,Colombia,Medellín,Bronce,False,True,True,2,1,380.0,9,5,6,True
35695,Perú,—,Plata,True,False,False,12,8,4519.0,23,2,7,True
35696,Perú,—,Bronce,True,False,False,1,0,0.0,106,9,5,False
35697,Colombia,Bogotá D.C.,Bronce,True,False,False,4,3,1612.0,23,3,6,True
35698,Ecuador,—,Bronce,False,False,True,0,0,0.0,34,5,7,True
35699,México,—,Bronce,True,False,True,0,0,0.0,13,2,10,True
35700,México,—,Bronce,True,False,True,0,0,0.0,57,16,7,False
35701,Perú,—,Bronce,False,False,True,0,0,0.0,3,2,5,True
35702,Uruguay,—,Bronce,False,False,True,7,5,2237.0,37,1,10,True
35703,Colombia,Bogotá D.C.,Plata,True,False,False,8,6,4353.0,4,17,9,False
35704,Colombia,Barranquilla,Bronce,False,False,True,1,0,0.0,49,1,9,True
35705,México,—,Bronce,True,False,True,2,1,560.0,27,2,9,True
35706,México,—,Bronce,False,True,True,0,0,0.0,4,8,6,False
35707,Colombia,Bogotá D.C.,Platino,False,True,True,64,54,26779.0,10,4,10,True
35708,Colombia,Bogotá D.C.,Bronce,False,False,True,0,0,0.0,41,9,10,False
35709,Colombia,Valledupar,Bronce,False,True,True,7,6,4303.0,14,4,5,True
35710,Perú,—,Bronce,True,False,True,0,0,0.0,19,5,7,True
35711,Colombia,Medellín,Bronce,False,False,True,2,1,521.0,15,6,5,True
35712,Uruguay,—,Bronce,False,False,True,0,0,0.0,88,8,7,False
35713,Colombia,Cúcuta,Bronce,False,True,True,0,0,0.0,28,8,3,False
35714,Colombia,Barranquilla,Bronce,False,False,True,3,1,613.0,24,4,7,True
35715,México,—,Bronce,True,False,False,2,1,457.0,2,12,7,False
35716,Colombia,Medellín,Plata,False,True,False,10,8,3020.0,31,0,5,True
35717,Ecuador,—,Bronce,True,True,True,0,0,0.0,6,1,6,True
35718,Ecuador,—,Bronce,False,True,True,4,3,1630.0,24,3,8,True
35719,Colombia,Bogotá D.C.,Bronce,True,True,True,5,3,1078.0,3,1,10,True
35720,Colombia,Ibagué,Bronce,False,False,False,1,0,0.0,8,1,8,True
35721,México,—,Oro,True,True,True,54,33,18978.0,20,3,8,True
35722,Perú,—,Bronce,False,False,True,0,0,0.0,22,0,8,True
35723,Perú,—,Bronce,False,False,True,1,0,0.0,16,12,6,False
35724,Colombia,Montería,Bronce,False,False,True,0,0,0.0,9,1,5,True
35725,México,—,Platino,True,False,True,186,117,51355.0,12,7,10,False
35726,Uruguay,—,Bronce,True,False,True,2,1,450.0,56,4,5,True
35727,Colombia,Bogotá D.C.,Bronce,False,False,True,1,0,0.0,1,3,4,True
35728,Uruguay,—,Plata,False,False,True,15,8,4305.0,12,13,5,False
35729,Colombia,Otras ciudades,Plata,False,False,True,9,7,4717.0,68,9,8,False
35730,Colombia,Medellín,Bronce,True,False,False,0,0,0.0,20,7,5,False
35731,Uruguay,—,Bronce,True,True,True,0,0,0.0,20,9,7,False
35732,Chile,—,Bronce,False,False,True,0,0,0.0,5,9,5,False
35733,Ecuador,—,Bronce,True,False,False,1,0,0.0,34,8,10,False
35734,Ecuador,—,Bronce,False,False,True,1,0,0.0,26,5,8,True
35735,Ecuador,—,Bronce,False,False,True,7,4,2267.0,33,1,4,True
35736,Colombia,Otras ciudades,Bronce,True,True,True,0,0,0.0,34,6,6,True
35737,Colombia,Popayán,Bronce,False,False,True,1,0,0.0,26,3,9,True
35738,México,—,Bronce,True,False,True,0,0,0.0,12,1,5,True
35739,Chile,—,Bronce,False,True,True,1,0,0.0,60,1,5,True
35740,Colombia,Cúcuta,Plata,False,True,True,10,7,3224.0,7,2,6,True
35741,Perú,—,Bronce,False,True,False,0,0,0.0,19,4,10,True
35742,Colombia,Cartagena,Bronce,True,False,True,0,0,0.0,46,6,3,True
35743,Perú,—,Bronce,True,True,True,2,1,390.0,30,10,5,False
35744,Uruguay,—,Bronce,True,False,True,2,1,283.0,40,1,5,True
35745,Colombia,Bogotá D.C.,Bronce,False,False,True,1,0,0.0,46,1,9,True
35746,Colombia,Bogotá D.C.,Bronce,False,True,False,2,1,505.0,18,1,7,True
35747,Colombia,Popayán,Bronce,True,False,True,6,3,1856.0,41,2,4,True
35748,México,—,Bronce,False,True,True,0,0,0.0,38,5,6,True
35749,Uruguay,—,Bronce,True,False,True,1,0,0.0,66,4,10,True
35750,Colombia,Medellín,Bronce,False,False,True,5,4,1454.0,28,3,10,True
35751,Colombia,Bogotá D.C.,Bronce,False,True,True,5,3,1374.0,52,22,6,False
35752,Colombia,Cali,Plata,True,False,True,19,14,5077.0,73,3,6,True
35753,Colombia,Medellín,Bronce,False,False,True,0,0,0.0,46,3,7,True
35754,México,—,Bronce,True,False,True,0,0,0.0,28,3,6,True
35755,Colombia,Sincelejo,Bronce,True,False,True,0,0,0.0,7,4,8,True
35756,Ecuador,—,Bronce,False,False,True,1,0,0.0,20,9,5,False
35757,México,—,Bronce,True,False,True,4,3,1340.0,26,19,10,False
35758,Colombia,Bogotá D.C.,Bronce,True,True,True,7,4,1684.0,13,6,6,True
35759,Colombia,Cali,Bronce,False,True,True,4,3,1498.0,31,3,9,True
35760,Colombia,Bogotá D.C.,Bronce,False,True,True,7,6,2208.0,27,4,9,True
35761,Colombia,Medellín,Bronce,False,True,True,2,1,521.0,11,10,4,False
35762,México,—,Bronce,False,True,False,2,1,475.0,14,4,5,True
35763,Colombia,Santa Marta,Plata,True,False,True,14,11,5876.0,11,3,7,True
35764,Colombia,Medellín,Bronce,False,False,True,0,0,0.0,72,9,10,False
35765,Colombia,Cartagena,Bronce,True,False,True,0,0,0.0,50,0,10,True
35766,Colombia,Cali,Bronce,False,False,True,0,0,0.0,11,6,5,True
35767,Colombia,Otras ciudades,Bronce,False,False,True,2,1,285.0,10,11,5,False
35768,Colombia,Bogotá D.C.,Plata,False,False,True,9,6,2420.0,23,1,10,True
35769,Colombia,Bogotá D.C.,Bronce,True,True,True,2,1,484.0,41,5,10,True
35770,Colombia,Villavicencio,Bronce,True,True,True,5,4,2867.0,15,5,10,True
35771,Colombia,Medellín,Bronce,True,True,False,0,0,0.0,32,4,7,True
35772,Colombia,Bogotá D.C.,Bronce,True,True,False,6,4,1842.0,31,8,8,False
35773,Perú,—,Bronce,True,True,False,2,1,459.0,64,8,4,False
35774,Colombia,Valledupar,Bronce,False,False,False,3,1,526.0,7,0,7,True
35775,Colombia,Ibagué,Bronce,False,False,False,0,0,0.0,13,0,10,True
35776,México,—,Platino,True,True,True,277,167,90607.0,24,2,7,True
35777,México,—,Bronce,True,False,True,0,0,0.0,14,4,5,True
35778,Colombia,Cartagena,Bronce,False,True,True,2,1,414.0,2,11,10,False
35779,Colombia,Bucaramanga,Bronce,True,True,False,0,0,0.0,30,1,8,True
35780,Colombia,Otras ciudades,Bronce,True,False,True,0,0,0.0,48,17,4,False
35781,México,—,Bronce,False,False,False,6,5,2815.0,24,7,8,False
35782,México,—,Bronce,True,False,True,3,2,1018.0,18,2,9,True
35783,México,—,Bronce,False,False,False,2,1,489.0,23,4,10,True
35784,Colombia,Cartagena,Bronce,True,False,False,0,0,0.0,18,11,8,False
35785,Perú,—,Bronce,True,False,False,1,0,0.0,62,3,5,True
35786,Chile,—,Bronce,False,False,True,0,0,0.0,16,7,8,False
35787,Perú,—,Bronce,False,False,True,7,5,2212.0,85,4,7,True
35788,Colombia,Bogotá D.C.,Bronce,True,True,True,0,0,0.0,19,2,8,True
35789,Perú,—,Bronce,False,False,True,2,1,711.0,8,1,7,True
35790,Colombia,Villavicencio,Bronce,False,False,True,3,1,479.0,29,2,10,True
35791,Colombia,Bogotá D.C.,Bronce,True,False,True,3,2,781.0,107,4,10,True
35792,Colombia,Manizales,Bronce,True,False,True,3,1,582.0,17,8,8,False
35793,Colombia,Medellín,Bronce,False,True,True,0,0,0.0,91,3,9,True
35794,Colombia,Bogotá D.C.,Bronce,False,True,True,3,2,1657.0,24,1,5,True
35795,Colombia,Bucaramanga,Bronce,False,True,True,2,1,520.0,26,0,9,True
35796,Colombia,Bogotá D.C.,Bronce,True,False,True,0,0,0.0,79,11,8,False
35797,México,—,Bronce,True,False,True,1,0,0.0,114,3,6,True
35798,Colombia,Bogotá D.C.,Plata,False,True,True,11,7,3318.0,9,10,10,False
35799,Colombia,Santa Marta,Bronce,False,False,False,2,1,488.0,7,0,9,True
35800,Colombia,Manizales,Bronce,False,False,True,2,1,501.0,5,3,7,True
